10.747433 20.283465 33.388889
211.780679 38.697128 60.676240
100.333333 68.235897 55.635897
46.087209 127.087209 69.087209
49.059649 128.336842 73.442105
23.166667 106.166667 140.166667
25.204082 107.496599 141.680272
151.958678 7.958678 6.958678
108.349727 76.065574 65.491803
20.373293 104.138088 138.717754
227.025000 196.525000 88.050000
148.350000 8.583333 7.316667
153.515924 7.044586 7.917197
145.950820 7.815574 6.147541
134.518519 8.648148 7.134615
23.472362 106.261307 140.331658
151.269006 7.269006 6.269006
211.200000 37.200000 60.200000
208.857143 54.482993 59.551020
102.760870 72.152174 60.833333
47.246377 128.246377 70.246377
145.722826 7.423913 5.733696
47.831933 128.831933 71.310924
45.478261 126.434783 68.456522
147.252560 21.771331 16.802920
22.129032 105.129032 139.129032
53.883562 120.109589 67.842466
205.148760 76.975207 59.628099
101.446328 69.564972 58.762712
152.513825 7.887097 7.435484
213.494382 40.258427 62.876404
110.978814 82.563559 70.927966
156.453202 8.453202 6.453202
133.615385 6.015385 4.836735
6.761194 14.097015 31.940299
111.730337 79.365169 69.095506
151.672457 7.672457 6.672457
152.248521 7.715976 7.248521
151.498270 7.519031 6.602076
110.595745 78.595745 67.482270
104.577640 74.118012 62.881988
108.103774 76.103774 65.103774
209.158730 37.158730 59.158730
9.585657 13.721116 31.350598
112.026923 79.773077 69.257692
153.536765 7.536765 8.044118
48.235043 129.235043 71.329060
44.306569 123.476886 66.126521
151.440000 7.440000 6.440000
110.207547 81.207547 73.207547
105.123077 76.000000 65.323077
45.807818 113.355140 67.734375
108.828054 76.828054 65.828054
153.496855 7.716981 5.817035
109.887805 80.419512 72.404878
99.761421 67.758883 56.763959
7.710843 11.204819 27.879518
146.130435 7.253623 6.072464
47.621849 128.537815 70.613445
104.251969 75.086614 63.905512
105.122642 73.194340 62.247170
151.579268 7.579268 6.579268
151.650485 7.834951 6.834951
109.495327 77.495327 66.495327
110.653846 82.400000 72.461538
112.638095 80.638095 69.638095
151.439394 7.439394 6.439394
217.856410 187.487179 78.071795
125.410646 6.690840 6.675556
46.710843 127.710843 69.710843
217.270833 186.281250 78.260417
101.617886 10.508475 14.918699
49.510638 130.170213 75.111702
222.802158 187.517986 87.805755
21.266667 103.786667 137.946667
207.943750 35.943750 57.943750
75.036290 59.206478 58.436000
21.296296 104.296296 138.296296
112.378840 79.505119 70.252560
7.213178 14.173077 31.246154
46.821138 127.821138 69.796748
47.687339 110.670702 68.723971
155.582857 7.582857 5.582857
27.349693 103.165644 134.785276
45.252101 126.252101 68.226891
113.197674 84.197674 76.406977
12.142857 14.972727 29.972727
48.202658 129.189369 72.232558
212.538136 38.991525 60.694915
151.938931 7.938931 6.938931
100.333333 68.028986 57.473430
219.684343 189.255051 81.280303
46.495238 127.495238 69.495238
155.208333 8.578704 6.319444
210.186667 38.186667 60.186667
109.299107 76.982143 66.616071
112.438144 84.391753 73.391753
218.015823 187.607595 78.674051
179.280851 95.896104 59.773399
87.251969 94.149606 68.283465
105.963100 73.963100 62.963100
94.819277 76.614458 60.927711
111.687500 81.180556 71.548611
151.903226 7.903226 6.903226
155.927136 7.927136 5.927136
213.262357 39.247148 61.939163
111.595166 79.229607 69.033233
32.207746 12.145833 27.028369
151.493450 7.493450 6.493450
140.094156 14.408638 9.028070
220.191126 171.276451 80.013699
44.581633 120.658163 64.750000
220.584906 190.792453 82.556604
113.182482 80.240876 71.131387
102.793785 70.375706 60.138418
152.542484 21.068132 14.112867
152.742268 7.195876 7.515464
41.746667 91.011905 57.821429
106.049296 78.021127 66.978873
148.744681 7.260870 6.550562
212.744565 38.744565 61.744565
151.926316 7.926316 6.926316
153.472441 7.472441 7.602362
152.918269 6.918269 7.471154
113.579618 84.579618 76.579618
8.494505 16.494565 29.853261
107.952381 75.515873 64.880952
152.025000 7.800000 6.912500
149.980519 7.240260 6.558442
6.796825 13.873016 31.206349
109.985222 77.985222 66.985222
151.785714 7.785714 6.785714
85.118380 81.040498 81.442368
136.000000 7.666667 4.833333
47.916667 128.916667 70.916667
46.255556 127.255556 69.255556
140.807692 7.407692 4.496063
48.707317 129.707317 72.780488
102.365714 73.455238 61.900952
111.256637 82.256637 74.256637
152.789157 6.789157 7.183735
153.380952 7.380952 7.380952
113.182482 80.240876 71.131387
151.489796 7.489796 6.489796
156.907749 8.369004 6.638376
134.308642 85.475309 67.549383
55.885906 121.570470 71.966443
46.403846 127.403846 71.403846
210.173077 38.083333 60.128205
146.381818 6.909091 5.454545
219.646512 178.234192 86.817961
46.948617 127.948617 69.948617
107.826165 75.650538 65.143369
153.145414 7.163311 7.387025
114.898734 86.088608 77.436709
151.521277 7.521277 6.521277
44.869919 125.869919 67.869919
147.390909 7.463636 6.733945
209.098361 109.699454 64.972222
157.425743 7.445545 6.435644
17.038462 9.886076 24.569620
11.258621 15.005747 29.574713
223.514286 194.642857 85.914286
20.662921 104.662921 140.662921
112.261307 82.909548 74.115578
22.993631 105.764331 139.840764
47.138462 128.138462 70.261538
209.774566 38.364162 58.942197
136.068807 8.050459 4.621495
207.319149 81.956522 37.885057
7.530917 14.458774 32.458774
138.272727 10.902098 5.852113
100.812785 67.751142 58.582192
149.344444 7.733333 6.733333
108.477064 76.477064 65.477064
21.244275 105.396947 141.320611
211.848624 85.665138 68.270642
48.344978 129.344978 71.344978
103.550296 71.526627 60.532544
108.256545 76.047120 65.539267
209.096330 110.839450 70.509259
171.753695 57.032020 33.989717
102.765625 70.765625 59.765625
217.578947 186.621053 78.536842
155.026667 7.560000 6.093333
108.000000 76.000000 65.000000
17.475207 11.632231 26.000000
152.625641 7.466667 7.302564
113.810526 84.810526 76.810526
158.029520 8.029520 7.029520
15.759777 17.336957 30.423913
213.458716 39.458716 62.458716
161.663717 39.672566 25.762791
174.655290 80.197952 39.491468
9.091398 14.315508 32.914439
20.168067 103.949580 140.050420
105.054608 75.525597 64.191126
45.544343 123.681957 66.409786
97.811594 72.289855 60.007246
113.682927 84.682927 76.707317
152.583333 8.583333 7.583333
109.285714 77.309524 66.309524
156.077206 8.077206 6.077206
47.362069 128.362069 70.362069
155.591623 7.418848 6.670157
209.838308 38.141791 59.639303
106.271739 75.913043 65.467391
152.778761 6.778761 7.168142
153.670103 7.670103 8.288660
114.333333 86.293333 75.206667
213.720000 167.828571 74.937143
212.553846 38.600000 61.576923
151.667482 7.667482 6.667482
213.544681 42.876596 62.587234
111.802721 83.462585 75.006803
150.172727 7.130303 6.321212
8.988095 12.113095 26.791667
8.235741 14.756654 29.201521
212.039548 38.039548 61.039548
111.573171 82.743902 74.487805
32.767016 105.575916 136.793194
5.750000 12.144737 30.190789
103.518519 74.879630 63.453704
152.253165 7.797468 7.189873
97.242424 74.369697 60.527273
46.638095 127.638095 71.638095
188.243243 121.309859 73.903226
103.032099 74.404938 62.617284
207.071038 39.912568 59.032787
100.681481 70.007407 59.942593
46.527397 127.527397 69.527397
83.586854 99.568075 71.769953
133.887097 5.000000 3.279279
215.537037 185.407407 75.666667
211.419643 38.205357 60.812500
110.164384 77.726027 66.675799
22.388889 105.458333 139.430556
10.472362 14.684466 25.538835
45.000000 126.218962 67.322799
46.522727 126.130682 68.806818
223.992467 193.873823 85.809793
220.078261 180.484058 83.333333
86.318436 93.452514 68.402235
112.544118 83.544118 75.544118
25.385185 106.074074 140.844444
221.496063 189.488189 82.874016
108.780488 76.495935 66.065041
151.661972 7.661972 6.661972
98.862528 66.270510 56.330377
155.844660 7.766990 5.805825
147.227545 7.179641 6.077844
217.505703 186.756654 78.190114
99.446541 67.110063 56.600629
218.484848 187.717172 77.818182
23.743590 106.743590 140.384615
48.423611 129.423611 71.375000
111.244514 78.912226 71.344828
31.366197 102.605634 134.126761
210.416667 36.416667 59.416667
45.827869 126.827869 68.827869
117.543046 87.258278 77.536424
208.982684 36.982684 58.982684
48.194737 129.194737 71.931579
216.347150 186.010363 76.725389
38.096639 90.672691 59.400402
5.196629 12.232044 29.723757
147.988950 7.149171 6.149171
116.155844 10.542484 12.382550
45.812227 126.812227 68.812227
75.888889 60.777778 58.750000
8.125000 13.741071 27.968750
62.866142 89.661417 103.165354
23.185185 104.696296 139.192593
138.276596 9.893617 7.914894
76.502451 11.475490 19.355890
6.847458 12.836158 29.355932
156.991228 7.728070 6.359649
48.146552 129.146552 71.146552
109.139785 77.053763 66.225806
47.436893 128.436893 71.776699
23.474576 106.474576 140.474576
7.670886 12.367089 27.443038
110.447712 77.931373 67.584967
112.395652 79.795652 70.000000
216.214286 185.321429 77.321429
153.000000 7.125000 7.593750
49.050000 130.377273 72.588636
197.952880 81.796791 41.906077
155.719731 7.793722 5.769058
88.813433 16.503650 18.320413
103.047393 75.241706 63.388626
156.166667 8.166667 6.166667
106.486486 77.094595 65.891892
142.674487 8.105572 5.867069
101.380165 69.289256 58.460055
148.463054 7.270936 6.236453
102.189103 71.044872 60.397436
218.989362 188.117021 79.542553
112.507109 83.672986 75.194313
110.509579 78.367816 67.636015
10.249258 12.679525 27.905045
44.315018 123.249084 66.282051
100.801471 73.654412 63.250000
208.704403 36.704403 58.704403
151.778947 7.778947 6.778947
46.106796 127.106796 69.106796
110.918103 78.795259 68.040948
20.723684 103.802632 137.960526
156.538462 8.538462 6.538462
7.175097 14.103448 31.616858
34.123529 69.752577 51.000000
20.433735 102.060241 138.951807
115.406504 87.138211 78.243902
222.323529 190.250000 82.088235
223.182891 192.660767 83.498525
145.914894 7.444874 6.106383
143.573964 8.041420 5.585799
151.806122 7.806122 6.806122
217.602151 187.354839 77.989247
45.073529 124.972689 66.296218
110.475000 78.475000 67.475000
51.138393 128.355556 75.160000
207.438462 35.438462 57.438462
153.641463 7.665854 7.790244
214.347222 40.347222 63.347222
209.308411 37.308411 59.308411
150.055300 8.238318 7.270142
22.706767 11.656489 24.203008
157.101045 28.651408 19.577358
12.079681 12.015936 26.167331
49.027027 129.936118 73.680590
217.254902 186.424837 78.372549
108.996622 80.777027 68.986486
49.411215 130.626168 74.635514
47.854167 128.854167 70.786458
213.744526 39.744526 62.744526
203.306962 41.920886 56.177778
150.004762 7.800000 6.808612
48.419355 131.100358 73.559140
193.404651 117.279070 61.975490
102.965174 70.950249 59.980100
209.474453 37.474453 59.474453
46.242038 127.242038 69.242038
122.443243 9.043243 7.234637
46.032520 127.032520 69.016260
152.240506 8.240506 7.240506
152.986425 6.959276 7.339367
157.043750 7.431250 6.237500
101.434615 69.007692 58.861538
155.952381 7.952381 5.952381
7.689103 15.108974 30.391026
29.757764 27.570513 37.439024
47.640000 128.640000 70.640000
149.402062 7.213542 6.761658
151.709459 7.871622 7.135135
112.583333 83.583333 75.726190
147.403279 7.567657 6.322259
41.273356 95.395425 61.009868
219.673333 155.106667 83.653333
163.582090 40.126866 26.717742
91.742424 69.609023 64.875940
58.168750 93.375000 109.828125
111.712871 83.267327 74.217822
221.914384 191.301370 82.565068
199.152838 135.563063 71.104762
101.723776 70.454545 60.006993
102.177528 69.629213 59.274157
152.668085 11.148936 9.285088
48.937500 129.276786 73.642857
106.950413 75.148760 64.404959
48.300395 129.252964 73.517787
45.775148 125.008876 68.150888
224.800000 196.762500 87.975000
150.533074 8.128405 7.128405
21.610778 103.335329 139.245509
207.064426 39.182073 59.257703
139.511628 5.451163 4.126761
152.891626 6.901478 7.812808
24.467391 104.467391 139.467391
24.256944 107.076389 141.159722
113.473404 85.005319 75.191489
109.501916 78.704981 68.103448
110.143750 79.700000 69.165625
181.864198 76.992945 31.153439
153.697124 7.475465 7.289340
153.084615 7.084615 7.200000
7.501558 14.369565 32.369565
101.092150 73.150171 61.686007
89.327394 75.937639 71.973274
21.500000 105.250000 141.375000
48.315789 129.315789 71.315789
7.174194 14.174194 31.941935
46.805430 129.841629 71.787330
152.149847 7.568807 7.100917
17.517928 13.703187 28.523904
161.546512 36.569767 24.597561
208.946429 36.946429 58.946429
45.421687 126.421687 68.421687
153.937500 7.250000 6.679688
114.617647 85.007353 76.073529
103.324786 75.512821 64.307692
206.724138 39.189655 59.112069
61.672619 106.803571 64.247024
116.084034 87.428571 77.806723
11.127119 14.455696 29.375527
107.060000 75.160000 63.960000
47.567273 128.567273 70.265455
208.294118 36.073529 58.125000
134.924242 6.954545 4.112903
46.340426 127.539007 68.709220
141.143519 7.087963 5.745370
102.397590 70.397590 59.397590
21.311355 104.545788 140.003663
48.078571 128.428571 72.742857
45.530414 126.240876 66.888078
24.375000 107.516667 141.516667
105.460000 75.840000 65.020000
109.681818 77.607955 66.653409
6.733974 14.131200 30.699200
48.856522 129.856522 71.856522
155.818702 7.879771 5.940840
110.924528 81.924528 73.924528
108.813472 78.647668 67.388601
152.206573 7.690141 7.056338
144.630081 6.967480 5.669388
219.705179 183.143426 81.637450
47.788462 127.163462 71.961538
151.493827 7.456790 7.209877
26.333333 108.740000 143.046667
202.248588 44.858757 54.068182
109.352941 76.682353 67.035294
56.078585 87.404715 102.463654
49.644444 130.488889 73.844444
101.272727 71.341693 60.846395
56.671429 113.378571 65.385714
109.243243 77.418919 68.027027
117.184874 88.563025 77.739496
177.325153 75.868098 44.403909
15.165680 18.042424 30.229412
7.777070 15.509202 31.027692
105.388626 79.976303 66.976303
46.909871 127.909871 69.815451
222.525862 195.603448 86.413793
151.947070 8.068053 7.253308
110.022599 77.135593 68.033898
30.086154 43.885057 41.567723
157.606742 7.606742 6.606742
223.430303 193.339394 84.606061
157.696970 7.696970 6.696970
8.081081 15.081081 33.081081
210.450199 37.717131 60.083665
210.761006 38.761006 60.761006
116.318436 86.735955 77.988827
153.445652 7.548913 6.836957
212.267490 40.193416 62.230453
7.292453 14.292453 32.292453
211.033557 37.033557 60.033557
210.194030 45.159204 60.595000
92.136364 73.954545 72.454545
110.438144 78.412371 67.463918
153.684058 7.144928 7.173913
142.910256 8.683871 6.412162
68.747967 86.211382 95.121951
112.815476 83.815476 75.815476
208.658537 36.658537 58.658537
111.063091 78.091483 70.340694
11.512987 15.308442 30.090909
100.436090 68.150376 56.699248
203.087500 76.812500 63.519481
151.928889 7.928889 6.928889
212.393665 39.787330 62.108597
7.346049 14.356948 32.449591
152.297619 7.210317 6.773810
217.923077 181.106838 77.252137
209.955720 37.955720 59.955720
85.057471 9.017544 13.439024
152.601648 7.530220 7.521978
46.779817 127.779817 69.779817
48.905797 129.905797 73.905797
23.232394 105.133803 139.500000
7.968085 14.458763 30.605128
136.059524 8.428571 4.216867
68.165803 13.000000 22.314136
102.644444 71.950617 61.224691
153.487500 7.487500 7.818750
108.493540 76.369509 65.498708
45.606195 126.606195 68.561947
21.629630 104.962963 139.172840
6.321244 13.293814 31.335052
93.630588 82.390588 79.423529
109.668103 77.668103 66.668103
223.047619 193.920635 91.063492
46.875676 127.875676 69.875676
157.638191 7.638191 6.638191
111.661130 80.521595 70.784053
153.006494 7.006494 7.792208
222.240157 194.372047 87.659449
102.466667 70.644444 59.644444
10.016000 12.944882 27.929134
108.784091 76.784091 65.784091
