5.455446 7.226667 8.695946
129.357532 132.509434 131.411538
10.723039 177.719595 223.870680
211.038217 219.604346 218.617085
73.411654 73.811765 68.866097
212.009635 218.776325 218.508603
250.843653 251.950464 241.920279
211.014085 220.014085 218.312207
213.914894 221.773050 220.021277
211.381026 219.265941 218.395023
211.294215 219.793388 216.960331
136.412607 23.810897 25.667797
142.116645 151.141243 148.991218
195.549052 206.748518 196.374899
41.268012 50.835476 52.644144
22.353950 118.711549 125.496830
212.357881 219.257106 216.957364
212.720930 219.431290 217.566596
210.976401 219.976401 217.643068
212.956175 219.021912 217.000000
199.865094 208.840686 204.088058
202.759391 201.215647 192.811637
57.606455 92.151250 94.277044
204.679406 207.710856 206.424843
208.970492 216.400546 208.554377
123.842512 125.115207 112.395215
249.757683 249.542553 243.390071
193.974684 146.623457 178.716981
20.432432 59.662154 80.110541
211.686150 219.351970 217.686150
212.582011 218.992725 217.403439
204.158578 205.162071 199.957062
3.953704 3.213592 4.446281
146.367521 134.145954 103.987722
210.984901 219.563298 218.714286
7.564801 94.375527 136.752688
210.531153 219.185358 218.221703
206.079309 214.566785 211.453104
167.114741 174.205320 160.109290
1.764706 1.000000 0.000000
212.051587 218.813492 218.138889
193.543679 200.675258 183.735849
92.503929 113.485927 103.045331
78.710843 109.305322 104.868812
170.782741 32.979434 36.233251
1.926829 1.239437 4.080000
144.052826 146.438356 135.952214
211.395270 219.781081 217.126351
164.376897 163.006939 156.899563
20.936232 42.473552 51.957732
252.795192 252.634615 244.559615
11.864635 57.508649 79.947329
226.811155 215.701967 217.655226
212.456662 219.003881 217.582147
211.608472 219.645700 217.595635
198.155885 190.506599 190.870699
17.462151 36.155963 56.094637
130.468193 40.781536 41.776027
211.946162 220.946162 219.902293
15.345000 38.096478 39.669118
205.877953 211.754304 210.113815
79.350826 79.719933 84.364524
6.921429 7.202614 9.294944
70.834003 71.383706 65.604067
211.235880 219.857143 216.983389
211.620035 218.759931 218.200345
212.322884 218.843260 217.762800
212.460251 218.765690 218.331939
211.745161 219.929032 219.125806
212.340511 219.329744 217.368775
211.000000 220.000000 217.226691
180.931904 107.976808 13.057018
120.150971 123.647794 94.381437
189.189931 200.638199 188.806047
166.371173 172.108037 174.636488
51.748974 84.758155 92.571637
210.991699 219.991699 217.377441
164.324910 115.315453 15.631507
212.046939 219.497959 217.487755
129.543276 130.154416 127.434606
1.000000 0.000000 0.000000
15.107397 117.061816 148.442155
139.426434 110.409693 100.049232
15.835821 8.872449 9.222113
93.192351 75.792961 49.046512
212.004785 219.715789 217.143541
11.441654 97.598592 122.515504
216.755495 167.232039 165.028404
134.442740 156.927497 160.063049
8.000000 6.000000 7.000000
174.541803 183.515481 175.931174
212.406100 219.071460 217.773420
209.806478 207.816359 185.816912
99.303906 55.452316 15.115417
211.567151 219.742287 217.017241
211.429987 219.699802 217.112946
157.632376 158.380062 146.546377
195.672986 197.444316 194.484501
212.168926 219.842544 217.516163
211.581590 219.765690 217.062762
212.125000 219.303571 219.000000
11.203372 19.763556 27.155436
93.945304 95.413598 86.621689
12.751534 12.423823 11.339853
201.331695 207.081572 201.168893
212.110320 219.444840 217.088968
130.520759 132.209602 127.226351
212.761261 219.023216 217.473666
202.203141 187.656982 187.629839
212.352601 218.355491 217.859345
81.474041 46.386503 15.827652
211.921848 219.542499 217.293212
212.062774 219.328467 216.924088
152.384307 63.037096 31.318664
103.744041 108.414838 92.865539
182.887059 171.357143 178.099664
151.382812 163.128472 136.693424
212.037425 220.104790 217.422904
177.511243 188.678035 173.875710
189.762980 194.756757 183.384289
185.941260 197.898113 185.685443
212.104046 218.919075 218.215800
53.325365 93.022414 111.016040
209.649699 217.879960 214.922664
83.013043 91.132420 82.575000
211.444811 219.836903 217.705107
212.639073 220.605960 219.261589
211.369191 220.369191 219.334768
1.200000 1.000000 3.000000
21.429181 62.112291 71.398769
175.197080 167.419865 173.186839
212.182657 218.931273 218.152214
212.388538 219.097924 217.288357
12.855346 30.280597 31.756701
212.489777 219.653346 217.266729
211.086789 220.000000 217.086789
10.655172 20.370370 6.759825
135.750552 31.267913 34.551576
12.441767 30.878092 46.021239
78.726804 60.692098 26.770650
212.900366 220.444241 217.929616
211.737393 219.527117 217.202664
92.397849 91.869775 94.161137
211.179873 219.918384 217.005547
212.095541 219.426752 217.273885
211.000000 220.000000 217.000000
9.148438 8.797009 10.647303
165.772071 165.830769 154.199140
81.797081 163.865705 198.161785
212.539143 218.695716 216.639586
71.841693 86.555128 95.944444
213.261406 37.582865 40.308864
33.713952 146.888208 178.813803
253.099415 252.678363 245.941520
211.878268 219.679739 217.079248
122.570149 74.859400 12.691489
211.479005 219.760498 217.472784
211.452656 219.773672 217.000000
164.768496 154.370532 162.949219
177.635665 182.378440 173.544257
98.502947 100.182171 97.168880
211.438948 220.437070 219.437696
73.753700 61.301232 40.257094
57.755869 58.807512 58.732394
162.466509 161.538638 140.376074
208.402582 213.410047 212.005841
153.251020 159.437797 164.605566
137.207071 139.495690 152.034335
169.318519 158.225275 144.063211
212.377664 219.653879 218.060529
72.307475 68.280505 54.895541
157.001764 165.289308 155.465539
48.376314 58.683434 59.176403
158.472552 97.220388 42.668726
123.814865 130.536966 118.265140
212.045710 219.357947 216.920534
163.405109 174.753590 151.984848
211.746198 219.706274 217.356464
33.917051 59.114499 77.099124
203.016548 206.948897 204.901449
83.368275 77.583804 73.997324
173.661426 172.823708 167.791913
211.000000 220.000000 217.000000
53.146341 48.550000 44.455738
138.077011 142.058252 139.441146
52.842684 130.245532 162.110704
238.357724 237.084848 228.193124
212.829248 219.892974 218.489379
122.967213 128.637470 102.737769
212.442164 219.802239 218.494403
211.103093 219.948454 217.000000
45.166014 53.756686 57.759793
11.099838 115.091506 158.618539
113.509650 26.023897 21.935439
47.370112 84.374735 96.559006
168.349081 179.506284 159.036683
175.092449 127.705572 11.829268
176.785479 177.012327 174.906528
120.311331 124.697110 114.216129
185.004425 185.829630 174.460087
14.001152 46.511062 57.947754
13.817664 21.461832 30.751185
210.974417 219.974417 218.235515
180.755703 182.909174 177.830341
211.863924 219.139241 217.695148
212.501016 219.443089 217.129065
188.586486 193.450417 188.080407
2.950450 2.181373 4.016736
211.713445 219.544652 217.742885
211.030601 217.095541 216.436721
112.949884 88.300087 17.152972
172.848810 123.044418 38.913793
211.143852 219.795824 217.733179
211.208880 219.939455 217.029263
31.616541 31.765152 36.502183
252.844660 253.027184 243.701942
180.047753 184.612188 168.515152
211.979375 219.625221 217.562169
211.515309 220.515309 219.270358
141.709412 152.145786 123.466905
160.451087 26.575486 24.864979
177.386335 177.568842 176.801859
6.600000 3.010309 3.929825
225.365746 230.223476 219.785475
172.775204 174.176235 133.967213
96.379271 98.621918 86.719323
54.231150 101.908150 116.154664
213.585455 220.000000 219.520000
211.818981 219.514060 217.472759
130.858824 156.699015 166.740437
56.799793 85.581764 105.497104
12.519573 3.837370 10.811321
10.845622 8.568783 9.183962
211.602261 219.698869 217.000000
20.028265 76.757831 118.489413
211.489062 219.750781 217.012500
140.400325 148.751377 149.186228
54.798345 59.602844 58.293031
211.362205 218.874016 218.354331
94.474510 17.837900 18.850785
19.321909 57.612492 74.254722
13.730496 16.839080 18.295669
135.777280 137.400142 128.821183
211.378086 219.066744 217.696759
201.341873 203.222135 204.092622
209.070175 211.259657 210.135193
114.673060 127.988362 115.536585
157.008621 158.991489 136.593807
184.930939 180.269097 184.385305
41.725000 51.001558 39.010977
211.210910 219.857279 218.980653
129.635135 130.541791 97.159645
211.505618 219.806180 217.039326
220.625000 220.407547 218.547529
211.379845 219.810078 217.000000
191.197368 202.291480 188.184100
211.387528 219.592428 216.924276
59.076190 75.023810 87.980299
212.136923 219.710769 217.192308
184.177353 184.572207 175.029216
211.840270 218.964004 218.083240
212.147894 219.349657 217.372184
211.420789 219.992832 217.502509
8.452811 64.320230 84.439774
212.035587 219.482206 217.537367
186.110285 198.066451 189.757344
28.645749 46.126415 49.546875
212.299014 218.959474 218.040526
211.854962 219.572519 217.023749
154.459108 152.383803 145.637902
161.048426 157.697283 145.342069
8.607339 52.773163 64.589459
60.823026 141.763112 180.752398
12.881703 79.455685 97.505293
253.055831 252.944169 242.986352
26.974379 53.974396 72.195523
114.327787 23.028078 19.821632
211.814024 220.814024 219.814024
210.899246 219.518163 218.648389
90.383562 116.829531 132.793474
200.398482 205.360531 203.787476
213.046738 219.230769 217.169426
199.064687 205.412134 196.312563
122.276297 132.288227 127.457447
211.366855 220.326834 219.273474
14.342010 45.627804 62.547693
202.349218 205.089136 207.297585
211.312349 219.880145 217.435835
53.752013 81.561840 88.262416
210.859825 218.805178 216.792880
139.563941 131.684971 84.401737
37.419868 60.242063 66.232000
34.213172 46.417883 52.561525
44.294000 24.753623 9.339806
17.132404 42.224432 62.901070
212.792857 218.991071 217.214286
212.736008 219.233369 217.067582
90.872549 102.276964 76.510304
211.831255 220.651704 219.691604
5.726392 4.295630 6.036036
73.116732 23.255507 28.383178
212.015253 219.984137 217.829774
12.683742 75.084359 104.438687
205.630011 211.106286 211.660571
212.245152 219.427151 217.517156
209.956549 218.022657 214.287860
72.753690 87.169811 89.049062
212.982036 219.862275 218.063302
14.731241 37.885714 42.915215
211.987281 219.821145 218.731320
59.283871 59.583333 62.982143
90.381100 85.586710 67.519847
126.581733 152.878433 146.364325
21.996139 29.653061 27.502890
138.693560 153.263509 144.360700
144.119816 30.393186 30.765719
212.233060 219.847023 218.508214
222.360343 209.129812 227.065672
211.704380 219.647810 217.142336
17.371560 52.017937 70.434496
212.554120 218.554120 218.221325
10.304207 33.571225 44.146221
123.741880 84.373406 15.615672
14.189873 26.045699 25.761649
45.578027 85.720700 108.073497
113.760417 103.722393 106.805112
19.088670 71.676507 106.851090
212.720764 220.046142 218.293556
158.818763 167.805078 159.833700
89.101970 106.359086 112.009434
232.517849 35.276998 35.688620
200.101259 204.125424 201.026989
141.010219 154.060932 148.372140
123.370266 26.928962 27.192496
194.723343 199.669540 199.556522
23.359155 7.435484 8.152381
212.012620 219.392728 217.526743
76.156028 99.427273 87.081967
211.151556 219.867388 217.313938
172.878730 137.208678 73.854358
76.785714 68.148148 68.876389
54.855346 57.464403 61.834236
211.971248 219.633410 217.200690
162.621324 166.790499 120.212858
211.220721 219.477477 218.238739
239.759777 245.969832 240.218994
211.590759 219.704620 217.000000
212.054993 219.976845 218.587554
71.446650 87.117479 74.972772
178.849371 132.286506 27.911778
102.574388 111.459459 107.377236
212.456000 221.456000 220.456000
134.222947 137.191067 128.485459
211.056338 219.971831 217.794769
214.223201 220.624082 219.585903
131.500428 140.430973 120.796353
191.343558 192.564158 192.093137
140.453918 138.944280 131.646697
210.642612 219.546392 218.579038
211.610245 219.160356 217.836303
142.368154 134.267528 128.757576
5.616667 75.638298 44.472727
79.452381 117.464991 139.590573
55.786689 83.840173 61.861516
211.472222 219.701389 217.472222
51.746781 93.441536 105.659826
195.965090 193.622222 189.039867
205.514026 212.142857 210.200758
211.615658 219.462633 217.179715
149.903448 29.716401 27.459516
212.658011 220.020266 218.298290
224.636237 227.263380 211.445126
212.292818 218.359116 218.287293
99.107868 88.796976 80.345351
210.158036 33.880527 32.878873
82.683544 92.419872 70.100233
56.450413 91.124324 106.659355
192.737836 33.291701 34.547797
10.603325 10.206074 11.567194
88.125000 123.228296 79.850103
6.293286 6.428571 6.121065
212.517195 218.610407 217.538009
48.167702 49.710623 45.802528
18.083871 45.193833 37.911616
151.270386 169.402207 176.803134
212.833098 219.736917 217.557284
2.555556 1.953488 2.448529
211.755119 219.622441 217.357084
211.608659 217.176669 215.757422
211.839973 219.885888 217.773801
211.164009 219.917995 217.136674
211.796813 219.601594 217.084993
211.800657 219.450164 217.056955
213.729817 219.729817 218.972013
211.099313 219.190506 218.267333
195.789292 188.209265 182.487578
211.037868 219.981767 217.000468
98.936604 138.206383 156.533887
211.467839 219.954854 217.774670
211.676552 219.786840 217.557924
3.698630 3.751678 4.140940
211.918504 220.918504 219.857143
1.000000 0.000000 0.000000
62.859406 97.683626 125.160665
162.191388 60.402490 21.980375
172.628852 157.600139 155.170865
12.412141 16.094421 11.494872
210.972155 219.972155 217.088378
211.828274 218.033825 216.178664
211.072934 218.126418 213.392971
150.986562 151.581706 158.926625
212.520518 219.965443 218.451404
129.023307 123.150628 133.317757
95.277497 102.748156 92.320988
1.968254 2.481928 2.540084
41.279255 38.437326 31.680905
210.727106 219.617216 218.475580
212.426894 219.092850 217.171825
186.147766 203.840580 184.340984
211.684795 219.352941 217.251942
211.000000 220.000000 217.000000
212.648876 221.648876 220.648876
213.049269 219.837578 217.904384
125.385857 134.821845 132.357988
110.715474 110.309119 95.682560
86.890909 21.157518 25.284038
7.524331 62.737841 88.860587
161.142222 167.043821 158.429745
208.337892 215.759453 211.831873
212.503289 219.417763 217.152961
213.317333 219.769333 219.317333
212.945706 218.951629 218.742349
86.005660 119.547458 121.363768
166.648897 170.162703 176.963612
110.909828 108.206735 106.768169
176.205269 181.362319 178.119955
188.251590 189.546713 190.772791
179.712825 173.314831 169.865140
211.144283 219.081216 218.225045
212.928793 219.291022 218.105263
212.813174 219.819162 217.811976
167.584416 169.381579 167.026316
19.931303 72.105263 106.167995
38.768439 56.044006 82.196549
48.951917 133.626454 150.348837
212.289941 219.633136 217.185404
10.667553 12.000000 11.960168
69.162304 75.622837 63.630229
117.188797 107.354237 112.272578
212.135947 219.799833 218.613011
220.944218 213.567825 214.127030
211.102952 219.948524 217.092354
211.922789 218.730135 218.221139
252.822155 253.018839 243.775433
212.031305 219.248671 217.796220
130.142202 134.995392 112.459924
211.635321 219.682339 217.130734
211.575415 220.477923 219.248322
32.345934 88.437678 106.406624
211.100236 219.527123 217.661557
205.238095 134.136170 37.161125
211.217484 219.891258 217.626866
11.888889 12.113208 11.459016
130.294946 135.635220 122.417736
210.855273 219.116243 218.080831
136.441884 130.214356 130.166348
124.218241 118.627329 114.996960
128.260952 132.929607 124.410931
63.537465 94.695728 113.653288
211.835294 219.763025 217.419608
211.000000 220.000000 217.000000
205.157817 205.516224 204.063798
205.517241 212.189655 209.965517
35.819923 42.082019 52.398714
205.787589 212.949881 201.311364
101.833052 97.510736 99.468315
58.351916 63.890141 73.946226
211.054443 219.466463 217.400261
188.489286 180.508418 178.040678
82.349176 100.863078 78.960000
212.097680 221.097680 220.090354
74.475216 98.636364 100.500933
200.774959 206.429199 196.594538
212.055281 219.515677 217.535479
62.661871 76.592593 95.851852
47.303887 12.327907 14.787629
210.916805 219.861897 216.970050
211.407497 219.805320 217.281741
212.083209 219.126557 217.764325
9.719512 179.335273 228.558157
211.592829 219.125100 217.019124
212.026297 219.220599 217.401023
213.928295 219.928295 218.304264
201.644345 196.789244 204.457887
143.638043 142.843373 150.386980
211.857143 219.571429 217.328767
208.860119 141.246586 11.637620
211.679916 219.558054 217.966527
201.776869 206.759302 198.271300
205.147673 204.288372 208.349840
