147.996063 7.090551 5.996063
156.891192 7.875648 6.383420
113.700665 84.942350 76.356984
20.995215 102.483254 138.306220
149.011111 30.910405 23.568807
152.105263 8.105263 7.210526
151.756637 7.756637 6.756637
217.435294 187.752941 79.305882
152.133333 7.712821 7.005128
49.645503 130.656085 73.788360
10.278689 13.590164 29.508197
153.184211 7.184211 8.026316
101.270270 69.234234 59.003003
45.113924 125.547468 67.933544
150.861111 6.861111 5.888889
47.923664 128.190840 72.862595
153.164179 7.164179 7.791045
166.431525 75.359043 44.727273
32.976744 11.938272 25.453488
46.344681 127.344681 69.344681
152.313316 8.313316 7.313316
49.529010 128.686007 74.245734
114.200000 85.451613 76.741935
49.926471 114.804124 71.054983
140.388889 9.222222 6.200000
110.299712 78.268012 67.331412
151.946648 7.930233 6.938440
90.169916 78.434540 75.311978
48.238806 129.141791 72.880597
21.078014 104.078014 138.078014
92.039216 76.500000 73.803922
153.609524 7.517460 7.390476
172.879032 87.943548 52.641129
152.547325 7.106996 7.543210
49.234783 130.234783 71.921739
155.610169 7.796610 5.983051
78.270270 85.621622 93.324324
68.066667 113.568889 73.160000
212.440994 38.440994 61.440994
23.864583 106.458333 140.281250
23.380368 106.417178 140.417178
216.744186 186.011628 78.186047
150.600000 11.896552 10.203390
112.226190 79.373016 71.595238
212.705036 40.115108 62.410072
50.173469 130.071429 75.897959
146.109091 7.704545 6.181818
7.389241 14.689655 30.927900
151.813370 7.813370 6.813370
28.320197 26.140000 36.912621
151.424000 7.312000 6.440000
67.855072 111.884058 72.246377
157.705882 7.705882 6.705882
112.589212 79.900415 70.278008
48.233100 129.233100 71.233100
8.714286 13.061224 28.540816
5.492063 12.571429 30.047619
111.366337 78.485149 69.366337
9.895425 14.512987 28.922078
108.833977 76.833977 65.833977
106.181818 74.181818 63.181818
109.287081 76.684211 66.889952
224.738703 195.243615 86.921415
46.960000 127.960000 71.133333
138.909804 8.074510 6.479839
12.067857 14.428571 29.932143
151.879310 8.034483 6.913793
102.836364 72.127273 60.918182
212.561404 38.561404 61.561404
157.244681 7.398936 6.321809
109.210526 77.210526 66.210526
151.905923 7.905923 6.905923
7.158273 14.178571 30.907143
103.076471 71.335294 60.641176
25.562791 106.427907 141.348837
151.919512 7.953659 6.953659
146.722488 6.712919 5.770335
103.045455 71.045455 60.045455
47.699507 128.699507 70.827586
5.368421 12.381579 30.381579
117.740310 86.806202 77.713178
109.200000 77.034043 66.365957
223.470588 193.268908 83.537815
85.823529 11.443850 18.627660
106.888889 74.455556 64.000000
211.619403 39.455224 60.335821
153.258373 7.258373 7.258373
6.972851 13.988688 31.812217
44.422535 120.873239 64.690141
46.588235 127.588235 69.588235
47.053292 128.097179 69.717868
198.836257 146.826347 70.890323
100.736434 68.271318 57.782946
44.343558 120.972393 64.745399
156.115385 8.115385 6.115385
214.483444 111.213333 71.180000
211.071979 57.390746 63.979275
155.868421 7.868421 5.868421
151.652174 7.623188 6.652174
145.433962 7.726415 6.644231
93.695652 77.656522 60.926087
101.748485 73.736364 62.045455
112.602804 80.602804 69.602804
6.231343 13.348148 31.392593
108.591398 75.849462 65.989247
151.358382 7.358382 6.358382
100.938017 68.921488 57.954545
8.975806 15.180723 28.618474
152.060449 7.770294 7.060449
102.244726 70.181435 59.046414
23.497630 106.270142 140.345972
45.838710 126.838710 68.838710
46.171429 127.171429 69.571429
95.445455 69.090909 62.436364
20.474419 104.120650 140.248260
211.958904 148.630137 69.833333
65.671362 113.004695 70.779343
151.271820 7.830424 6.830424
150.975709 7.032389 6.190283
9.046875 12.781250 27.281250
156.307190 8.307190 6.307190
227.241245 197.023346 88.793774
149.326923 7.653846 6.653846
101.480000 70.060000 59.195000
110.823899 84.405063 76.226415
8.717105 11.717105 27.355263
151.835052 7.835052 6.835052
51.489919 119.737903 66.945565
106.444444 75.750000 65.657407
98.450882 77.324937 62.712846
101.488889 69.200000 58.777778
19.885542 103.692771 139.662651
209.050847 37.050847 59.050847
51.010000 131.570000 76.070000
149.449541 7.412844 6.412844
139.740964 8.524096 6.596386
22.594286 103.617143 137.994286
157.885185 53.539326 32.447154
99.770642 67.422018 57.082569
210.390000 62.670000 64.404040
45.157895 126.157895 68.157895
153.440860 7.440860 7.440860
102.209877 69.654321 59.735802
108.012605 76.189076 65.474790
48.411765 129.411765 71.647059
21.160494 103.000000 139.888889
150.197279 7.069444 6.287770
110.232143 78.232143 67.232143
153.189542 7.398693 8.039216
153.034335 7.034335 7.128755
211.363861 132.103960 69.320099
211.153285 39.153285 61.153285
122.066964 10.575893 11.013393
50.116667 130.916667 74.954167
210.055385 162.434375 76.418006
22.891566 105.367470 139.542169
216.176282 175.746795 83.620462
212.489960 39.052209 61.590361
54.358621 91.062069 109.531034
7.354167 14.354167 32.219907
208.697183 36.728873 58.725352
109.807365 77.433428 66.767705
98.098446 10.839378 15.795812
157.726923 7.734615 6.730769
40.881166 73.885835 48.825902
44.200000 122.085714 65.400000
46.304813 127.304813 69.304813
88.908759 68.492701 64.273723
150.355932 7.644068 6.277778
8.834711 11.636364 26.702479
48.252708 128.891697 73.198556
209.505576 37.505576 59.505576
117.409091 89.393939 79.666667
47.786885 128.786885 70.786885
48.272727 129.406061 72.987879
16.209091 31.883817 36.390947
45.113043 120.504348 64.739130
11.264706 13.638889 28.638889
97.248756 75.492537 61.069652
104.932692 79.100962 70.990385
210.138587 38.138587 60.138587
147.947154 7.304878 6.223577
81.843188 10.322997 14.639474
11.571429 14.153061 29.265306
106.364742 74.398176 63.571429
46.948387 127.948387 70.400000
100.249389 67.471883 57.713936
101.280702 69.280702 57.964912
146.014925 7.037313 5.582090
198.986667 136.146667 76.242857
107.780488 75.780488 64.780488
6.118812 13.907895 28.796053
111.128514 79.084337 68.164659
145.765101 6.476190 5.187500
6.961290 14.083871 32.032258
46.181818 127.181818 69.181818
212.891304 91.706522 67.407609
105.625984 75.161417 64.039370
143.516949 7.440678 6.600000
46.912727 127.730909 69.821818
47.542169 127.542169 70.530120
149.562069 7.727586 6.724138
23.521429 103.628571 138.592857
153.200000 7.200000 8.023256
152.656126 6.664032 7.284585
108.253731 76.253731 65.253731
190.125506 76.629555 27.325911
109.756098 6.962963 8.919679
151.588235 8.137255 7.301325
215.347561 121.612805 75.189024
153.133987 7.369281 7.794118
153.223476 7.444695 7.539503
221.464286 191.345238 81.642857
50.008065 128.524194 74.580645
175.973214 81.294643 38.571429
213.751073 39.643777 62.356223
100.413174 72.532934 61.718563
146.818182 7.900826 6.024793
151.558824 7.558824 6.558824
163.862857 61.445402 38.165079
102.169935 69.954248 59.496732
46.923529 127.923529 69.894118
162.497696 50.839623 30.924242
151.717391 7.717391 6.717391
46.359375 127.359375 69.359375
156.294574 8.294574 6.294574
104.181818 76.818182 65.099174
209.108974 37.108974 59.108974
8.427386 14.906122 29.253061
32.804878 67.392857 48.510791
104.255652 72.255652 61.255652
153.142857 7.142857 8.100000
74.850000 84.733333 92.233333
25.235849 103.301887 135.339623
110.451128 79.515038 71.157895
153.416000 7.450667 7.848000
76.612403 9.937984 15.917969
6.617978 13.733333 29.200000
46.883721 113.861878 67.845304
155.807050 7.807050 5.817844
156.231939 8.231939 6.231939
210.505102 36.505102 59.505102
47.798387 128.798387 70.798387
202.089494 42.155642 55.308594
101.553191 69.489362 59.565957
101.642651 69.847262 59.028818
207.356828 157.907489 76.652968
45.480861 125.688995 66.342105
9.455882 13.753623 31.000000
45.614815 126.614815 68.614815
108.516393 76.516393 65.516393
46.751880 127.751880 69.751880
104.981308 76.728972 65.728972
151.638498 7.638498 6.638498
110.940476 78.928571 67.952381
46.723077 127.723077 69.723077
100.820513 68.568376 57.696581
155.697479 7.798319 5.899160
153.631148 7.631148 7.713115
154.000000 7.364807 6.965665
152.337349 8.337349 7.602410
46.443182 127.443182 71.443182
151.198630 7.869863 7.805556
6.027397 11.547945 30.369863
206.390728 87.168874 61.661074
110.512821 82.786325 72.837607
112.616279 80.209302 71.069767
109.603659 76.695122 68.378049
217.255973 187.116041 77.262799
157.000000 7.716981 6.358491
99.477551 67.285714 56.600000
106.255452 75.408100 64.510903
108.149701 80.213573 69.229541
209.908537 37.908537 59.908537
109.210526 8.644737 11.697368
154.205357 7.651786 7.741071
114.860606 86.290909 76.890909
111.800000 79.771429 68.828571
7.498127 14.029851 32.130597
108.176471 76.248869 65.248869
150.188034 8.153846 7.153846
46.773585 130.484277 73.402516
43.761538 121.761538 65.261538
139.028037 8.018692 8.849057
156.009615 8.009615 6.009615
144.788235 7.852941 6.052941
221.340541 190.508108 84.170270
217.458239 187.042889 78.467269
151.868056 7.979167 6.979167
212.121795 39.064103 60.737179
110.537634 77.967742 68.107527
100.760417 73.895833 62.817708
14.040609 16.964646 31.964646
102.602062 74.381443 62.632990
152.732087 6.862928 7.155763
111.865672 79.686567 68.925373
48.683721 130.172093 73.441860
10.458333 14.375000 29.241667
213.635556 39.635556 62.635556
145.732558 7.337209 5.612403
98.411765 70.470588 59.378151
6.904762 13.807512 31.793427
7.426901 14.542857 30.760000
151.703529 7.703529 6.703529
116.163934 88.163934 77.163934
100.851064 68.829787 57.872340
187.513369 80.144385 31.973262
46.070175 127.070175 69.070175
110.642691 81.835267 72.380510
111.206667 79.046667 68.366667
210.574803 39.330709 58.826772
111.865510 79.763557 70.531453
112.593156 84.389734 73.391635
225.858896 194.877301 87.840491
224.445455 194.890909 84.709091
103.371795 71.371795 60.371795
152.865854 6.865854 7.768293
47.614108 128.614108 70.547718
102.575758 74.000000 67.909091
7.088710 14.012048 31.606426
110.494624 81.897849 71.604839
50.886364 130.931818 75.204545
102.226415 71.226415 60.396226
153.597222 6.625000 6.069444
48.692754 129.823188 71.779710
7.432653 14.432653 32.436735
148.175000 7.025000 6.025000
109.043182 80.097727 68.895455
44.117083 124.658349 65.842610
111.492188 78.593750 69.390625
109.276596 76.748936 66.778723
146.262821 7.384615 5.878205
109.628159 77.480144 66.747292
155.535354 7.792929 5.707071
153.937198 7.135266 7.328502
8.569343 13.478571 28.357143
109.549550 75.608108 63.414414
151.907216 7.907216 6.907216
111.351351 82.347193 74.347193
157.481203 7.646617 6.563910
107.196078 75.196078 64.196078
9.050955 12.082803 27.343949
213.858639 39.884817 62.832461
209.521212 160.175758 85.000000
98.404082 83.422449 67.432653
151.611111 7.444444 6.358025
111.220183 79.220183 68.220183
74.459119 84.157233 91.402516
221.018868 190.018868 82.018868
155.307692 7.961538 6.615385
11.335979 13.391534 28.637566
155.991304 7.991304 5.991304
150.536332 9.335664 7.935714
152.186992 19.440678 14.695652
151.872727 9.190909 7.862385
11.357143 14.393939 28.324627
223.446328 193.666667 86.059322
42.371429 122.228571 63.985714
109.957143 77.957143 66.957143
217.820106 187.201058 79.351852
103.671233 71.671233 60.671233
9.031250 16.031250 34.031250
207.878571 35.878571 57.878571
153.134328 7.134328 8.044776
156.305882 8.305882 6.305882
208.250000 38.125000 59.479651
47.973180 129.001916 70.982759
217.988914 187.221729 78.669623
109.763636 77.218182 67.272727
26.562500 105.850000 140.037500
221.316940 193.297814 84.475410
22.000000 105.000000 139.000000
156.016181 8.016181 6.016181
223.354839 194.451613 87.645161
131.257403 9.694761 6.891765
135.321739 7.600000 4.420814
77.658768 97.559242 106.981043
153.261538 7.200000 7.138462
47.327684 127.011299 70.887006
219.483221 174.167785 80.699552
27.485714 106.685714 141.557143
25.733333 105.383333 140.050000
101.241497 69.023810 58.459184
98.539286 66.092857 55.671429
203.823529 148.347059 80.723270
11.197640 18.874652 28.776536
150.914966 7.826531 6.840136
155.496644 7.590604 5.711409
148.516779 7.322148 6.308725
153.523148 8.092593 5.236111
7.545802 14.517110 32.517110
99.640394 68.960591 59.177340
155.800000 7.800000 5.800000
24.152318 107.175497 141.198675
9.972973 14.026923 32.407692
109.701657 77.701657 66.701657
8.014218 14.421801 31.459716
155.028986 7.362319 8.355072
111.962887 79.876289 69.049485
103.610169 76.279661 68.864407
66.679612 106.126214 65.339806
112.666667 80.666667 69.285714
7.889655 11.479452 27.876712
23.261111 102.644444 135.827778
45.115566 126.403302 66.971698
6.028037 11.794393 30.299065
151.832090 7.436567 6.679104
160.369748 24.176471 17.634783
157.614108 8.004149 6.809129
104.410714 76.066964 64.647321
157.180905 7.854271 6.517588
153.257143 7.304082 7.600000
109.329787 77.329787 66.329787
7.409574 14.281167 32.098143
212.771084 39.228916 62.000000
208.970480 39.088561 59.881919
47.583893 128.503356 72.744966
46.250000 127.250000 69.250000
7.316583 12.934673 28.437186
43.459627 121.863354 65.161491
150.282353 7.070588 6.664706
5.357895 12.414141 29.383838
141.265583 6.623306 5.295393
44.308197 123.347541 66.321311
203.897010 137.050167 73.426471
151.539394 7.539394 6.539394
69.402174 90.304348 99.456522
151.397590 7.397590 6.397590
47.823770 128.823770 71.831967
47.216418 128.216418 70.216418
141.102894 6.903537 5.383871
207.921569 153.217822 79.922807
101.440299 73.104478 61.231343
155.580000 7.580000 5.580000
208.835249 36.835249 58.835249
46.239216 127.239216 69.239216
49.503546 130.503546 72.730496
10.575000 13.462500 29.793750
19.964467 38.120930 38.637209
211.408377 38.078534 60.743455
152.107143 8.107143 7.107143
217.091667 186.891667 77.279167
109.985185 77.985185 66.985185
110.215385 78.215385 66.876923
112.386076 83.436709 75.284810
213.421053 40.400000 62.910526
114.025445 84.900763 76.783715
205.456757 43.116216 57.539295
31.129944 64.895000 48.959391
22.355263 101.289474 136.026316
103.479087 75.144487 63.574144
51.712121 134.287879 78.227273
109.495495 76.954955 67.036036
11.771784 15.033195 29.834025
151.548611 7.548611 6.569444
107.516129 75.516129 64.516129
107.927885 75.562500 65.293269
30.625641 106.066667 136.410256
210.016260 38.552846 58.821138
209.811881 37.811881 59.811881
152.556962 7.050633 7.189873
22.251429 105.368571 139.322857
110.958678 86.115702 77.081301
23.980676 105.285024 139.850242
155.531915 13.579787 11.787709
211.221477 37.221477 60.221477
110.986631 78.649733 68.569519
153.217765 7.269341 7.243553
102.654545 69.963636 59.309091
219.737864 188.203883 79.067961
211.803681 38.233129 61.018405
147.444444 8.388889 7.333333
7.096447 14.060606 32.141414
107.424460 75.352518 64.564748
211.265734 37.825175 60.545455
212.800000 39.086957 61.943478
100.057143 70.192857 61.321429
208.456989 36.456989 58.456989
110.309353 78.226619 67.392086
110.739130 78.072464 68.405797
49.960000 131.226667 74.573333
34.229630 99.925926 126.829630
48.873016 129.269841 73.571429
21.649123 105.109649 139.478070
222.201031 187.288660 87.041667
8.132653 12.887755 28.204082
223.881029 193.533762 84.942122
51.255725 121.648855 67.687023
205.832669 36.000000 57.426295
151.374233 7.423313 6.546012
17.395210 32.972067 36.195531
21.940639 104.639269 138.739726
150.530612 7.265306 6.795918
52.135714 14.314286 25.528571
25.584746 108.635593 142.635593
105.554672 73.753479 62.801193
98.066667 70.188889 59.444444
48.094595 128.128378 72.554054
44.709677 15.821192 25.228188
103.227273 75.282828 63.232323
