-71.0676 -11.549612 -8.000000 4
-69.8117 -12.104797 -10.901820 4
-68.5980 -12.643184 -13.908009 4
-67.4225 -13.165394 -16.996261 4
-66.2810 -13.671866 -20.144270 4
-65.1694 -14.162862 -23.329733 4
-64.0838 -14.638467 -26.530342 4
-63.0200 -15.098588 -29.723793 4
-61.9741 -15.542958 -32.887781 4
-60.9420 -15.971131 -36.000000 4
-59.9197 -16.382491 -39.038145 4
-58.9035 -16.776244 -41.979910 4
-57.8893 -17.151428 -44.802991 4
-56.8733 -17.506908 -47.485082 4
-55.8519 -17.841378 -50.003878 4
-54.8211 -18.153366 -52.337073 4
-53.7775 -18.441231 -54.462361 4
-52.7173 -18.703169 -56.357439 4
-51.6370 -18.937211 -58.000000 4
-50.5450 -19.145662 -59.380442 4
-49.4959 -19.349394 -60.539976 4
-48.5553 -19.576263 -61.532515 4
-47.7875 -19.856893 -62.411971 4
-47.2556 -20.224640 -63.232260 4
-47.0213 -20.715568 -64.047294 4
-47.1451 -21.368407 -64.910986 4
-47.6860 -22.224522 -65.877250 4
-48.7012 -23.327875 -67.000000 4
-50.2191 -24.711356 -68.320745 4
-52.1563 -26.353502 -69.831379 4
-54.4036 -28.215312 -71.511395 4
-56.8536 -30.253332 -73.340283 4
-59.4010 -32.419720 -75.297535 4
-61.9427 -34.662297 -77.362641 4
-64.3780 -36.924608 -79.515093 4
-66.6084 -39.145987 -81.734382 4
-68.5382 -41.261617 -84.000000 4
-70.0937 -43.214774 -86.296799 4
-71.2823 -44.995072 -88.631078 4
-72.1309 -46.604899 -91.014498 4
-72.6659 -48.047655 -93.458721 4
-72.9136 -49.327737 -95.975407 4
-72.8997 -50.450531 -98.576217 4
-72.6496 -51.422398 -101.272812 4
-72.1883 -52.250662 -104.076853 4
-71.5400 -52.943594 -107.000000 4
-70.7211 -53.504507 -110.043501 4
-69.7165 -53.913399 -113.166943 4
-68.5042 -54.143488 -116.319500 4
-67.0634 -54.166973 -119.450347 4
-65.3741 -53.955054 -122.508656 4
-63.4175 -53.477961 -125.443603 4
-61.1760 -52.704982 -128.204359 4
-58.6328 -51.604489 -130.740101 4
-55.7726 -50.143966 -133.000000 4
-52.6090 -48.315634 -134.950324 4
-49.2660 -46.215605 -136.625705 4
-45.8908 -43.971159 -138.077871 4
-42.6249 -41.715604 -139.358547 4
-39.6042 -39.588127 -140.519460 4
-36.9587 -37.733636 -141.612336 4
-34.8124 -36.302614 -142.688900 4
-33.2831 -35.450953 -143.800880 4
-32.4823 -35.339797 -145.000000 4
-32.4700 -36.085196 -146.325301 4
-33.1232 -37.603603 -147.765079 4
-34.2790 -39.755748 -149.294941 4
-35.7807 -42.396018 -150.890498 4
-37.4783 -45.372636 -152.527357 4
-39.2285 -48.527831 -154.181128 4
-40.8946 -51.698022 -155.827419 4
-42.3472 -54.714002 -157.441840 4
-43.4639 -57.401120 -159.000000 4
-44.1592 -59.619440 -160.486468 4
-44.4702 -61.386313 -161.921661 4
-44.4614 -62.760910 -163.334956 4
-44.1948 -63.804813 -164.755731 4
-43.7295 -64.581946 -166.213362 4
-43.1217 -65.158494 -167.737227 4
-42.4249 -65.602827 -169.356703 4
-41.6891 -65.985419 -171.101169 4
-40.9617 -66.378769 -173.000000 4
-40.2763 -66.839916 -175.073133 4
-39.6230 -67.357256 -177.302734 4
-38.9821 -67.901192 -179.661530 4
-38.3354 -68.441348 -182.122245 4
-37.6659 -68.946598 -184.657605 4
-36.9579 -69.385106 -187.240335 4
-36.1971 -69.724357 -189.843161 4
-35.3705 -69.931194 -192.438807 4
-34.4665 -69.971856 -195.000000 4
-33.4749 -69.812009 -197.499464 4
-32.3868 -69.416787 -199.909926 4
-31.1949 -68.750827 -202.204109 4
-29.8931 -67.778304 -204.354741 4
-28.4771 -66.462974 -206.334545 4
-26.9437 -64.768205 -208.116248 4
-25.2914 -62.657020 -209.672574 4
-23.5200 -60.092134 -210.976250 4
-21.6309 -57.035991 -212.000000 4

-63.7528 -33.460068 -8.000000 4
-62.3858 -33.588977 -10.901820 4
-61.0640 -33.715325 -13.908009 4
-59.7836 -33.838402 -16.996261 4
-58.5405 -33.957331 -20.144270 4
-57.3307 -34.071069 -23.329733 4
-56.1503 -34.178410 -26.530342 4
-54.9955 -34.277986 -29.723793 4
-53.8627 -34.368267 -32.887781 4
-52.7481 -34.447569 -36.000000 4
-51.6482 -34.514052 -39.038145 4
-50.5596 -34.565722 -41.979910 4
-49.4788 -34.600436 -44.802991 4
-48.4026 -34.615905 -47.485082 4
-47.3277 -34.609693 -50.003878 4
-46.2512 -34.579223 -52.337073 4
-45.1701 -34.521779 -54.462361 4
-44.0816 -34.434509 -56.357439 4
-42.9828 -34.314427 -58.000000 4
-41.8809 -34.166333 -59.380442 4
-40.8213 -34.027372 -60.539976 4
-39.8573 -33.944707 -61.532515 4
-39.0401 -33.967755 -62.411971 4
-38.4191 -34.148135 -63.232260 4
-38.0415 -34.539617 -64.047294 4
-37.9522 -35.198067 -64.910986 4
-38.1941 -36.181387 -65.877250 4
-38.8077 -37.549462 -67.000000 4
-39.8093 -39.342395 -68.320745 4
-41.1268 -41.513489 -69.831379 4
-42.6689 -43.991130 -71.511395 4
-44.3474 -46.700102 -73.340283 4
-46.0777 -49.561685 -75.297535 4
-47.7785 -52.493736 -77.362641 4
-49.3720 -55.410791 -79.515093 4
-50.7842 -58.224153 -81.734382 4
-51.9447 -60.841988 -84.000000 4
-52.8017 -63.187227 -86.296799 4
-53.3654 -65.252302 -88.631078 4
-53.6605 -67.047992 -91.014498 4
-53.7111 -68.585927 -93.458721 4
-53.5407 -69.878565 -95.975407 4
-53.1720 -70.939180 -98.576217 4
-52.6270 -71.781836 -101.272812 4
-51.9271 -72.421368 -104.076853 4
-51.0928 -72.873366 -107.000000 4
-50.1384 -73.146089 -110.043501 4
-49.0560 -73.215809 -113.166943 4
-47.8333 -73.050173 -116.319500 4
-46.4591 -72.616182 -119.450347 4
-44.9239 -71.880221 -122.508656 4
-43.2191 -70.808095 -125.443603 4
-41.3376 -69.365062 -128.204359 4
-39.2738 -67.515866 -130.740101 4
-37.0234 -65.224776 -133.000000 4
-34.6015 -62.488718 -134.950324 4
-32.0956 -59.438153 -136.625705 4
-29.6048 -56.240396 -138.077871 4
-27.2213 -53.066722 -139.358547 4
-25.0298 -50.092175 -140.519460 4
-23.1077 -47.495374 -141.612336 4
-21.5249 -45.458321 -142.688900 4
-20.3440 -44.166201 -143.800880 4
-19.6196 -43.807185 -145.000000 4
-19.3719 -44.510332 -146.325301 4
-19.5107 -46.157453 -147.765079 4
-19.9255 -48.564838 -149.294941 4
-20.5139 -51.544778 -150.890498 4
-21.1815 -54.905787 -152.527357 4
-21.8424 -58.452814 -154.181128 4
-22.4189 -61.987465 -155.827419 4
-22.8417 -65.308226 -157.441840 4
-23.0500 -68.210683 -159.000000 4
-23.0071 -70.535031 -160.486468 4
-22.7425 -72.309433 -161.921661 4
-22.2988 -73.610498 -163.334956 4
-21.7154 -74.516255 -164.755731 4
-21.0280 -75.106056 -166.213362 4
-20.2689 -75.460484 -167.737227 4
-19.4672 -75.661265 -169.356703 4
-18.6481 -75.791172 -171.101169 4
-17.8336 -75.933934 -173.000000 4
-17.0375 -76.154309 -175.073133 4
-16.2539 -76.438132 -177.302734 4
-15.4738 -76.751134 -179.661530 4
-14.6893 -77.058706 -182.122245 4
-13.8943 -77.325946 -184.657605 4
-13.0839 -77.517691 -187.240335 4
-12.2548 -77.598560 -189.843161 4
-11.4052 -77.532994 -192.438807 4
-10.5349 -77.285292 -195.000000 4
-9.6449 -76.819650 -197.499464 4
-8.7380 -76.100207 -199.909926 4
-7.8183 -75.091076 -202.204109 4
-6.8915 -73.756391 -204.354741 4
-5.9649 -72.060340 -206.334545 4
-5.0471 -69.967213 -208.116248 4
-4.1483 -67.441432 -209.672574 4
-3.2803 -64.447598 -210.976250 4
-2.4562 -60.950529 -212.000000 4

-49.8762 -51.926576 -8.000000 4
-48.5386 -51.615941 -10.901820 4
-47.2449 -51.317244 -13.908009 4
-45.9914 -51.028520 -16.996261 4
-44.7746 -50.747665 -20.144270 4
-43.5910 -50.472440 -23.329733 4
-42.4374 -50.200469 -26.530342 4
-41.3105 -49.929249 -29.723793 4
-40.2074 -49.656150 -32.887781 4
-39.1251 -49.378419 -36.000000 4
-38.0607 -49.093181 -39.038145 4
-37.0118 -48.797449 -41.979910 4
-35.9756 -48.488121 -44.802991 4
-34.9498 -48.161987 -47.485082 4
-33.9323 -47.815732 -50.003878 4
-32.9209 -47.445941 -52.337073 4
-31.9136 -47.049100 -54.462361 4
-30.9087 -46.621604 -56.357439 4
-29.9045 -46.159758 -58.000000 4
-28.9062 -45.670361 -59.380442 4
-27.9451 -45.203011 -60.539976 4
-27.0569 -44.819320 -61.532515 4
-26.2745 -44.582413 -62.411971 4
-25.6283 -44.556860 -63.232260 4
-25.1461 -44.808603 -64.047294 4
-24.8529 -45.404892 -64.910986 4
-24.7710 -46.414207 -65.877250 4
-24.9198 -47.906191 -67.000000 4
-25.3021 -49.924035 -68.320745 4
-25.8643 -52.400613 -69.831379 4
-26.5424 -55.239067 -71.511395 4
-27.2767 -58.340165 -73.340283 4
-28.0118 -61.602407 -75.297535 4
-28.6966 -64.922147 -77.362641 4
-29.2844 -68.193701 -79.515093 4
-29.7330 -71.309474 -81.734382 4
-30.0047 -74.160069 -84.000000 4
-30.0750 -76.656002 -86.296799 4
-29.9557 -78.793302 -88.631078 4
-29.6670 -80.590029 -91.014498 4
-29.2280 -82.064847 -93.458721 4
-28.6570 -83.236995 -95.975407 4
-27.9714 -84.126264 -98.576217 4
-27.1876 -84.752976 -101.272812 4
-26.3212 -85.137952 -104.076853 4
-25.3867 -85.302492 -107.000000 4
-24.3951 -85.258955 -110.043501 4
-23.3463 -84.982327 -113.166943 4
-22.2389 -84.438013 -116.319500 4
-21.0730 -83.591216 -119.450347 4
-19.8498 -82.406964 -122.508656 4
-18.5722 -80.850156 -125.443603 4
-17.2446 -78.885596 -128.204359 4
-15.8726 -76.478030 -130.740101 4
-14.4634 -73.592188 -133.000000 4
-13.0326 -70.230018 -134.950324 4
-11.6217 -66.542903 -136.625705 4
-10.2717 -62.720971 -138.077871 4
-9.0159 -58.955834 -139.358547 4
-7.8791 -55.440379 -140.519460 4
-6.8782 -52.368550 -141.612336 4
-6.0220 -49.935135 -142.688900 4
-5.3110 -48.335550 -143.800880 4
-4.7376 -47.765626 -145.000000 4
-4.2800 -48.354148 -146.325301 4
-3.8900 -49.960450 -147.765079 4
-3.5211 -52.375289 -149.294941 4
-3.1356 -55.388183 -150.890498 4
-2.7045 -58.787645 -152.527357 4
-2.2082 -62.361418 -154.181128 4
-1.6357 -65.896718 -155.827419 4
-0.9851 -69.180463 -157.441840 4
-0.2636 -71.999517 -159.000000 4
0.5131 -74.190656 -160.486468 4
1.3260 -75.789950 -161.921661 4
2.1588 -76.883571 -163.334956 4
2.9991 -77.557955 -164.755731 4
3.8379 -77.899716 -166.213362 4
4.6701 -77.995543 -167.737227 4
5.4942 -77.932107 -169.356703 4
6.3122 -77.795958 -171.101169 4
7.1300 -77.673437 -173.000000 4
7.9550 -77.630358 -175.073133 4
8.7881 -77.651453 -177.302734 4
9.6272 -77.701303 -179.661530 4
10.4687 -77.744634 -182.122245 4
11.3074 -77.746357 -184.657605 4
12.1368 -77.671603 -187.240335 4
12.9488 -77.485768 -189.843161 4
13.7339 -77.154547 -192.438807 4
14.4811 -76.643975 -195.000000 4
15.1778 -75.920466 -197.499464 4
15.8102 -74.950851 -199.909926 4
16.3630 -73.702417 -202.204109 4
16.8194 -72.142945 -204.354741 4
17.1613 -70.240744 -206.334545 4
17.3690 -67.964697 -208.116248 4
17.4217 -65.284291 -209.672574 4
17.2970 -62.169656 -210.976250 4
16.9713 -58.591605 -212.000000 4

-30.8659 -65.048431 -8.000000 4
-29.6955 -64.330226 -10.901820 4
-28.5630 -63.637227 -13.908009 4
-27.4654 -62.966420 -16.996261 4
-26.4002 -62.314689 -20.144270 4
-25.3647 -61.678827 -23.329733 4
-24.3565 -61.055537 -26.530342 4
-23.3736 -60.441438 -29.723793 4
-22.4137 -59.833069 -32.887781 4
-21.4750 -59.226890 -36.000000 4
-20.5558 -58.619291 -39.038145 4
-19.6544 -58.006596 -41.979910 4
-18.7695 -57.385064 -44.802991 4
-17.8998 -56.750895 -47.485082 4
-17.0443 -56.100236 -50.003878 4
-16.2020 -55.429184 -52.337073 4
-15.3722 -54.733792 -54.462361 4
-14.5544 -54.010072 -56.357439 4
-13.7482 -53.253998 -58.000000 4
-12.9562 -52.473672 -59.380442 4
-12.1926 -51.726035 -60.539976 4
-11.4716 -51.080810 -61.532515 4
-10.8045 -50.608333 -62.411971 4
-10.1997 -50.379476 -63.232260 4
-9.6626 -50.465569 -64.047294 4
-9.1956 -50.938322 -64.910986 4
-8.7983 -51.869746 -65.877250 4
-8.4670 -53.332074 -67.000000 4
-8.1906 -55.367138 -68.320745 4
-7.9396 -57.894292 -69.831379 4
-7.6840 -60.801407 -71.511395 4
-7.3985 -63.975443 -73.340283 4
-7.0627 -67.302572 -75.297535 4
-6.6610 -70.668307 -77.362641 4
-6.1825 -73.957630 -79.515093 4
-5.6214 -77.055117 -81.734382 4
-4.9765 -79.845067 -84.000000 4
-4.2527 -82.234795 -86.296799 4
-3.4628 -84.224334 -88.631078 4
-2.6199 -85.837167 -91.014498 4
-1.7365 -87.097069 -93.458721 4
-0.8237 -88.028080 -95.975407 4
0.1082 -88.654474 -98.576217 4
1.0501 -89.000736 -101.272812 4
1.9938 -89.091532 -104.076853 4
2.9324 -88.951680 -107.000000 4
3.8592 -88.596363 -110.043501 4
4.7664 -88.001859 -113.166943 4
5.6444 -87.134893 -116.319500 4
6.4822 -85.962447 -119.450347 4
7.2674 -84.451796 -122.508656 4
7.9862 -82.570543 -125.443603 4
8.6234 -80.286663 -128.204359 4
9.1624 -77.568531 -130.740101 4
9.5852 -74.384968 -133.000000 4
9.8777 -70.742745 -134.950324 4
10.0484 -66.798585 -136.625705 4
10.1186 -62.745858 -138.077871 4
10.1175 -58.776793 -139.358547 4
10.0826 -55.082266 -140.519460 4
10.0592 -51.851583 -141.612336 4
10.1008 -49.272269 -142.688900 4
10.2686 -47.529860 -143.800880 4
10.6320 -46.807688 -145.000000 4
11.2525 -47.221011 -146.325301 4
12.1310 -48.621162 -147.765079 4
13.2456 -50.794903 -149.294941 4
14.5655 -53.530642 -150.890498 4
16.0508 -56.618659 -152.527357 4
17.6533 -59.851341 -154.181128 4
19.3159 -63.023411 -155.827419 4
20.9728 -65.932155 -157.441840 4
22.5499 -68.377649 -159.000000 4
23.9805 -70.210049 -160.486468 4
25.2580 -71.469627 -161.921661 4
26.3943 -72.243239 -163.334956 4
27.4048 -72.616838 -164.755731 4
28.3087 -72.675383 -166.213362 4
29.1284 -72.502747 -167.737227 4
29.8900 -72.181621 -169.356703 4
30.6228 -71.793431 -171.101169 4
31.3598 -71.418238 -173.000000 4
32.1286 -71.116139 -175.073133 4
32.9255 -70.872333 -177.302734 4
33.7372 -70.653900 -179.661530 4
34.5491 -70.428531 -182.122245 4
35.3453 -70.164560 -184.657605 4
36.1083 -69.831002 -187.240335 4
36.8197 -69.397589 -189.843161 4
37.4595 -68.834805 -192.438807 4
38.0065 -68.113915 -195.000000 4
38.4383 -67.207007 -197.499464 4
38.7311 -66.087021 -199.909926 4
38.8601 -64.727782 -202.204109 4
38.7992 -63.104033 -204.354741 4
38.5211 -61.191471 -206.334545 4
37.9974 -58.966771 -208.116248 4
37.1986 -56.407626 -209.672574 4
36.0940 -53.492771 -210.976250 4
34.6519 -50.202016 -212.000000 4

-8.6786 -71.475039 -8.000000 4
-7.7960 -70.423185 -10.901820 4
-6.9412 -69.407214 -13.908009 4
-6.1125 -68.423368 -16.996261 4
-5.3085 -67.467842 -20.144270 4
-4.5276 -66.536791 -23.329733 4
-3.7687 -65.626336 -26.530342 4
-3.0308 -64.732565 -29.723793 4
-2.3130 -63.851542 -32.887781 4
-1.6146 -62.979308 -36.000000 4
-0.9350 -62.111887 -39.038145 4
-0.2741 -61.245291 -41.979910 4
0.3684 -60.375527 -44.802991 4
0.9925 -59.498597 -47.485082 4
1.5980 -58.610504 -50.003878 4
2.1844 -57.707262 -52.337073 4
2.7513 -56.784894 -54.462361 4
3.2979 -55.839438 -56.357439 4
3.8232 -54.866958 -58.000000 4
4.3273 -53.876018 -59.380442 4
4.8148 -52.925047 -60.539976 4
5.2944 -52.084699 -61.532515 4
5.7776 -51.425283 -62.411971 4
6.2788 -51.016678 -63.232260 4
6.8155 -50.928259 -64.047294 4
7.4081 -51.228818 -64.910986 4
8.0800 -51.986482 -65.877250 4
8.8573 -53.268640 -67.000000 4
9.7639 -55.111461 -68.320745 4
10.8022 -57.429079 -69.831379 4
11.9653 -60.105634 -71.511395 4
13.2412 -63.025913 -73.340283 4
14.6133 -66.075477 -75.297535 4
16.0602 -69.140783 -77.362641 4
17.5557 -72.109314 -79.515093 4
19.0688 -74.869699 -81.734382 4
20.5640 -77.311844 -84.000000 4
22.0073 -79.349398 -86.296799 4
23.3866 -80.986398 -88.631078 4
24.6968 -82.249332 -91.014498 4
25.9337 -83.164641 -93.458721 4
27.0943 -83.758689 -95.975407 4
28.1767 -84.057735 -98.576217 4
29.1797 -84.087908 -101.272812 4
30.1037 -83.875177 -104.076853 4
30.9496 -83.445327 -107.000000 4
31.7162 -82.814802 -110.043501 4
32.3884 -81.963613 -113.166943 4
32.9467 -80.863229 -116.319500 4
33.3701 -79.485812 -119.450347 4
33.6366 -77.804248 -122.508656 4
33.7227 -75.792183 -125.443603 4
33.6039 -73.424055 -128.204359 4
33.2544 -70.675126 -130.740101 4
32.6473 -67.521517 -133.000000 4
31.7713 -63.974125 -134.950324 4
30.6843 -60.178880 -136.625705 4
29.4675 -56.312494 -138.077871 4
28.2096 -52.548026 -139.358547 4
27.0065 -49.054694 -140.519460 4
25.9613 -45.997681 -141.612336 4
25.1839 -43.537950 -142.688900 4
24.7914 -41.832058 -143.800880 4
24.9074 -41.031970 -145.000000 4
25.6268 -41.227551 -146.325301 4
26.9035 -42.277437 -147.765079 4
28.6491 -43.986345 -149.294941 4
30.7673 -46.163346 -150.890498 4
33.1541 -48.622078 -152.527357 4
35.6978 -51.180938 -154.181128 4
38.2793 -53.663287 -155.827419 4
40.7721 -55.897640 -157.441840 4
43.0424 -57.717867 -159.000000 4
44.9797 -59.002925 -160.486468 4
46.5903 -59.793141 -161.921661 4
47.9131 -60.167119 -163.334956 4
48.9899 -60.201479 -164.755731 4
49.8658 -59.970783 -166.213362 4
50.5887 -59.547451 -167.737227 4
51.2094 -59.001690 -169.356703 4
51.7816 -58.401412 -171.101169 4
52.3618 -57.812165 -173.000000 4
52.9954 -57.282141 -175.073133 4
53.6741 -56.798528 -177.302734 4
54.3748 -56.334296 -179.661530 4
55.0736 -55.863422 -182.122245 4
55.7451 -55.360926 -184.657605 4
56.3633 -54.802897 -187.240335 4
56.9008 -54.166517 -189.843161 4
57.3295 -53.430094 -192.438807 4
57.6201 -52.573086 -195.000000 4
57.7424 -51.576125 -197.499464 4
57.6655 -50.421044 -199.909926 4
57.3575 -49.090902 -202.204109 4
56.7855 -47.570006 -204.354741 4
55.9161 -45.843936 -206.334545 4
54.7148 -43.899566 -208.116248 4
53.1467 -41.725087 -209.672574 4
51.1759 -39.310029 -210.976250 4
48.7660 -36.645278 -212.000000 4

14.4018 -70.544927 -8.000000 4
14.9060 -69.267689 -10.901820 4
15.3951 -68.033317 -13.908009 4
15.8695 -66.837696 -16.996261 4
16.3296 -65.676724 -20.144270 4
16.7755 -64.546314 -23.329733 4
17.2070 -63.442404 -26.530342 4
17.6239 -62.360955 -29.723793 4
18.0258 -61.297960 -32.887781 4
18.4121 -60.249447 -36.000000 4
18.7819 -59.211485 -39.038145 4
19.1344 -58.180185 -41.979910 4
19.4685 -57.151712 -44.802991 4
19.7828 -56.122279 -47.485082 4
20.0758 -55.088162 -50.003878 4
20.3461 -54.045698 -52.337073 4
20.5917 -52.991289 -54.462361 4
20.8107 -51.921413 -56.357439 4
21.0011 -50.832620 -58.000000 4
21.1654 -49.733062 -59.380442 4
21.3267 -48.676636 -60.539976 4
21.5155 -47.727660 -61.532515 4
21.7650 -46.949176 -62.411971 4
22.1110 -46.402880 -63.232260 4
22.5921 -46.149051 -64.047294 4
23.2494 -46.246479 -64.910986 4
24.1266 -46.752399 -65.877250 4
25.2700 -47.722419 -67.000000 4
26.7134 -49.183321 -68.320745 4
28.4323 -51.052856 -69.831379 4
30.3830 -53.223360 -71.511395 4
32.5181 -55.589308 -73.340283 4
34.7853 -58.047424 -75.297535 4
37.1284 -60.496798 -77.362641 4
39.4869 -62.838993 -79.515093 4
41.7963 -64.978159 -81.734382 4
43.9879 -66.821135 -84.000000 4
46.0021 -68.296797 -86.296799 4
47.8288 -69.412766 -88.631078 4
49.4715 -70.195811 -91.014498 4
50.9347 -70.672316 -93.458721 4
52.2237 -70.868257 -95.975407 4
53.3450 -70.809175 -98.576217 4
54.3060 -70.520154 -101.272812 4
55.1150 -70.025793 -104.076853 4
55.7813 -69.350187 -107.000000 4
56.3088 -68.509353 -110.043501 4
56.6769 -67.489090 -113.166943 4
56.8580 -66.268547 -116.319500 4
56.8234 -64.827931 -119.450347 4
56.5436 -63.148533 -122.508656 4
55.9882 -61.212752 -125.443603 4
55.1255 -59.004121 -128.204359 4
53.9235 -56.507335 -130.740101 4
52.3490 -53.708272 -133.000000 4
50.3948 -50.620833 -134.950324 4
48.1619 -47.365138 -136.625705 4
45.7833 -44.083048 -138.077871 4
43.3981 -40.910642 -139.358547 4
41.1507 -37.978063 -140.519460 4
39.1912 -35.409371 -141.612336 4
37.6749 -33.322396 -142.688900 4
36.7624 -31.828604 -143.800880 4
36.6191 -31.032950 -145.000000 4
37.3634 -30.990659 -146.325301 4
38.9068 -31.582218 -147.765079 4
41.1038 -32.650398 -149.294941 4
43.8024 -34.044591 -150.890498 4
46.8449 -35.620967 -152.527357 4
50.0680 -37.242629 -154.181128 4
53.3028 -38.779755 -155.827419 4
56.3748 -40.109742 -157.441840 4
59.1047 -41.117350 -159.000000 4
61.3492 -41.722800 -160.486468 4
63.1272 -41.962320 -161.921661 4
64.5003 -41.898170 -163.334956 4
65.5326 -41.589755 -164.755731 4
66.2904 -41.093562 -166.213362 4
66.8420 -40.463109 -167.737227 4
67.2579 -39.748885 -169.356703 4
67.6106 -38.998305 -171.101169 4
67.9743 -38.255653 -173.000000 4
68.4075 -37.552257 -175.073133 4
68.8981 -36.878615 -177.302734 4
69.4158 -36.216365 -179.661530 4
69.9295 -35.548453 -182.122245 4
70.4073 -34.859153 -184.657605 4
70.8170 -34.134087 -187.240335 4
71.1253 -33.360241 -189.843161 4
71.2987 -32.525978 -192.438807 4
71.3029 -31.621061 -195.000000 4
71.1033 -30.636661 -197.499464 4
70.6646 -29.565374 -199.909926 4
69.9512 -28.401237 -202.204109 4
68.9270 -27.139735 -204.354741 4
67.5557 -25.777816 -206.334545 4
65.8006 -24.313905 -208.116248 4
63.6246 -22.747906 -209.672574 4
60.9905 -21.081219 -210.976250 4
57.8607 -19.316748 -212.000000 4

36.0000 -62.353829 -8.000000 4
36.0738 -60.982670 -10.901820 4
36.1468 -59.656947 -13.908009 4
36.2182 -58.372613 -16.996261 4
36.2870 -57.125690 -20.144270 4
36.3519 -55.912272 -23.329733 4
36.4116 -54.728530 -26.530342 4
36.4646 -53.570712 -29.723793 4
36.5092 -52.435156 -32.887781 4
36.5436 -51.318285 -36.000000 4
36.5657 -50.216615 -39.038145 4
36.5735 -49.126761 -41.979910 4
36.5647 -48.045435 -44.802991 4
36.5368 -46.969458 -47.485082 4
36.4873 -45.895755 -50.003878 4
36.4135 -44.821366 -52.337073 4
36.3126 -43.743445 -54.462361 4
36.1816 -42.659266 -56.357439 4
36.0173 -41.566227 -58.000000 4
35.8250 -40.471224 -59.380442 4
35.6435 -39.418080 -60.539976 4
35.5221 -38.458151 -61.532515 4
35.5122 -37.640727 -62.411971 4
35.6674 -37.012968 -63.232260 4
36.0434 -36.619854 -64.047294 4
36.6977 -36.504124 -64.910986 4
37.6900 -36.706227 -65.877250 4
39.0816 -37.264267 -67.000000 4
40.9134 -38.192883 -68.320745 4
43.1358 -39.421910 -69.831379 4
45.6736 -40.862960 -71.511395 4
48.4479 -42.431055 -73.340283 4
51.3769 -44.044717 -75.297535 4
54.3750 -45.626051 -77.362641 4
57.3539 -47.100837 -79.515093 4
60.2218 -48.398604 -81.734382 4
62.8842 -49.452719 -84.000000 4
65.2621 -50.214603 -86.296799 4
67.3482 -50.694678 -88.631078 4
69.1543 -50.917238 -91.014498 4
70.6930 -50.905894 -93.458721 4
71.9778 -50.683561 -95.975407 4
73.0227 -50.272432 -98.576217 4
73.8427 -49.693963 -101.272812 4
74.4535 -48.968855 -104.076853 4
74.8716 -48.117033 -107.000000 4
75.1056 -47.152434 -110.043501 4
75.1317 -46.068108 -113.166943 4
74.9170 -44.853034 -116.319500 4
74.4280 -43.497498 -119.450347 4
73.6308 -41.993122 -122.508656 4
72.4909 -40.332868 -125.443603 4
70.9733 -38.511063 -128.204359 4
69.0425 -36.523406 -130.740101 4
66.6627 -34.366989 -133.000000 4
63.8313 -32.057285 -134.950324 4
60.6823 -29.676238 -136.625705 4
57.3869 -27.316261 -138.077871 4
54.1198 -25.062444 -139.358547 4
51.0594 -22.992461 -140.519460 4
48.3873 -21.176476 -141.612336 4
46.2882 -19.677064 -142.688900 4
44.9496 -18.549122 -143.800880 4
44.5617 -17.839798 -145.000000 4
45.2543 -17.563987 -146.325301 4
46.9056 -17.636333 -147.765079 4
49.3278 -17.953840 -149.294941 4
52.3290 -18.421723 -150.890498 4
55.7142 -18.953493 -152.527357 4
59.2849 -19.471043 -154.181128 4
62.8399 -19.904734 -155.827419 4
66.1750 -20.193464 -157.441840 4
69.0835 -20.284744 -159.000000 4
71.4042 -20.148268 -160.486468 4
73.1665 -19.812438 -161.921661 4
74.4487 -19.316765 -163.334956 4
75.3302 -18.697318 -164.755731 4
75.8919 -17.986700 -166.213362 4
76.2154 -17.214015 -167.737227 4
76.3838 -16.404842 -169.356703 4
76.4806 -15.581215 -171.101169 4
76.5904 -14.761597 -173.000000 4
76.7786 -13.957227 -175.073133 4
77.0306 -13.162892 -177.302734 4
77.3120 -12.370788 -179.661530 4
77.5877 -11.574583 -182.122245 4
77.8227 -10.769427 -184.657605 4
77.9817 -9.951955 -187.240335 4
78.0291 -9.120291 -189.843161 4
77.9294 -8.274057 -192.438807 4
77.6468 -7.414371 -195.000000 4
77.1457 -6.543854 -197.499464 4
76.3903 -5.666626 -199.909926 4
75.3450 -4.788315 -202.204109 4
73.9741 -3.916049 -204.354741 4
72.2421 -3.058461 -206.334545 4
70.1137 -2.225683 -208.116248 4
67.5538 -1.429347 -209.672574 4
64.5274 -0.682581 -210.976250 4
61.0000 -0.000000 -212.000000 4

53.8928 -47.744831 -8.000000 4
53.5285 -46.420880 -10.901820 4
53.1780 -45.140259 -13.908009 4
52.8390 -43.899405 -16.996261 4
52.5094 -42.694874 -20.144270 4
52.1867 -41.523341 -23.329733 4
51.8685 -40.381605 -26.530342 4
51.5522 -39.266591 -29.723793 4
51.2349 -38.175353 -32.887781 4
50.9138 -37.105080 -36.000000 4
50.5859 -36.053095 -39.038145 4
50.2482 -35.016860 -41.979910 4
49.8974 -33.993981 -44.802991 4
49.5302 -32.982205 -47.485082 4
49.1433 -31.979430 -50.003878 4
48.7331 -30.983700 -52.337073 4
48.2960 -29.993213 -54.462361 4
47.8284 -29.006324 -56.357439 4
47.3265 -28.021542 -58.000000 4
46.7973 -27.043801 -59.380442 4
46.2916 -26.102334 -60.539976 4
45.8724 -25.230256 -61.532515 4
45.6042 -24.458026 -62.411971 4
45.5527 -23.813418 -63.232260 4
45.7848 -23.321480 -64.047294 4
46.3688 -23.004504 -64.910986 4
47.3740 -22.881988 -65.877250 4
48.8708 -22.970611 -67.000000 4
50.9024 -23.271362 -68.320745 4
53.3996 -23.733381 -69.831379 4
56.2630 -24.296653 -71.511395 4
59.3912 -24.905497 -73.340283 4
62.6804 -25.508614 -75.297535 4
66.0250 -26.059147 -77.362641 4
69.3176 -26.514727 -79.515093 4
72.4489 -26.837521 -81.734382 4
75.3081 -26.994278 -84.000000 4
77.8048 -26.963964 -86.296799 4
79.9356 -26.758733 -88.631078 4
81.7192 -26.397900 -91.014498 4
83.1752 -25.899875 -93.458721 4
84.3234 -25.282151 -95.975407 4
85.1843 -24.561291 -98.576217 4
85.7790 -23.752916 -101.272812 4
86.1288 -22.871695 -104.076853 4
86.2555 -21.931331 -107.000000 4
86.1721 -20.942250 -110.043501 4
85.8535 -19.905470 -113.166943 4
85.2650 -18.820927 -116.319500 4
84.3719 -17.689994 -119.450347 4
83.1394 -16.515480 -122.508656 4
81.5324 -15.301639 -125.443603 4
79.5160 -14.054172 -128.204359 4
77.0551 -12.780229 -130.740101 4
74.1149 -11.488411 -133.000000 4
70.6978 -10.194172 -134.950324 4
66.9569 -8.932848 -136.625705 4
63.0837 -7.737890 -138.077871 4
59.2711 -6.634641 -139.358547 4
55.7127 -5.640310 -140.519460 4
52.6030 -4.763948 -141.612336 4
50.1371 -4.006428 -142.688900 4
48.5102 -3.360434 -143.800880 4
47.9177 -2.810447 -145.000000 4
48.4873 -2.329505 -146.325301 4
50.0766 -1.875190 -147.765079 4
52.4746 -1.409346 -149.294941 4
55.4695 -0.902761 -150.890498 4
58.8489 -0.335190 -152.527357 4
62.3998 0.304641 -154.181128 4
65.9091 1.019023 -155.827419 4
69.1640 1.801269 -157.441840 4
71.9517 2.635712 -159.000000 4
74.1098 3.500068 -160.486468 4
75.6751 4.376681 -161.921661 4
76.7343 5.252860 -163.334956 4
77.3743 6.119580 -164.755731 4
77.6820 6.971481 -166.213362 4
77.7442 7.806868 -167.737227 4
77.6477 8.627704 -169.356703 4
77.4787 9.439605 -171.101169 4
77.3233 10.251828 -173.000000 4
77.2471 11.074379 -175.073133 4
77.2346 11.907649 -177.302734 4
77.2506 12.748079 -179.661530 4
77.2601 13.590625 -182.122245 4
77.2280 14.428764 -184.657605 4
77.1199 15.254504 -187.240335 4
76.9015 16.058383 -189.843161 4
76.5390 16.829489 -192.438807 4
75.9987 17.555458 -195.000000 4
75.2477 18.222494 -197.499464 4
74.2535 18.815372 -199.909926 4
72.9838 19.317455 -202.204109 4
71.4072 19.710704 -204.354741 4
69.4928 19.975693 -206.334545 4
67.2102 20.091621 -208.116248 4
64.5298 20.036329 -209.672574 4
61.4228 19.786314 -210.976250 4
57.8607 19.316748 -212.000000 4

66.2385 -28.221596 -8.000000 4
65.4738 -27.081123 -10.901820 4
64.7357 -25.977414 -13.908009 4
64.0213 -24.907758 -16.996261 4
63.3272 -23.869597 -20.144270 4
62.6501 -22.860532 -23.329733 4
61.9868 -21.878318 -26.530342 4
61.3336 -20.920872 -29.723793 4
60.6871 -19.986270 -32.887781 4
60.0436 -19.072755 -36.000000 4
59.3994 -18.178733 -39.038145 4
58.7510 -17.302775 -41.979910 4
58.0943 -16.443624 -44.802991 4
57.4256 -15.600190 -47.485082 4
56.7410 -14.771554 -50.003878 4
56.0366 -13.956971 -52.337073 4
55.3084 -13.155867 -54.462361 4
54.5523 -12.367845 -56.357439 4
53.7644 -11.592680 -58.000000 4
52.9528 -10.832837 -59.380442 4
52.1750 -10.099951 -60.539976 4
51.5013 -9.405482 -61.532515 4
51.0023 -8.757931 -62.411971 4
50.7493 -8.162821 -63.232260 4
50.8137 -7.622695 -64.047294 4
51.2673 -7.137097 -64.910986 4
52.1820 -6.702573 -65.877250 4
53.6298 -6.312657 -67.000000 4
55.6520 -5.954586 -68.320745 4
58.1670 -5.602043 -69.831379 4
61.0615 -5.229562 -71.511395 4
64.2215 -4.816487 -73.340283 4
67.5324 -4.346983 -75.297535 4
70.8792 -3.810050 -77.362641 4
74.1466 -3.199532 -79.515093 4
77.2190 -2.514129 -81.734382 4
79.9807 -1.757393 -84.000000 4
82.3393 -0.938003 -86.296799 4
84.2955 -0.068589 -88.631078 4
85.8730 0.838498 -91.014498 4
87.0964 1.771944 -93.458721 4
87.9899 2.721477 -95.975407 4
88.5782 3.677872 -98.576217 4
88.8863 4.632950 -101.272812 4
88.9390 5.579584 -104.076853 4
88.7615 6.511700 -107.000000 4
88.3691 7.423459 -110.043501 4
87.7386 8.305981 -113.166943 4
86.8370 9.148363 -116.319500 4
85.6317 9.938291 -119.450347 4
84.0907 10.662053 -122.508656 4
82.1820 11.304544 -125.443603 4
79.8743 11.849274 -128.204359 4
77.1367 12.278380 -130.740101 4
73.9387 12.572636 -133.000000 4
70.2876 12.718197 -134.950324 4
66.3398 12.729974 -136.625705 4
62.2875 12.636920 -138.077871 4
58.3217 12.476047 -139.358547 4
54.6316 12.292381 -140.519460 4
51.4045 12.138920 -141.612336 4
48.8256 12.076578 -142.688900 4
47.0778 12.174135 -143.800880 4
46.3416 12.508176 -145.000000 4
46.7296 13.144747 -146.325301 4
48.0933 14.078960 -147.765079 4
50.2204 15.280209 -149.294941 4
52.9007 16.709120 -150.890498 4
55.9264 18.317613 -152.527357 4
59.0920 20.048969 -154.181128 4
62.1945 21.837895 -155.827419 4
65.0342 23.610602 -157.441840 4
67.4142 25.284883 -159.000000 4
69.1875 26.788151 -160.486468 4
70.3946 28.115321 -161.921661 4
71.1219 29.281823 -163.334956 4
71.4545 30.306607 -164.755731 4
71.4766 31.212108 -166.213362 4
71.2711 32.024212 -167.737227 4
70.9195 32.772226 -169.356703 4
70.5021 33.488833 -171.101169 4
70.0976 34.210061 -173.000000 4
69.7648 34.966132 -175.073133 4
69.4891 35.752571 -177.302734 4
69.2381 36.554822 -179.661530 4
68.9803 37.356989 -182.122245 4
68.6844 38.141845 -184.657605 4
68.3204 38.890860 -187.240335 4
67.8587 39.584215 -189.843161 4
67.2706 40.200824 -192.438807 4
66.5283 40.718355 -195.000000 4
65.6047 41.113252 -197.499464 4
64.4739 41.360758 -199.909926 4
63.1105 41.434934 -202.204109 4
61.4906 41.308691 -204.354741 4
59.5908 40.953807 -206.334545 4
57.3889 40.340953 -208.116248 4
54.8640 39.439724 -209.672574 4
51.9960 38.218661 -210.976250 4
48.7660 36.645278 -212.000000 4

71.7665 -5.793593 -8.000000 4
70.6800 -4.953984 -10.901820 4
69.6304 -4.140789 -13.908009 4
68.6140 -3.352427 -16.996261 4
67.6269 -2.587492 -20.144270 4
66.6651 -1.844755 -23.329733 4
65.7249 -1.123159 -26.530342 4
64.8021 -0.421828 -29.723793 4
63.8929 0.259941 -32.887781 4
62.9932 0.922673 -36.000000 4
62.0992 1.566714 -39.038145 4
61.2067 2.192235 -41.979910 4
60.3117 2.799228 -44.802991 4
59.4104 3.387509 -47.485082 4
58.4986 3.956715 -50.003878 4
57.5725 4.506309 -52.337073 4
56.6281 5.035575 -54.462361 4
55.6614 5.543621 -56.357439 4
54.6685 6.029382 -58.000000 4
53.6581 6.493120 -59.380442 4
52.6883 6.941992 -60.539976 4
51.8293 7.387370 -61.532515 4
51.1509 7.843593 -62.411971 4
50.7225 8.327951 -63.232260 4
50.6125 8.860673 -64.047294 4
50.8890 9.464911 -64.910986 4
51.6190 10.166719 -65.877250 4
52.8688 10.995041 -67.000000 4
54.6736 11.975077 -68.320745 4
56.9475 13.105897 -69.831379 4
59.5751 14.375793 -71.511395 4
62.4416 15.768270 -73.340283 4
65.4335 17.262070 -75.297535 4
68.4380 18.831205 -77.362641 4
71.3439 20.444981 -79.515093 4
74.0412 22.068035 -81.734382 4
76.4211 23.660375 -84.000000 4
78.3989 25.184504 -86.296799 4
79.9790 26.628615 -88.631078 4
81.1882 27.988591 -91.014498 4
82.0529 29.261382 -93.458721 4
82.5998 30.444992 -95.975407 4
82.8550 31.538482 -98.576217 4
82.8448 32.541959 -101.272812 4
82.5950 33.456571 -104.076853 4
82.1314 34.284500 -107.000000 4
81.4706 35.025092 -110.043501 4
80.5930 35.662522 -113.166943 4
79.4710 36.176039 -116.319500 4
78.0777 36.543656 -119.450347 4
76.3867 36.742172 -122.508656 4
74.3728 36.747182 -125.443603 4
72.0114 36.533108 -128.204359 4
69.2788 36.073211 -130.740101 4
66.1522 35.339618 -133.000000 4
62.6429 34.321518 -134.950324 4
58.8945 33.082536 -136.625705 4
55.0803 31.711048 -138.077871 4
51.3695 30.302611 -139.358547 4
47.9275 28.959854 -140.519460 4
44.9150 27.792363 -141.612336 4
42.4886 26.916576 -142.688900 4
40.7999 26.455655 -143.800880 4
39.9958 26.539368 -145.000000 4
40.1622 27.266047 -146.325301 4
41.1599 28.584004 -147.765079 4
42.7971 30.397016 -149.294941 4
44.8870 32.601179 -150.890498 4
47.2477 35.085037 -152.527357 4
49.7020 37.729714 -154.181128 4
52.0784 40.409055 -155.827419 4
54.2106 42.989765 -157.441840 4
55.9379 45.331553 -159.000000 4
57.1439 47.319008 -160.486468 4
57.8686 48.960132 -161.921661 4
58.1891 50.296893 -163.334956 4
58.1800 51.374263 -164.755731 4
57.9143 52.240162 -166.213362 4
57.4622 52.945397 -167.737227 4
56.8918 53.543597 -169.356703 4
56.2690 54.091153 -171.101169 4
55.6569 54.647152 -173.000000 4
55.1018 55.258922 -175.073133 4
54.5912 55.917583 -177.302734 4
54.0992 56.599084 -179.661530 4
53.6005 57.278306 -182.122245 4
53.0714 57.929096 -184.657605 4
52.4889 58.524292 -187.240335 4
51.8314 59.035757 -189.843161 4
51.0783 59.434404 -192.438807 4
50.2103 59.690229 -195.000000 4
49.2092 59.772342 -197.499464 4
48.0582 59.649000 -199.909926 4
46.7415 59.287636 -202.204109 4
45.2449 58.654894 -204.354741 4
43.5552 57.716663 -206.334545 4
41.6608 56.438107 -208.116248 4
39.5512 54.783702 -209.672574 4
37.2175 52.717271 -210.976250 4
34.6519 50.202016 -212.000000 4

69.9078 17.230728 -8.000000 4
68.6113 17.683054 -10.901820 4
67.3582 18.122035 -13.908009 4
66.1445 18.547960 -16.996261 4
64.9659 18.960936 -20.144270 4
63.8185 19.360898 -23.329733 4
62.6981 19.747603 -26.530342 4
61.6007 20.120633 -29.723793 4
60.5224 20.479398 -32.887781 4
59.4592 20.823132 -36.000000 4
58.4072 21.150903 -39.038145 4
57.3625 21.461604 -41.979910 4
56.3214 21.753963 -44.802991 4
55.2802 22.026540 -47.485082 4
54.2351 22.277731 -50.003878 4
53.1826 22.505767 -52.337073 4
52.1192 22.708719 -54.462361 4
51.0413 22.884498 -56.357439 4
49.9458 23.030858 -58.000000 4
48.8405 23.150759 -59.380442 4
47.7784 23.269415 -60.539976 4
46.8226 23.419862 -61.532515 4
46.0347 23.637798 -62.411971 4
45.4749 23.961552 -63.232260 4
45.2019 24.432038 -64.047294 4
45.2728 25.092722 -64.910986 4
45.7430 25.989580 -65.877250 4
46.6662 27.171051 -67.000000 4
48.0678 28.672181 -68.320745 4
49.8666 30.464885 -69.831379 4
51.9568 32.501489 -71.511395 4
54.2349 34.730044 -73.340283 4
56.5997 37.094389 -75.297535 4
58.9527 39.534218 -77.362641 4
61.1981 41.985151 -79.515093 4
63.2425 44.378800 -81.734382 4
64.9957 46.642849 -84.000000 4
66.3891 48.714843 -86.296799 4
67.4306 50.585012 -88.631078 4
68.1469 52.257900 -91.014498 4
68.5641 53.739029 -93.458721 4
68.7079 55.034891 -95.975407 4
68.6038 56.152927 -98.576217 4
68.2763 57.101519 -101.272812 4
67.7497 57.889971 -104.076853 4
67.0479 58.528495 -107.000000 4
66.1865 59.021694 -110.043501 4
65.1522 59.348422 -113.166943 4
63.9254 59.480219 -116.319500 4
62.4873 59.387688 -119.450347 4
60.8205 59.040524 -122.508656 4
58.9087 58.407539 -125.443603 4
56.7366 57.456695 -128.204359 4
54.2902 56.155131 -130.740101 4
51.5568 54.469194 -133.000000 4
48.5506 52.392225 -134.950324 4
45.3874 50.030008 -136.625705 4
42.2038 47.521249 -138.077871 4
39.1300 45.010215 -139.358547 4
36.2903 42.646571 -140.519460 4
33.8026 40.585219 -141.612336 4
31.7784 38.986129 -142.688900 4
30.3225 38.014170 -143.800880 4
29.5333 37.838939 -145.000000 4
29.4611 38.580932 -146.325301 4
29.9900 40.146979 -147.765079 4
30.9688 42.385146 -149.294941 4
32.2532 45.137693 -150.890498 4
33.7058 48.241259 -152.527357 4
35.1964 51.527050 -154.181128 4
36.6020 54.821028 -155.827419 4
37.8072 57.944114 -157.441840 4
38.7041 60.712377 -159.000000 4
39.2187 62.979456 -160.486468 4
39.3864 64.765618 -161.921661 4
39.2670 66.135048 -163.334956 4
38.9173 67.154114 -164.755731 4
38.3910 67.891288 -166.213362 4
37.7388 68.417064 -167.737227 4
37.0084 68.803880 -169.356703 4
36.2443 69.126026 -171.101169 4
35.4876 69.459569 -173.000000 4
34.7673 69.864070 -175.073133 4
34.0745 70.327160 -177.302734 4
33.3919 70.817764 -179.661530 4
32.7038 71.304132 -182.122245 4
31.9959 71.753871 -184.657605 4
31.2549 72.133988 -187.240335 4
30.4693 72.410920 -189.843161 4
29.6287 72.550573 -192.438807 4
28.7243 72.518360 -195.000000 4
27.7488 72.279237 -197.499464 4
26.6960 71.797743 -199.909926 4
25.5616 71.038032 -202.204109 4
24.3423 69.963918 -204.354741 4
23.0367 68.538910 -206.334545 4
21.6447 66.726249 -208.116248 4
20.1676 64.488952 -209.672574 4
18.6083 61.789845 -210.976250 4
16.9713 58.591605 -212.000000 4

60.8537 38.481539 -8.000000 4
59.4807 38.500026 -10.901820 4
58.1531 38.519611 -13.908009 4
56.8669 38.539258 -16.996261 4
55.6182 38.557770 -20.144270 4
54.4032 38.573790 -23.329733 4
53.2180 38.585802 -26.530342 4
52.0590 38.592136 -29.723793 4
50.9226 38.590969 -32.887781 4
49.8052 38.580327 -36.000000 4
48.7035 38.558090 -39.038145 4
47.6143 38.521992 -41.979910 4
46.5342 38.469626 -44.802991 4
45.4602 38.398444 -47.485082 4
44.3893 38.305764 -50.003878 4
43.3188 38.188772 -52.337073 4
42.2458 38.044521 -54.462361 4
41.1678 37.869940 -56.357439 4
40.0822 37.661833 -58.000000 4
38.9959 37.425556 -59.380442 4
37.9509 37.201784 -60.539976 4
36.9966 37.041814 -61.532515 4
36.1803 36.999033 -62.411971 4
35.5468 37.128858 -63.232260 4
35.1388 37.488683 -64.047294 4
34.9969 38.137813 -64.910986 4
35.1588 39.137409 -65.877250 4
35.6604 40.550424 -67.000000 4
36.5145 42.418140 -68.320745 4
37.6530 44.688210 -69.831379 4
38.9907 47.281901 -71.511395 4
40.4458 50.117155 -73.340283 4
41.9403 53.108688 -75.297535 4
43.3996 56.168088 -77.362641 4
44.7532 59.203910 -79.515093 4
45.9345 62.121783 -81.734382 4
46.8805 64.824509 -84.000000 4
47.5460 67.231104 -86.296799 4
47.9417 69.334840 -88.631078 4
48.0914 71.148453 -91.014498 4
48.0181 72.685474 -93.458721 4
47.7442 73.960208 -95.975407 4
47.2913 74.987714 -98.576217 4
46.6803 75.783784 -101.272812 4
45.9312 76.364922 -104.076853 4
45.0632 76.748321 -107.000000 4
44.0900 76.943363 -110.043501 4
43.0055 76.925760 -113.166943 4
41.8001 76.662272 -116.319500 4
40.4653 76.119117 -119.450347 4
38.9943 75.262006 -122.508656 4
37.3812 74.056177 -125.443603 4
35.6220 72.466430 -128.204359 4
33.7137 70.457165 -130.740101 4
31.6549 67.992414 -133.000000 4
29.4611 65.070351 -134.950324 4
27.2087 61.828036 -136.625705 4
24.9834 58.440226 -138.077871 4
22.8629 55.085047 -139.358547 4
20.9179 51.943801 -140.519460 4
19.2109 49.200756 -141.612336 4
17.7973 47.042952 -142.688900 4
16.7241 45.659997 -143.800880 4
16.0310 45.243857 -145.000000 4
15.7275 45.924793 -146.325301 4
15.7333 47.577740 -147.765079 4
15.9531 50.010694 -149.294941 4
16.2997 53.028314 -150.890498 4
16.6947 56.432148 -152.527357 4
17.0681 60.020854 -154.181128 4
17.3583 63.590431 -155.827419 4
17.5125 66.934444 -157.441840 4
17.4866 69.844252 -159.000000 4
17.2568 72.157609 -160.486468 4
16.8503 73.904965 -161.921661 4
16.3034 75.166114 -163.334956 4
15.6489 76.021986 -164.755731 4
14.9163 76.554559 -166.213362 4
14.1312 76.846761 -167.737227 4
13.3159 76.982377 -169.356703 4
12.4890 77.045957 -171.101169 4
11.6656 77.122713 -173.000000 4
10.8543 77.278310 -175.073133 4
10.0505 77.498165 -177.302734 4
9.2477 77.747377 -179.661530 4
8.4411 77.990829 -182.122245 4
7.6271 78.193228 -184.657605 4
6.8039 78.319140 -187.240335 4
5.9710 78.333035 -189.843161 4
5.1294 78.199320 -192.438807 4
4.2818 77.882385 -195.000000 4
3.4322 77.346639 -197.499464 4
2.5861 76.556551 -199.909926 4
1.7506 75.476688 -202.204109 4
0.9342 74.071757 -204.354741 4
0.1471 72.306644 -206.334545 4
-0.5993 70.146451 -208.116248 4
-1.2919 67.556540 -209.672574 4
-1.9162 64.502567 -210.976250 4
-2.4562 60.950529 -212.000000 4

45.5361 55.771557 -8.000000 4
44.2279 55.354302 -10.901820 4
42.9624 54.952474 -13.908009 4
41.7362 54.563822 -16.996261 4
40.5459 54.185964 -20.144270 4
39.3883 53.816392 -23.329733 4
38.2603 53.452475 -26.530342 4
37.1589 53.091461 -29.723793 4
36.0814 52.730483 -32.887781 4
35.0249 52.366560 -36.000000 4
33.9870 51.996605 -39.038145 4
32.9652 51.617423 -41.979910 4
31.9572 51.225721 -44.802991 4
30.9611 50.818106 -47.485082 4
29.9747 50.391096 -50.003878 4
28.9963 49.941116 -52.337073 4
28.0242 49.464510 -54.462361 4
27.0569 48.957538 -56.357439 4
26.0932 48.416385 -58.000000 4
25.1375 47.848249 -59.380442 4
24.2172 47.305081 -60.539976 4
23.3627 46.851160 -61.532515 4
22.6019 46.552064 -62.411971 4
21.9599 46.474599 -63.232260 4
21.4590 46.686726 -64.047294 4
21.1188 47.257488 -64.910986 4
20.9559 48.256936 -65.877250 4
20.9842 49.756057 -67.000000 4
21.2029 51.798122 -68.320745 4
21.5639 54.311906 -69.831379 4
22.0115 57.195723 -71.511395 4
22.4939 60.345852 -73.340283 4
22.9640 63.656664 -75.297535 4
23.3795 67.020739 -77.362641 4
23.7021 70.328982 -79.515093 4
23.8985 73.470750 -81.734382 4
23.9400 76.333969 -84.000000 4
23.8092 78.827461 -86.296799 4
23.5183 80.948233 -88.631078 4
23.0860 82.715902 -91.014498 4
22.5297 84.150613 -93.458721 4
21.8663 85.273014 -95.975407 4
21.1113 86.104231 -98.576217 4
20.2797 86.665843 -101.272812 4
19.3851 86.979853 -104.076853 4
18.4404 87.068664 -107.000000 4
17.4555 86.945474 -110.043501 4
16.4324 86.585351 -113.166943 4
15.3724 85.953698 -116.319500 4
14.2783 85.015824 -119.450347 4
13.1544 83.736987 -122.508656 4
12.0063 82.082426 -125.443603 4
10.8410 80.017405 -128.204359 4
9.6672 77.507246 -130.740101 4
8.4948 74.517371 -133.000000 4
7.3392 71.050974 -134.950324 4
6.2295 67.262282 -136.625705 4
5.1915 63.344118 -138.077871 4
4.2427 59.490135 -139.358547 4
3.3924 55.894604 -140.519460 4
2.6420 52.752200 -141.612336 4
1.9844 50.257780 -142.688900 4
1.4044 48.606172 -143.800880 4
0.8787 47.991956 -145.000000 4
0.3752 48.541747 -146.325301 4
-0.1427 50.111463 -147.765079 4
-0.7047 52.488787 -149.294941 4
-1.3315 55.460884 -150.890498 4
-2.0347 58.814638 -152.527357 4
-2.8170 62.336885 -154.181128 4
-3.6721 65.814654 -155.827419 4
-4.5848 69.035404 -157.441840 4
-5.5308 71.787258 -159.000000 4
-6.4813 73.908789 -160.486468 4
-7.4203 75.437488 -161.921661 4
-8.3384 76.460548 -163.334956 4
-9.2302 77.065134 -164.755731 4
-10.0938 77.338290 -166.213362 4
-10.9310 77.366842 -167.737227 4
-11.7473 77.237301 -169.356703 4
-12.5517 77.035769 -171.101169 4
-13.3570 76.847838 -173.000000 4
-14.1758 76.738518 -175.073133 4
-15.0079 76.692507 -177.302734 4
-15.8483 76.674676 -179.661530 4
-16.6906 76.650155 -182.122245 4
-17.5267 76.584381 -184.657605 4
-18.3474 76.443130 -187.240335 4
-19.1419 76.192556 -189.843161 4
-19.8978 75.799237 -192.438807 4
-20.6014 75.230201 -195.000000 4
-21.2376 74.452974 -197.499464 4
-21.7900 73.435614 -199.909926 4
-22.2405 72.146747 -202.204109 4
-22.5700 70.555604 -204.354741 4
-22.7577 68.632064 -206.334545 4
-22.7816 66.346681 -208.116248 4
-22.6184 63.670728 -209.672574 4
-22.2435 60.576227 -210.976250 4
-21.6309 57.035991 -212.000000 4

25.5316 67.321169 -8.000000 4
24.4228 66.511119 -10.901820 4
23.3497 65.729237 -13.908009 4
22.3097 64.972289 -16.996261 4
21.3003 64.236953 -20.144270 4
20.3193 63.519829 -23.329733 4
19.3646 62.817439 -26.530342 4
18.4343 62.126236 -29.723793 4
17.5264 61.442601 -32.887781 4
16.6396 60.762855 -36.000000 4
15.7722 60.083259 -39.038145 4
14.9231 59.400021 -41.979910 4
14.0911 58.709300 -44.802991 4
13.2752 58.007207 -47.485082 4
12.4748 57.289817 -50.003878 4
11.6893 56.553165 -52.337073 4
10.9182 55.793259 -54.462361 4
10.1612 55.006077 -56.357439 4
9.4184 54.187578 -58.000000 4
8.6919 53.346060 -59.380442 4
7.9909 52.539403 -60.539976 4
7.3241 51.838251 -61.532515 4
6.6972 51.313626 -62.411971 4
6.1127 51.036843 -63.232260 4
5.5705 51.079439 -64.047294 4
5.0670 51.513086 -64.910986 4
4.5960 52.409517 -65.877250 4
4.1481 53.840444 -67.000000 4
3.7089 55.846672 -68.320745 4
3.2553 58.345435 -69.831379 4
2.7666 61.222554 -71.511395 4
2.2266 64.363324 -73.340283 4
1.6242 67.652643 -75.297535 4
0.9529 70.975138 -77.362641 4
0.2114 74.215295 -79.515093 4
-0.5972 77.257584 -81.734382 4
-1.4645 79.986594 -84.000000 4
-2.3782 82.310334 -86.296799 4
-3.3257 84.229857 -88.631078 4
-4.2956 85.769641 -91.014498 4
-5.2775 86.954371 -93.458721 4
-6.2623 87.808914 -95.975407 4
-7.2416 88.358288 -98.576217 4
-8.2083 88.627636 -101.272812 4
-9.1563 88.642198 -104.076853 4
-10.0805 88.427280 -107.000000 4
-10.9757 87.998538 -110.043501 4
-11.8321 87.332962 -113.166943 4
-12.6375 86.398158 -116.319500 4
-13.3783 85.162098 -119.450347 4
-14.0394 83.593161 -122.508656 4
-14.6045 81.660167 -125.443603 4
-15.0559 79.332418 -128.204359 4
-15.3744 76.579730 -130.740101 4
-15.5396 73.372470 -133.000000 4
-15.5381 69.718525 -134.950324 4
-15.3909 65.773416 -136.625705 4
-15.1347 61.728183 -138.077871 4
-14.8143 57.772074 -139.358547 4
-14.4822 54.092337 -140.519460 4
-14.1989 50.874013 -141.612336 4
-14.0328 48.299719 -142.688900 4
-14.0599 46.549454 -143.800880 4
-14.3640 45.800381 -145.000000 4
-15.0157 46.162440 -146.325301 4
-16.0041 47.487357 -147.765079 4
-17.2900 49.564360 -149.294941 4
-18.8257 52.185025 -150.890498 4
-20.5547 55.143507 -152.527357 4
-22.4121 58.236760 -154.181128 4
-24.3245 61.264765 -155.827419 4
-26.2101 64.030749 -157.441840 4
-27.9789 66.341410 -159.000000 4
-29.5523 68.052749 -160.486468 4
-30.9270 69.205448 -161.921661 4
-32.1219 69.885118 -163.334956 4
-33.1592 70.176190 -164.755731 4
-34.0649 70.161813 -166.213362 4
-34.8680 69.923777 -167.737227 4
-35.6013 69.542413 -169.356703 4
-36.3005 69.096512 -171.101169 4
-37.0049 68.663237 -173.000000 4
-37.7469 68.300251 -175.073133 4
-38.5216 67.993111 -177.302734 4
-39.3131 67.710072 -179.661530 4
-40.1042 67.420102 -182.122245 4
-40.8766 67.092925 -184.657605 4
-41.6103 66.699048 -187.240335 4
-42.2845 66.209798 -189.843161 4
-42.8769 65.597357 -192.438807 4
-43.3642 64.834789 -195.000000 4
-43.7215 63.896080 -197.499464 4
-43.9233 62.756161 -199.909926 4
-43.9425 61.390948 -202.204109 4
-43.7512 59.777367 -204.354741 4
-43.3201 57.893384 -206.334545 4
-42.6191 55.718039 -208.116248 4
-41.6169 53.231471 -209.672574 4
-40.2813 50.414950 -210.976250 4
-38.5792 47.250903 -212.000000 4

2.8991 71.941608 -8.000000 4
2.1040 70.822139 -10.901820 4
1.3337 69.740680 -13.908009 4
0.5869 68.693345 -16.996261 4
-0.1377 67.676217 -20.144270 4
-0.8411 66.685352 -23.329733 4
-1.5242 65.716786 -26.530342 4
-2.1878 64.766536 -29.723793 4
-2.8324 63.830608 -32.887781 4
-3.4584 62.905003 -36.000000 4
-4.0659 61.985716 -39.038145 4
-4.6550 61.068747 -41.979910 4
-5.2255 60.150100 -44.802991 4
-5.7770 59.225794 -47.485082 4
-6.3090 58.291862 -50.003878 4
-6.8209 57.344361 -52.337073 4
-7.3117 56.379369 -54.462361 4
-7.7804 55.393000 -56.357439 4
-8.2258 54.381400 -58.000000 4
-8.6484 53.353115 -59.380442 4
-9.0579 52.365995 -60.539976 4
-9.4683 51.489780 -61.532515 4
-9.8969 50.793623 -62.411971 4
-10.3636 50.346012 -63.232260 4
-10.8914 50.214693 -64.047294 4
-11.5063 50.466591 -64.910986 4
-12.2370 51.167737 -65.877250 4
-13.1149 52.383189 -67.000000 4
-14.1669 54.147086 -68.320745 4
-15.3883 56.373636 -69.831379 4
-16.7630 58.947924 -71.511395 4
-18.2698 61.756065 -73.340283 4
-19.8828 64.685330 -75.297535 4
-21.5717 67.624271 -77.362641 4
-23.3011 70.462841 -79.515093 4
-25.0315 73.092519 -81.734382 4
-26.7184 75.406429 -84.000000 4
-28.3209 77.321243 -86.296799 4
-29.8275 78.841946 -88.631078 4
-31.2350 79.995358 -91.014498 4
-32.5416 80.808167 -93.458721 4
-33.7463 81.306896 -95.975407 4
-34.8491 81.517882 -98.576217 4
-35.8514 81.467243 -101.272812 4
-36.7552 81.180857 -104.076853 4
-37.5638 80.684332 -107.000000 4
-38.2772 79.994166 -110.043501 4
-38.8788 79.091643 -113.166943 4
-39.3467 77.949905 -116.319500 4
-39.6579 76.542883 -119.450347 4
-39.7882 74.845332 -122.508656 4
-39.7121 72.832863 -125.443603 4
-39.4031 70.481975 -128.204359 4
-38.8335 67.770083 -130.740101 4
-37.9746 64.675551 -133.000000 4
-36.8161 61.210149 -134.950324 4
-35.4272 57.514682 -136.625705 4
-33.9032 53.758744 -138.077871 4
-32.3465 50.107700 -139.358547 4
-30.8662 46.722502 -140.519460 4
-29.5784 43.759510 -141.612336 4
-28.6056 41.370308 -142.688900 4
-28.0770 39.701535 -143.800880 4
-28.1283 38.894705 -145.000000 4
-28.8611 39.031765 -146.325301 4
-30.2182 39.975514 -147.765079 4
-32.0956 41.538416 -149.294941 4
-34.3822 43.537912 -150.890498 4
-36.9591 45.796614 -152.527357 4
-39.7004 48.142494 -154.181128 4
-42.4733 50.409069 -155.827419 4
-45.1377 52.435594 -157.441840 4
-47.5472 54.067231 -159.000000 4
-49.5816 55.192237 -160.486468 4
-51.2506 55.850290 -161.921661 4
-52.5991 56.116615 -163.334956 4
-53.6753 56.064213 -164.755731 4
-54.5298 55.763784 -166.213362 4
-55.2162 55.283659 -167.737227 4
-55.7910 54.689724 -169.356703 4
-56.3130 54.045350 -171.101169 4
-56.8439 53.411327 -173.000000 4
-57.4328 52.832036 -175.073133 4
-58.0704 52.295380 -177.302734 4
-58.7315 51.776265 -179.661530 4
-59.3901 51.250693 -182.122245 4
-60.0191 50.695788 -184.657605 4
-60.5903 50.089825 -187.240335 4
-61.0749 49.412256 -189.843161 4
-61.4429 48.643730 -192.438807 4
-61.6636 47.766120 -195.000000 4
-61.7053 46.762546 -197.499464 4
-61.5357 45.617398 -199.909926 4
-61.1216 44.316357 -202.204109 4
-60.4292 42.846417 -204.354741 4
-59.4236 41.195904 -206.334545 4
-58.0698 39.354499 -208.116248 4
-56.3318 37.313253 -209.672574 4
-54.1731 35.064608 -210.976250 4
-51.5566 32.602415 -212.000000 4

-20.0317 69.157304 -8.000000 4
-20.4314 67.843640 -10.901820 4
-20.8196 66.573915 -13.908009 4
-21.1963 65.343994 -16.996261 4
-21.5615 64.149764 -20.144270 4
-21.9149 62.987145 -23.329733 4
-22.2562 61.852093 -26.530342 4
-22.5847 60.740603 -29.723793 4
-22.8998 59.648716 -32.887781 4
-23.2004 58.572521 -36.000000 4
-23.4856 57.508163 -39.038145 4
-23.7540 56.451842 -41.979910 4
-24.0042 55.399824 -44.802991 4
-24.2346 54.348441 -47.485082 4
-24.4435 53.294095 -50.003878 4
-24.6290 52.233266 -52.337073 4
-24.7889 51.162514 -54.462361 4
-24.9212 50.078481 -56.357439 4
-25.0233 48.977901 -58.000000 4
-25.0986 47.868687 -59.380442 4
-25.1744 46.802706 -60.539976 4
-25.2862 45.841615 -61.532515 4
-25.4723 45.045580 -62.411971 4
-25.7732 44.473212 -63.232260 4
-26.2323 44.181493 -64.047294 4
-26.8953 44.225715 -64.910986 4
-27.8104 44.659409 -65.877250 4
-29.0281 45.534283 -67.000000 4
-30.5844 46.874296 -68.320745 4
-32.4481 48.599462 -69.831379 4
-34.5672 50.605954 -71.511395 4
-36.8857 52.792432 -73.340283 4
-39.3433 55.060143 -75.297535 4
-41.8759 57.313033 -77.362641 4
-44.4153 59.457850 -79.515093 4
-46.8893 61.404250 -81.734382 4
-49.2221 63.064898 -84.000000 4
-51.3486 64.373699 -86.296799 4
-53.2591 65.339060 -88.631078 4
-54.9595 65.987384 -91.014498 4
-56.4562 66.344611 -93.458721 4
-57.7568 66.436194 -95.975407 4
-58.8698 66.287074 -98.576217 4
-59.8044 65.921661 -101.272812 4
-60.5710 65.363805 -104.076853 4
-61.1808 64.636777 -107.000000 4
-61.6389 63.756225 -110.043501 4
-61.9237 62.709650 -113.166943 4
-62.0060 61.478493 -116.319500 4
-61.8556 60.045329 -119.450347 4
-61.4416 58.393889 -122.508656 4
-60.7322 56.509083 -125.443603 4
-59.6946 54.377025 -128.204359 4
-58.2956 51.985057 -130.740101 4
-56.5010 49.321765 -133.000000 4
-54.3047 46.401589 -134.950324 4
-51.8170 43.336127 -136.625705 4
-49.1821 40.256072 -138.077871 4
-46.5493 37.285885 -139.358547 4
-44.0732 34.543655 -140.519460 4
-41.9134 32.140967 -141.612336 4
-40.2341 30.182770 -142.688900 4
-39.2043 28.767251 -143.800880 4
-38.9974 27.985709 -145.000000 4
-39.7359 27.883664 -146.325301 4
-41.3220 28.349107 -147.765079 4
-43.5978 29.237043 -149.294941 4
-46.3998 30.409567 -150.890498 4
-49.5593 31.736008 -152.527357 4
-52.9025 33.093059 -154.181128 4
-56.2504 34.364914 -155.827419 4
-59.4195 35.443394 -157.441840 4
-62.2216 36.228069 -159.000000 4
-64.5076 36.650946 -160.486468 4
-66.2990 36.746623 -161.921661 4
-67.6625 36.572191 -163.334956 4
-68.6667 36.181708 -164.755731 4
-69.3821 35.626149 -166.213362 4
-69.8812 34.953354 -167.737227 4
-70.2383 34.207979 -169.356703 4
-70.5294 33.431456 -171.101169 4
-70.8322 32.661944 -173.000000 4
-71.2073 31.925972 -175.073133 4
-71.6422 31.215036 -177.302734 4
-72.1049 30.513277 -179.661530 4
-72.5632 29.806197 -182.122245 4
-72.9840 29.080679 -184.657605 4
-73.3340 28.325002 -187.240335 4
-73.5791 27.528853 -189.843161 4
-73.6848 26.683344 -192.438807 4
-73.6162 25.781021 -195.000000 4
-73.3379 24.815878 -197.499464 4
-72.8145 23.783367 -199.909926 4
-72.0097 22.680411 -202.204109 4
-70.8873 21.505409 -204.354741 4
-69.4109 20.258249 -206.334545 4
-67.5437 18.940314 -208.116248 4
-65.2487 17.554489 -209.672574 4
-62.4890 16.105167 -210.976250 4
-59.2275 14.598256 -212.000000 4

-40.9007 59.254838 -8.000000 4
-40.8638 57.882190 -10.901820 4
-40.8300 56.554890 -13.908009 4
-40.7978 55.268974 -16.996261 4
-40.7660 54.020560 -20.144270 4
-40.7331 52.805852 -23.329733 4
-40.6974 51.621142 -26.530342 4
-40.6570 50.462815 -29.723793 4
-40.6101 49.327353 -32.887781 4
-40.5545 48.211339 -36.000000 4
-40.4879 47.111460 -39.038145 4
-40.4080 46.024512 -41.979910 4
-40.3122 44.947404 -44.802991 4
-40.1978 43.877159 -47.485082 4
-40.0621 42.810920 -50.003878 4
-39.9021 41.745952 -52.337073 4
-39.7147 40.679648 -54.462361 4
-39.4969 39.609529 -56.357439 4
-39.2452 38.533248 -58.000000 4
-38.9654 37.457274 -59.380442 4
-38.6997 36.422150 -60.539976 4
-38.5015 35.475104 -61.532515 4
-38.4259 34.661125 -62.411971 4
-38.5301 34.022911 -63.232260 4
-38.8732 33.600820 -64.047294 4
-39.5161 33.432814 -64.910986 4
-40.5214 33.554417 -65.877250 4
-41.9534 33.998665 -67.000000 4
-43.8540 34.776870 -68.320745 4
-46.1681 35.823085 -69.831379 4
-48.8136 37.055260 -71.511395 4
-51.7051 38.395027 -73.340283 4
-54.7544 39.767774 -75.297535 4
-57.8701 41.102729 -77.362641 4
-60.9579 42.333034 -79.515093 4
-63.9210 43.395820 -81.734382 4
-66.6596 44.232279 -84.000000 4
-69.0911 44.800355 -86.296799 4
-71.2090 45.111013 -88.631078 4
-73.0272 45.187519 -91.014498 4
-74.5600 45.052396 -93.458721 4
-75.8227 44.727406 -95.975407 4
-76.8311 44.233530 -98.576217 4
-77.6020 43.590952 -101.272812 4
-78.1525 42.819044 -104.076853 4
-78.5006 41.936346 -107.000000 4
-78.6563 40.956040 -110.043501 4
-78.5950 39.873132 -113.166943 4
-78.2832 38.679277 -116.319500 4
-77.6868 37.367483 -119.450347 4
-76.7711 35.932131 -122.508656 4
-75.5013 34.368985 -125.443603 4
-73.8420 32.675205 -128.204359 4
-71.7575 30.849358 -130.740101 4
-69.2119 28.891432 -133.000000 4
-66.2039 26.817047 -134.950324 4
-62.8735 24.697110 -136.625705 4
-59.3988 22.609960 -138.077871 4
-55.9610 20.626342 -139.358547 4
-52.7440 18.809329 -140.519460 4
-49.9344 17.214247 -141.612336 4
-47.7214 15.888607 -142.688900 4
-46.2964 14.872037 -143.800880 4
-45.8527 14.196225 -145.000000 4
-46.5208 13.865577 -146.325301 4
-48.1727 13.804808 -147.765079 4
-50.6125 13.926385 -149.294941 4
-53.6416 14.151253 -150.890498 4
-57.0586 14.408906 -152.527357 4
-60.6594 14.637451 -154.181128 4
-64.2378 14.783677 -155.827419 4
-67.5853 14.803108 -157.441840 4
-70.4917 14.660055 -159.000000 4
-72.7939 14.337280 -160.486468 4
-74.5235 13.860732 -161.921661 4
-75.7616 13.263496 -163.334956 4
-76.5904 12.575125 -164.755731 4
-77.0931 11.821618 -166.213362 4
-77.3534 11.025401 -167.737227 4
-77.4561 10.205306 -169.356703 4
-77.4864 9.376559 -171.101169 4
-77.5299 8.550760 -173.000000 4
-77.6527 7.733859 -175.073133 4
-77.8400 6.921819 -177.302734 4
-78.0567 6.109645 -179.661530 4
-78.2675 5.293835 -182.122245 4
-78.4369 4.472380 -184.657605 4
-78.5296 3.644767 -187.240335 4
-78.5099 2.811985 -189.843161 4
-78.3424 1.976519 -192.438807 4
-77.9916 1.142356 -195.000000 4
-77.4221 0.314983 -197.499464 4
-76.5986 -0.498617 -199.909926 4
-75.4860 -1.289965 -202.204109 4
-74.0493 -2.049089 -204.354741 4
-72.2539 -2.764529 -206.334545 4
-70.0654 -3.423342 -208.116248 4
-67.4497 -4.011108 -209.672574 4
-64.3731 -4.511933 -210.976250 4
-60.8022 -4.908461 -212.000000 4

-57.5599 43.253443 -8.000000 4
-57.0903 41.963094 -10.901820 4
-56.6378 40.714833 -13.908009 4
-56.2001 39.505278 -16.996261 4
-55.7746 38.331176 -20.144270 4
-55.3588 37.189406 -23.329733 4
-54.9497 36.076977 -26.530342 4
-54.5446 34.991035 -29.723793 4
-54.1406 33.928868 -32.887781 4
-53.7344 32.887902 -36.000000 4
-53.3230 31.865710 -39.038145 4
-52.9029 30.860012 -41.979910 4
-52.4710 29.868677 -44.802991 4
-52.0236 28.889728 -47.485082 4
-51.5572 27.921340 -50.003878 4
-51.0682 26.961848 -52.337073 4
-50.5528 26.009743 -54.462361 4
-50.0073 25.063681 -56.357439 4
-49.4278 24.122479 -58.000000 4
-48.8216 23.190491 -59.380442 4
-48.2418 22.292767 -60.539976 4
-47.7539 21.457244 -61.532515 4
-47.4244 20.709101 -62.411971 4
-47.3211 20.070731 -63.232260 4
-47.5129 19.561711 -64.047294 4
-48.0695 19.198770 -64.910986 4
-49.0616 18.995766 -65.877250 4
-50.5607 18.963662 -67.000000 4
-52.6099 19.099962 -68.320745 4
-55.1362 19.359541 -69.831379 4
-58.0356 19.690574 -71.511395 4
-61.2026 20.045732 -73.340283 4
-64.5297 20.382223 -75.297535 4
-67.9078 20.661841 -77.362641 4
-71.2263 20.851001 -79.515093 4
-74.3735 20.920783 -81.734382 4
-77.2360 20.846959 -84.000000 4
-79.7222 20.615841 -86.296799 4
-81.8296 20.239820 -88.631078 4
-83.5784 19.736633 -91.014498 4
-84.9895 19.123068 -93.458721 4
-86.0843 18.414955 -95.975407 4
-86.8845 17.627156 -98.576217 4
-87.4121 16.773553 -101.272812 4
-87.6899 15.867043 -104.076853 4
-87.7406 14.919528 -107.000000 4
-87.5778 13.940368 -110.043501 4
-87.1768 12.932589 -113.166943 4
-86.5030 11.898914 -116.319500 4
-85.5218 10.843509 -119.450347 4
-84.1988 9.771983 -122.508656 4
-82.4993 8.691387 -125.443603 4
-80.3890 7.610220 -128.204359 4
-77.8336 6.538425 -130.740101 4
-74.7990 5.487387 -133.000000 4
-71.2889 4.472304 -134.950324 4
-67.4586 3.516090 -136.625705 4
-63.5018 2.636669 -138.077871 4
-59.6127 1.843788 -139.358547 4
-55.9859 1.139012 -140.519460 4
-52.8158 0.515714 -141.612336 4
-50.2969 -0.040925 -142.688900 4
-48.6233 -0.553913 -143.800880 4
-47.9884 -1.054436 -145.000000 4
-48.5175 -1.579653 -146.325301 4
-50.0651 -2.160380 -147.765079 4
-52.4178 -2.817675 -149.294941 4
-55.3623 -3.563608 -150.890498 4
-58.6850 -4.401263 -152.527357 4
-62.1729 -5.324747 -154.181128 4
-65.6134 -6.319201 -155.827419 4
-68.7948 -7.360819 -157.441840 4
-71.5063 -8.416875 -159.000000 4
-73.5879 -9.452081 -160.486468 4
-75.0775 -10.451804 -161.921661 4
-76.0628 -11.410372 -163.334956 4
-76.6310 -12.325780 -164.755731 4
-76.8691 -13.199679 -166.213362 4
-76.8640 -14.037365 -167.737227 4
-76.7016 -14.847769 -169.356703 4
-76.4679 -15.643440 -171.101169 4
-76.2477 -16.440529 -173.000000 4
-76.1055 -17.254277 -175.073133 4
-76.0260 -18.083841 -177.302734 4
-75.9743 -18.922835 -179.661530 4
-75.9159 -19.763406 -182.122245 4
-75.8165 -20.596249 -184.657605 4
-75.6424 -21.410613 -187.240335 4
-75.3600 -22.194313 -189.843161 4
-74.9366 -22.933744 -192.438807 4
-74.3397 -23.613888 -195.000000 4
-73.5374 -24.218332 -197.499464 4
-72.4987 -24.729280 -199.909926 4
-71.1927 -25.127568 -202.204109 4
-69.5896 -25.392680 -204.354741 4
-67.6600 -25.502762 -206.334545 4
-65.3756 -25.434644 -208.116248 4
-62.7083 -25.163853 -209.672574 4
-59.6314 -24.664632 -210.976250 4
-56.1187 -23.909963 -212.000000 4

-68.2946 22.800096 -8.000000 4
-67.4406 21.724858 -10.901820 4
-66.6161 20.684115 -13.908009 4
-65.8179 19.675417 -16.996261 4
-65.0425 18.696475 -20.144270 4
-64.2865 17.745161 -23.329733 4
-63.5462 16.819512 -26.530342 4
-62.8181 15.917729 -29.723793 4
-62.0985 15.038182 -32.887781 4
-61.3836 14.179408 -36.000000 4
-60.6696 13.340115 -39.038145 4
-59.9527 12.519180 -41.979910 4
-59.2291 11.715654 -44.802991 4
-58.4947 10.928760 -47.485082 4
-57.7457 10.157897 -50.003878 4
-56.9780 9.402638 -52.337073 4
-56.1876 8.662731 -54.462361 4
-55.3706 7.938102 -56.357439 4
-54.5229 7.228853 -58.000000 4
-53.6528 6.536778 -59.380442 4
-52.8186 5.868854 -60.539976 4
-52.0911 5.230851 -61.532515 4
-51.5417 4.625548 -62.411971 4
-51.2416 4.052728 -63.232260 4
-51.2623 3.509171 -64.047294 4
-51.6753 2.988651 -64.910986 4
-52.5521 2.481936 -65.877250 4
-53.9638 1.976784 -67.000000 4
-55.9507 1.457149 -68.320745 4
-58.4292 0.903375 -69.831379 4
-61.2843 0.299195 -71.511395 4
-64.4008 -0.366812 -73.340283 4
-67.6632 -1.101212 -75.297535 4
-70.9559 -1.905712 -77.362641 4
-74.1636 -2.777165 -79.515093 4
-77.1709 -3.707570 -81.734382 4
-79.8628 -4.684078 -84.000000 4
-82.1478 -5.690603 -86.296799 4
-84.0276 -6.714600 -88.631078 4
-85.5271 -7.745688 -91.014498 4
-86.6713 -8.774543 -93.458721 4
-87.4855 -9.792894 -95.975407 4
-87.9950 -10.793531 -98.576217 4
-88.2252 -11.770300 -101.272812 4
-88.2016 -12.718106 -104.076853 4
-87.9497 -13.632915 -107.000000 4
-87.4852 -14.510146 -110.043501 4
-86.7857 -15.339069 -113.166943 4
-85.8192 -16.106169 -116.319500 4
-84.5543 -16.796555 -119.450347 4
-82.9601 -17.393967 -122.508656 4
-81.0059 -17.880790 -125.443603 4
-78.6618 -18.238063 -128.204359 4
-75.8986 -18.445490 -130.740101 4
-72.6872 -18.481459 -133.000000 4
-69.0363 -18.332760 -134.950324 4
-65.1003 -18.026830 -136.625705 4
-61.0687 -17.608007 -138.077871 4
-57.1287 -17.128541 -139.358547 4
-53.4653 -16.648539 -140.519460 4
-50.2610 -16.235900 -141.612336 4
-47.6955 -15.966245 -142.688900 4
-45.9456 -15.922850 -143.800880 4
-45.1849 -16.196567 -145.000000 4
-45.5204 -16.862295 -146.325301 4
-46.8044 -17.903206 -147.765079 4
-48.8280 -19.271720 -149.294941 4
-51.3847 -20.911678 -150.890498 4
-54.2711 -22.758423 -152.527357 4
-57.2871 -24.738885 -154.181128 4
-60.2356 -26.771662 -155.827419 4
-62.9234 -28.767119 -157.441840 4
-65.1610 -30.627481 -159.000000 4
-66.8076 -32.268567 -160.486468 4
-67.9040 -33.688566 -161.921661 4
-68.5350 -34.909803 -163.334956 4
-68.7841 -35.958028 -164.755731 4
-68.7333 -36.862371 -166.213362 4
-68.4631 -37.655306 -167.737227 4
-68.0525 -38.372607 -169.356703 4
-67.5788 -39.053305 -171.101169 4
-67.1175 -39.739641 -173.000000 4
-66.7249 -40.466480 -175.073133 4
-66.3869 -41.228184 -177.302734 4
-66.0722 -42.007642 -179.661530 4
-65.7506 -42.786456 -182.122245 4
-65.3926 -43.544964 -184.657605 4
-64.9695 -44.262260 -187.240335 4
-64.4535 -44.916214 -189.843161 4
-63.8177 -45.483502 -192.438807 4
-63.0361 -45.939622 -195.000000 4
-62.0838 -46.258924 -197.499464 4
-60.9367 -46.414629 -199.909926 4
-59.5718 -46.378863 -202.204109 4
-57.9672 -46.122675 -204.354741 4
-56.1021 -45.616070 -206.334545 4
-53.9568 -44.828032 -208.116248 4
-51.5126 -43.726555 -209.672574 4
-48.7521 -42.278672 -210.976250 4
-45.6592 -40.450482 -212.000000 4

-72.0000 0.000000 -8.000000 4
-70.8494 -0.749456 -10.901820 4
-69.7378 -1.475559 -13.908009 4
-68.6613 -2.179577 -16.996261 4
-67.6158 -2.862601 -20.144270 4
-66.5974 -3.525542 -23.329733 4
-65.6021 -4.169137 -26.530342 4
-64.6259 -4.793943 -29.723793 4
-63.6648 -5.400340 -32.887781 4
-62.7147 -5.988531 -36.000000 4
-61.7717 -6.558540 -39.038145 4
-60.8318 -7.110216 -41.979910 4
-59.8909 -7.643228 -44.802991 4
-58.9451 -8.157073 -47.485082 4
-57.9905 -8.651069 -50.003878 4
-57.0232 -9.124358 -52.337073 4
-56.0392 -9.575911 -54.462361 4
-55.0348 -10.004524 -56.357439 4
-54.0061 -10.408818 -58.000000 4
-52.9616 -10.789747 -59.380442 4
-51.9588 -11.159124 -60.539976 4
-51.0668 -11.533939 -61.532515 4
-50.3539 -11.934099 -62.411971 4
-49.8879 -12.382410 -63.232260 4
-49.7354 -12.904557 -64.047294 4
-49.9623 -13.529080 -64.910986 4
-50.6335 -14.287353 -65.877250 4
-51.8126 -15.213558 -67.000000 4
-53.5327 -16.335644 -68.320745 4
-55.7083 -17.645772 -69.831379 4
-58.2251 -19.122980 -71.511395 4
-60.9703 -20.741602 -73.340283 4
-63.8323 -22.471302 -75.297535 4
-66.7008 -24.277115 -77.362641 4
-69.4675 -26.119486 -79.515093 4
-72.0253 -27.954313 -81.734382 4
-74.2694 -29.732996 -84.000000 4
-76.1182 -31.411329 -86.296799 4
-77.5770 -32.977905 -88.631078 4
-78.6728 -34.430768 -91.014498 4
-79.4323 -35.769015 -93.458721 4
-79.8821 -36.992789 -95.975407 4
-80.0485 -38.103270 -98.576217 4
-79.9576 -39.102670 -101.272812 4
-79.6350 -39.994218 -104.076853 4
-79.1064 -40.782160 -107.000000 4
-78.3880 -41.467173 -110.043501 4
-77.4620 -42.031921 -113.166943 4
-76.3024 -42.453491 -116.319500 4
-74.8839 -42.707799 -119.450347 4
-73.1825 -42.769607 -122.508656 4
-71.1748 -42.612550 -125.443603 4
-68.8382 -42.209154 -128.204359 4
-66.1515 -41.530864 -130.740101 4
-63.0940 -40.548061 -133.000000 4
-59.6781 -39.250887 -134.950324 4
-56.0415 -37.714301 -136.625705 4
-52.3500 -36.040341 -138.077871 4
-48.7646 -34.337879 -139.358547 4
-45.4418 -32.722504 -140.519460 4
-42.5330 -31.316399 -141.612336 4
-40.1849 -30.248205 -142.688900 4
-38.5388 -29.652894 -143.800880 4
-37.7305 -29.671631 -145.000000 4
-37.8380 -30.409349 -146.325301 4
-38.7263 -31.803307 -147.765079 4
-40.2124 -33.742183 -149.294941 4
-42.1182 -36.107369 -150.890498 4
-44.2713 -38.773124 -152.527357 4
-46.5049 -41.606720 -154.181128 4
-48.6580 -44.468593 -155.827419 4
-50.5756 -47.212502 -157.441840 4
-52.1089 -49.685689 -159.000000 4
-53.1510 -51.763743 -160.486468 4
-53.7413 -53.457861 -161.921661 4
-53.9532 -54.816069 -163.334956 4
-53.8575 -55.889220 -164.755731 4
-53.5229 -56.730925 -166.213362 4
-53.0155 -57.397494 -167.737227 4
-52.3989 -57.947863 -169.356703 4
-51.7340 -58.443526 -171.101169 4
-51.0791 -58.948467 -173.000000 4
-50.4766 -59.513585 -175.073133 4
-49.9147 -60.129028 -177.302734 4
-49.3694 -60.768724 -179.661530 4
-48.8177 -61.405620 -182.122245 4
-48.2379 -62.011723 -184.657605 4
-47.6095 -62.558120 -187.240335 4
-46.9129 -63.015019 -189.843161 4
-46.1302 -63.351775 -192.438807 4
-45.2444 -63.536924 -195.000000 4
-44.2400 -63.538218 -197.499464 4
-43.1026 -63.322655 -199.909926 4
-41.8193 -62.856515 -202.204109 4
-40.3784 -62.105397 -204.354741 4
-38.7697 -61.034247 -206.334545 4
-36.9843 -59.607399 -208.116248 4
-35.0147 -57.788609 -209.672574 4
-32.8548 -55.541090 -210.976250 4
-30.5000 -52.827550 -212.000000 4

