-72.0000 0.000000 -8.000000 4
-70.8494 -0.749456 -10.901820 4
-69.7378 -1.475559 -13.908009 4
-68.6613 -2.179577 -16.996261 4
-67.6158 -2.862601 -20.144270 4
-66.5974 -3.525542 -23.329733 4
-65.6021 -4.169137 -26.530342 4
-64.6259 -4.793943 -29.723793 4
-63.6648 -5.400340 -32.887781 4
-62.7147 -5.988531 -36.000000 4
-61.7717 -6.558540 -39.038145 4
-60.8318 -7.110216 -41.979910 4
-59.8909 -7.643228 -44.802991 4
-58.9451 -8.157073 -47.485082 4
-57.9905 -8.651069 -50.003878 4
-57.0232 -9.124358 -52.337073 4
-56.0392 -9.575911 -54.462361 4
-55.0348 -10.004524 -56.357439 4
-54.0061 -10.408818 -58.000000 4
-52.9616 -10.789747 -59.380442 4
-51.9588 -11.159124 -60.539976 4
-51.0668 -11.533939 -61.532515 4
-50.3539 -11.934099 -62.411971 4
-49.8879 -12.382410 -63.232260 4
-49.7354 -12.904557 -64.047294 4
-49.9623 -13.529080 -64.910986 4
-50.6335 -14.287353 -65.877250 4
-51.8126 -15.213558 -67.000000 4
-53.5327 -16.335644 -68.320745 4
-55.7083 -17.645772 -69.831379 4
-58.2251 -19.122980 -71.511395 4
-60.9703 -20.741602 -73.340283 4
-63.8323 -22.471302 -75.297535 4
-66.7008 -24.277115 -77.362641 4
-69.4675 -26.119486 -79.515093 4
-72.0253 -27.954313 -81.734382 4
-74.2694 -29.732996 -84.000000 4
-76.1182 -31.411329 -86.296799 4
-77.5770 -32.977905 -88.631078 4
-78.6728 -34.430768 -91.014498 4
-79.4323 -35.769015 -93.458721 4
-79.8821 -36.992789 -95.975407 4
-80.0485 -38.103270 -98.576217 4
-79.9576 -39.102670 -101.272812 4
-79.6350 -39.994218 -104.076853 4
-79.1064 -40.782160 -107.000000 4
-78.3880 -41.467173 -110.043501 4
-77.4620 -42.031921 -113.166943 4
-76.3024 -42.453491 -116.319500 4
-74.8839 -42.707799 -119.450347 4
-73.1825 -42.769607 -122.508656 4
-71.1748 -42.612550 -125.443603 4
-68.8382 -42.209154 -128.204359 4
-66.1515 -41.530864 -130.740101 4
-63.0940 -40.548061 -133.000000 4
-59.6781 -39.250887 -134.950324 4
-56.0415 -37.714301 -136.625705 4
-52.3500 -36.040341 -138.077871 4
-48.7646 -34.337879 -139.358547 4
-45.4418 -32.722504 -140.519460 4
-42.5330 -31.316399 -141.612336 4
-40.1849 -30.248205 -142.688900 4
-38.5388 -29.652894 -143.800880 4
-37.7305 -29.671631 -145.000000 4
-37.8380 -30.409349 -146.325301 4
-38.7263 -31.803307 -147.765079 4
-40.2124 -33.742183 -149.294941 4
-42.1182 -36.107369 -150.890498 4
-44.2713 -38.773124 -152.527357 4
-46.5049 -41.606720 -154.181128 4
-48.6580 -44.468593 -155.827419 4
-50.5756 -47.212502 -157.441840 4
-52.1089 -49.685689 -159.000000 4
-53.1510 -51.763743 -160.486468 4
-53.7413 -53.457861 -161.921661 4
-53.9532 -54.816069 -163.334956 4
-53.8575 -55.889220 -164.755731 4
-53.5229 -56.730925 -166.213362 4
-53.0155 -57.397494 -167.737227 4
-52.3989 -57.947863 -169.356703 4
-51.7340 -58.443526 -171.101169 4
-51.0791 -58.948467 -173.000000 4
-50.4766 -59.513585 -175.073133 4
-49.9147 -60.129028 -177.302734 4
-49.3694 -60.768724 -179.661530 4
-48.8177 -61.405620 -182.122245 4
-48.2379 -62.011723 -184.657605 4
-47.6095 -62.558120 -187.240335 4
-46.9129 -63.015019 -189.843161 4
-46.1302 -63.351775 -192.438807 4
-45.2444 -63.536924 -195.000000 4
-44.2400 -63.538218 -197.499464 4
-43.1026 -63.322655 -199.909926 4
-41.8193 -62.856515 -202.204109 4
-40.3784 -62.105397 -204.354741 4
-38.7697 -61.034247 -206.334545 4
-36.9843 -59.607399 -208.116248 4
-35.0147 -57.788609 -209.672574 4
-32.8548 -55.541090 -210.976250 4
-30.5000 -52.827550 -212.000000 4

-68.2946 -22.800096 -8.000000 4
-66.9659 -23.146630 -10.901820 4
-65.6816 -23.483358 -13.908009 4
-64.4375 -23.810234 -16.996261 4
-63.2295 -24.127037 -20.144270 4
-62.0536 -24.433372 -23.329733 4
-60.9058 -24.728669 -26.530342 4
-59.7819 -25.012188 -29.723793 4
-58.6783 -25.283021 -32.887781 4
-57.5908 -25.540088 -36.000000 4
-56.5159 -25.782143 -39.038145 4
-55.4496 -26.007777 -41.979910 4
-54.3883 -26.215415 -44.802991 4
-53.3285 -26.403322 -47.485082 4
-52.2666 -26.569605 -50.003878 4
-51.1992 -26.712210 -52.337073 4
-50.1229 -26.828933 -54.462361 4
-49.0344 -26.917412 -56.357439 4
-47.9306 -26.975140 -58.000000 4
-46.8192 -27.005714 -59.380442 4
-45.7511 -27.038525 -60.539976 4
-44.7863 -27.111573 -61.532515 4
-43.9834 -27.265403 -62.411971 4
-43.3994 -27.543063 -63.232260 4
-43.0894 -27.990056 -64.047294 4
-43.1069 -28.654302 -64.910986 4
-43.5034 -29.586086 -65.877250 4
-44.3285 -30.838013 -67.000000 4
-45.6048 -32.447056 -68.320745 4
-47.2535 -34.378691 -69.831379 4
-49.1730 -36.576882 -71.511395 4
-51.2644 -38.981518 -73.340283 4
-53.4313 -41.528485 -75.297535 4
-55.5804 -44.149744 -77.362641 4
-57.6212 -46.773403 -79.515093 4
-59.4664 -49.323800 -81.734382 4
-61.0318 -51.721584 -84.000000 4
-62.2539 -53.898978 -86.296799 4
-63.1415 -55.846889 -88.631078 4
-63.7209 -57.571988 -91.014498 4
-64.0175 -59.081886 -93.458721 4
-64.0567 -60.385123 -95.975407 4
-63.8629 -61.491150 -98.576217 4
-63.4601 -62.410314 -101.272812 4
-62.8718 -63.153841 -104.076853 4
-62.1209 -63.733816 -107.000000 4
-61.2226 -64.156103 -110.043501 4
-60.1654 -64.398548 -113.166943 4
-58.9319 -64.431198 -116.319500 4
-57.5060 -64.223252 -119.450347 4
-55.8725 -63.743094 -122.508656 4
-54.0178 -62.958322 -125.443603 4
-51.9293 -61.835779 -128.204359 4
-49.5956 -60.341585 -130.740101 4
-47.0067 -58.441169 -133.000000 4
-44.1773 -56.129032 -134.950324 4
-41.2145 -53.519948 -136.625705 4
-38.2431 -50.763147 -138.077871 4
-35.3813 -48.012918 -139.358547 4
-32.7410 -45.428437 -140.519460 4
-30.4272 -43.173592 -141.612336 4
-28.5382 -41.416804 -142.688900 4
-27.1653 -40.330851 -143.800880 4
-26.3927 -40.092681 -145.000000 4
-26.2610 -40.826456 -146.325301 4
-26.6622 -42.429985 -147.765079 4
-27.4578 -44.739660 -149.294941 4
-28.5166 -47.586633 -150.890498 4
-29.7147 -50.797020 -152.527357 4
-30.9361 -54.192096 -154.181128 4
-32.0721 -57.588500 -155.827419 4
-33.0221 -60.798438 -157.441840 4
-33.6933 -63.629892 -159.000000 4
-34.0238 -65.931025 -160.486468 4
-34.0472 -67.724893 -161.921661 4
-33.8180 -69.080275 -163.334956 4
-33.3874 -70.067895 -164.755731 4
-32.8035 -70.760329 -166.213362 4
-32.1112 -71.231924 -167.737227 4
-31.3520 -71.558712 -169.356703 4
-30.5644 -71.818324 -171.101169 4
-29.7833 -72.089897 -173.000000 4
-29.0328 -72.435128 -175.073133 4
-28.3050 -72.840965 -177.302734 4
-27.5852 -73.275056 -179.661530 4
-26.8602 -73.704481 -182.122245 4
-26.1183 -74.095793 -184.657605 4
-25.3492 -74.415054 -187.240335 4
-24.5438 -74.627870 -189.843161 4
-23.6947 -74.699432 -192.438807 4
-22.7959 -74.594554 -195.000000 4
-21.8427 -74.277707 -197.499464 4
-20.8321 -73.713062 -199.909926 4
-19.7625 -72.864528 -202.204109 4
-18.6336 -71.695789 -204.354741 4
-17.4469 -70.170345 -206.334545 4
-16.2052 -68.251548 -208.116248 4
-14.9130 -65.902648 -209.672574 4
-13.5759 -63.086824 -210.976250 4
-12.2016 -59.767230 -212.000000 4

-57.5599 -43.253443 -8.000000 4
-56.1898 -43.161388 -10.901820 4
-54.8650 -43.074083 -13.908009 4
-53.5814 -42.990172 -16.996261 4
-52.3353 -42.908147 -20.144270 4
-51.1229 -42.826344 -23.329733 4
-49.9406 -42.742950 -26.530342 4
-48.7848 -42.656001 -29.723793 4
-47.6521 -42.563393 -32.887781 4
-46.5393 -42.462877 -36.000000 4
-45.4430 -42.352065 -39.038145 4
-44.3601 -42.228433 -41.979910 4
-43.2877 -42.089325 -44.802991 4
-42.2230 -41.931954 -47.485082 4
-41.1631 -41.753408 -50.003878 4
-40.1054 -41.550652 -52.337073 4
-39.0475 -41.320529 -54.462361 4
-37.9870 -41.059770 -56.357439 4
-36.9218 -40.764988 -58.000000 4
-35.8579 -40.442061 -59.380442 4
-34.8343 -40.134929 -60.539976 4
-33.8960 -39.898691 -61.532515 4
-33.0858 -39.790359 -62.411971 4
-32.4439 -39.868788 -63.232260 4
-32.0083 -40.194620 -64.047294 4
-31.8145 -40.830220 -64.910986 4
-31.8956 -41.839609 -65.877250 4
-32.2818 -43.288400 -67.000000 4
-32.9828 -45.218786 -68.320745 4
-33.9350 -47.573110 -69.831379 4
-35.0597 -50.266030 -71.511395 4
-36.2819 -53.209178 -73.340283 4
-37.5308 -56.311262 -75.297535 4
-38.7392 -59.478168 -77.362641 4
-39.8442 -62.613069 -79.515093 4
-40.7868 -65.616530 -81.734382 4
-41.5123 -68.386617 -84.000000 4
-41.9820 -70.838961 -86.296799 4
-42.2071 -72.967715 -88.631078 4
-42.2104 -74.787489 -91.014498 4
-42.0136 -76.313628 -93.458721 4
-41.6381 -77.562190 -95.975407 4
-41.1040 -78.549923 -98.576217 4
-40.4309 -79.294245 -101.272812 4
-39.6374 -79.813220 -104.076853 4
-38.7414 -80.125534 -107.000000 4
-37.7557 -80.241630 -110.043501 4
-36.6761 -80.136818 -113.166943 4
-35.4958 -79.777187 -116.319500 4
-34.2090 -79.128391 -119.450347 4
-32.8117 -78.155688 -122.508656 4
-31.3010 -76.823976 -125.443603 4
-29.6754 -75.097826 -128.204359 4
-27.9350 -72.941522 -130.740101 4
-26.0811 -70.319096 -133.000000 4
-24.1295 -67.229978 -134.950324 4
-22.1454 -63.816941 -136.625705 4
-20.1999 -60.261048 -138.077871 4
-18.3563 -56.746125 -139.358547 4
-16.6703 -53.458551 -140.519460 4
-15.1896 -50.587051 -141.612336 4
-13.9542 -48.322492 -142.688900 4
-12.9958 -46.857670 -143.800880 4
-12.3384 -46.387106 -145.000000 4
-11.9811 -47.041414 -146.325301 4
-11.8539 -48.689468 -147.765079 4
-11.8771 -51.132212 -149.294941 4
-11.9798 -54.167941 -150.890498 4
-12.0997 -57.592524 -152.527357 4
-12.1831 -61.199635 -154.181128 4
-12.1851 -64.780988 -155.827419 4
-12.0697 -68.126566 -157.441840 4
-11.8098 -71.024853 -159.000000 4
-11.3945 -73.312217 -160.486468 4
-10.8487 -75.021196 -161.921661 4
-10.2021 -76.234248 -163.334956 4
-9.4809 -77.034684 -164.755731 4
-8.7078 -77.506576 -166.213362 4
-7.9017 -77.734657 -167.737227 4
-7.0782 -77.804230 -169.356703 4
-6.2489 -77.801068 -171.101169 4
-5.4220 -77.811322 -173.000000 4
-4.6008 -77.901133 -175.073133 4
-3.7819 -78.055592 -177.302734 4
-2.9617 -78.239398 -179.661530 4
-2.1380 -78.417152 -182.122245 4
-1.3104 -78.553397 -184.657605 4
-0.4797 -78.612660 -187.240335 4
0.3516 -78.559489 -189.843161 4
1.1796 -78.358493 -192.438807 4
1.9990 -77.974381 -195.000000 4
2.8027 -77.372005 -197.499464 4
3.5825 -76.516396 -199.909926 4
4.3284 -75.372805 -202.204109 4
5.0291 -73.906740 -204.354741 4
5.6717 -72.084011 -206.334545 4
6.2418 -69.870763 -208.116248 4
6.7238 -67.233518 -209.672574 4
7.1003 -64.139213 -210.976250 4
7.3527 -60.555241 -212.000000 4

-40.9007 -59.254838 -8.000000 4
-39.6303 -58.733669 -10.901820 4
-38.4012 -58.231316 -13.908009 4
-37.2103 -57.745256 -16.996261 4
-36.0543 -57.272846 -20.144270 4
-34.9302 -56.811325 -23.329733 4
-33.8351 -56.357822 -26.530342 4
-32.7664 -55.909355 -29.723793 4
-31.7213 -55.462839 -32.887781 4
-30.6976 -55.015085 -36.000000 4
-29.6928 -54.562810 -39.038145 4
-28.7048 -54.102638 -41.979910 4
-27.7317 -53.631101 -44.802991 4
-26.7715 -53.144650 -47.485082 4
-25.8227 -52.639654 -50.003878 4
-24.8837 -52.112404 -52.337073 4
-23.9531 -51.559123 -54.462361 4
-23.0298 -50.975963 -56.357439 4
-22.1127 -50.359014 -58.000000 4
-21.2058 -49.715823 -59.380442 4
-20.3322 -49.100360 -60.539976 4
-19.5170 -48.579152 -61.532515 4
-18.7827 -48.219807 -62.411971 4
-18.1490 -48.090933 -63.232260 4
-17.6327 -48.262067 -64.047294 4
-17.2476 -48.803601 -64.910986 4
-17.0048 -49.786701 -65.877250 4
-16.9124 -51.283237 -67.000000 4
-16.9661 -53.336277 -68.320745 4
-17.1237 -55.870967 -69.831379 4
-17.3377 -58.781442 -71.511395 4
-17.5651 -61.960172 -73.340283 4
-17.7673 -65.298083 -75.297535 4
-17.9107 -68.684676 -77.362641 4
-17.9661 -72.008152 -79.515093 4
-17.9091 -75.155540 -81.734382 4
-17.7201 -78.012814 -84.000000 4
-17.3890 -80.487693 -86.296799 4
-16.9285 -82.578184 -88.631078 4
-16.3553 -84.305330 -91.014498 4
-15.6854 -85.690629 -93.458721 4
-14.9338 -86.756005 -95.975407 4
-14.1144 -87.523779 -98.576217 4
-13.2402 -88.016649 -101.272812 4
-12.3233 -88.257655 -104.076853 4
-11.3745 -88.270161 -107.000000 4
-10.4027 -88.068118 -110.043501 4
-9.4118 -87.626837 -113.166943 4
-8.4061 -86.911940 -116.319500 4
-7.3911 -85.889072 -119.450347 4
-6.3737 -84.523943 -122.508656 4
-5.3624 -82.782360 -125.443603 4
-4.3671 -80.630270 -128.204359 4
-3.3991 -78.033798 -130.740101 4
-2.4711 -74.959281 -133.000000 4
-1.5982 -71.411137 -134.950324 4
-0.7970 -67.545440 -136.625705 4
-0.0776 -63.556454 -138.077871 4
0.5581 -59.638618 -139.358547 4
1.1162 -55.986331 -140.519460 4
1.6114 -52.793731 -141.612336 4
2.0661 -50.254484 -142.688900 4
2.5113 -48.561564 -143.800880 4
2.9859 -47.907040 -145.000000 4
3.5320 -48.414535 -146.325301 4
4.1745 -49.937483 -147.765079 4
4.9260 -52.261874 -149.294941 4
5.7899 -55.173900 -150.890498 4
6.7607 -58.460196 -152.527357 4
7.8239 -61.908073 -154.181128 4
8.9561 -65.305757 -155.827419 4
10.1249 -68.442623 -157.441840 4
11.2893 -71.109432 -159.000000 4
12.4075 -73.147595 -160.486468 4
13.4664 -74.595785 -161.921661 4
14.4639 -75.541649 -163.334956 4
15.4014 -76.072515 -164.755731 4
16.2842 -76.275295 -166.213362 4
17.1210 -76.236386 -167.737227 4
17.9242 -76.041583 -169.356703 4
18.7098 -75.775973 -171.101169 4
19.4974 -75.523852 -173.000000 4
20.3047 -75.348998 -175.073133 4
21.1304 -75.236182 -177.302734 4
21.9667 -75.150784 -179.661530 4
22.8042 -75.058571 -182.122245 4
23.6324 -74.925727 -184.657605 4
24.4391 -74.718893 -187.240335 4
25.2108 -74.405207 -189.843161 4
25.9325 -73.952339 -192.438807 4
26.5881 -73.328530 -195.000000 4
27.1597 -72.502627 -197.499464 4
27.6285 -71.444119 -199.909926 4
27.9738 -70.123176 -202.204109 4
28.1742 -68.510684 -204.354741 4
28.2065 -66.578279 -206.334545 4
28.0464 -64.298381 -208.116248 4
27.6685 -61.644235 -209.672574 4
27.0457 -58.589938 -210.976250 4
26.1502 -55.110477 -212.000000 4

-20.0317 -69.157304 -8.000000 4
-18.9917 -68.260663 -10.901820 4
-17.9850 -67.394968 -13.908009 4
-17.0092 -66.556787 -16.996261 4
-16.0623 -65.742615 -20.144270 4
-15.1422 -64.948880 -23.329733 4
-14.2471 -64.171946 -26.530342 4
-13.3754 -63.408120 -29.723793 4
-12.5255 -62.653654 -32.887781 4
-11.6962 -61.904749 -36.000000 4
-10.8864 -61.157563 -39.038145 4
-10.0950 -60.408214 -41.979910 4
-9.3212 -59.652783 -44.802991 4
-8.5646 -58.887321 -47.485082 4
-7.8245 -58.107851 -50.003878 4
-7.1007 -57.310378 -52.337073 4
-6.3933 -56.490885 -54.462361 4
-5.7021 -55.645348 -56.357439 4
-5.0276 -54.769731 -58.000000 4
-4.3711 -53.872479 -59.380442 4
-3.7373 -53.012033 -60.539976 4
-3.1291 -52.259501 -61.532515 4
-2.5464 -51.686130 -62.411971 4
-1.9862 -51.363217 -63.232260 4
-1.4422 -51.362039 -64.047294 4
-0.9055 -51.753768 -64.910986 4
-0.3639 -52.609392 -65.877250 4
0.1977 -53.999638 -67.000000 4
0.7969 -55.964019 -68.320745 4
1.4501 -58.418186 -69.831379 4
2.1687 -61.246648 -71.511395 4
2.9597 -64.333784 -73.340283 4
3.8248 -67.563960 -75.297535 4
4.7613 -70.821667 -77.362641 4
5.7612 -73.991644 -79.515093 4
6.8119 -76.959007 -81.734382 4
7.8960 -79.609376 -84.000000 4
8.9937 -81.852059 -86.296799 4
10.0926 -83.689118 -88.631078 4
11.1832 -85.145866 -91.014498 4
12.2573 -86.247741 -93.458721 4
13.3076 -87.020274 -95.975407 4
14.3280 -87.489065 -98.576217 4
15.3132 -87.679752 -101.272812 4
16.2593 -87.617984 -104.076853 4
17.1632 -87.329396 -107.000000 4
18.0211 -86.830009 -110.043501 4
18.8211 -86.097678 -113.166943 4
19.5487 -85.101098 -116.319500 4
20.1876 -83.809440 -119.450347 4
20.7203 -82.192392 -122.508656 4
21.1281 -80.220194 -125.443603 4
21.3907 -77.863673 -128.204359 4
21.4867 -75.094280 -130.740101 4
21.3933 -71.884123 -133.000000 4
21.0977 -68.242153 -134.950324 4
20.6335 -64.321681 -136.625705 4
20.0527 -60.310177 -138.077871 4
19.4150 -56.392680 -139.358547 4
18.7879 -52.751599 -140.519460 4
18.2465 -49.566505 -141.612336 4
17.8738 -47.013928 -142.688900 4
17.7600 -45.267157 -143.800880 4
18.0028 -44.496041 -145.000000 4
18.6815 -44.804487 -146.325301 4
19.7733 -46.045578 -147.765079 4
21.2222 -48.012372 -149.294941 4
22.9638 -50.500969 -150.890498 4
24.9252 -53.310729 -152.527357 4
27.0255 -56.244491 -154.181128 4
29.1754 -59.108792 -155.827419 4
31.2775 -61.714079 -157.441840 4
33.2264 -63.874921 -159.000000 4
34.9325 -65.454101 -160.486468 4
36.3955 -66.492444 -161.921661 4
37.6411 -67.073766 -163.334956 4
38.6985 -67.280422 -164.755731 4
39.6001 -67.193217 -166.213362 4
40.3815 -66.891324 -167.737227 4
41.0817 -66.452194 -169.356703 4
41.7428 -65.951476 -171.101169 4
42.4100 -65.462929 -173.000000 4
43.1204 -65.041409 -175.073133 4
43.8679 -64.672928 -177.302734 4
44.6340 -64.327117 -179.661530 4
45.3993 -63.974429 -182.122245 4
46.1427 -63.586167 -184.657605 4
46.8424 -63.134525 -187.240335 4
47.4751 -62.592611 -189.843161 4
48.0163 -61.934485 -192.438807 4
48.4406 -61.135185 -195.000000 4
48.7213 -60.170762 -197.499464 4
48.8307 -59.018304 -199.909926 4
48.7400 -57.655971 -202.204109 4
48.4194 -56.063021 -204.354741 4
47.8381 -54.219836 -206.334545 4
46.9643 -52.107953 -208.116248 4
45.7653 -49.710089 -209.672574 4
44.2074 -47.010169 -210.976250 4
42.2562 -43.993349 -212.000000 4

2.8991 -71.941608 -8.000000 4
3.6017 -70.761784 -10.901820 4
4.2824 -69.621850 -13.908009 4
4.9425 -68.517820 -16.996261 4
5.5829 -67.445687 -20.144270 4
6.2043 -66.401434 -23.329733 4
6.8073 -65.381037 -26.530342 4
7.3923 -64.380470 -29.723793 4
7.9595 -63.395709 -32.887781 4
8.5089 -62.422736 -36.000000 4
9.0405 -61.457545 -39.038145 4
9.5539 -60.496148 -41.979910 4
10.0486 -59.534577 -44.802991 4
10.5239 -58.568890 -47.485082 4
10.9791 -57.595176 -50.003878 4
11.4131 -56.609559 -52.337073 4
11.8246 -55.608203 -54.462361 4
12.2124 -54.587317 -56.357439 4
12.5750 -53.543158 -58.000000 4
12.9135 -52.484196 -59.380442 4
13.2422 -51.467330 -60.539976 4
13.5808 -50.560930 -61.532515 4
13.9520 -49.832548 -62.411971 4
14.3812 -49.348834 -63.232260 4
14.8967 -49.175465 -64.047294 4
15.5299 -49.377069 -64.910986 4
16.3146 -50.017149 -65.877250 4
17.2875 -51.158012 -67.000000 4
18.4779 -52.831546 -68.320745 4
19.8746 -54.952589 -69.831379 4
21.4520 -57.407914 -71.511395 4
23.1798 -60.085705 -73.340283 4
25.0233 -62.875674 -75.297535 4
26.9432 -65.669189 -77.362641 4
28.8955 -68.359390 -79.515093 4
30.8318 -70.841305 -81.734382 4
32.6994 -73.011975 -84.000000 4
34.4508 -74.791629 -86.296799 4
36.0749 -76.186173 -88.631078 4
37.5707 -77.222584 -91.014498 4
38.9384 -77.927621 -93.458721 4
40.1793 -78.327797 -95.975407 4
41.2956 -78.449354 -98.576217 4
42.2905 -78.318231 -101.272812 4
43.1684 -77.960047 -104.076853 4
43.9344 -77.400068 -107.000000 4
44.5899 -76.654737 -110.043501 4
45.1169 -75.706734 -113.166943 4
45.4914 -74.531045 -116.319500 4
45.6884 -73.103543 -119.450347 4
45.6817 -71.401015 -122.508656 4
45.4439 -69.401194 -125.443603 4
44.9468 -67.082792 -128.204359 4
44.1608 -64.425524 -130.740101 4
43.0557 -61.410140 -133.000000 4
41.6220 -58.049201 -134.950324 4
39.9403 -54.477478 -136.625705 4
38.1190 -50.856347 -138.077871 4
36.2736 -47.342406 -139.358547 4
34.5257 -44.087298 -140.519460 4
33.0036 -41.237541 -141.612336 4
31.8418 -38.934363 -142.688900 4
31.1806 -37.313531 -143.800880 4
31.1668 -36.505193 -145.000000 4
31.9083 -36.582843 -146.325301 4
33.3369 -37.414334 -147.765079 4
35.3340 -38.821094 -149.294941 4
37.7740 -40.630118 -150.890498 4
40.5243 -42.674142 -152.527357 4
43.4455 -44.791826 -154.181128 4
46.3918 -46.827930 -155.827419 4
49.2107 -48.633482 -157.441840 4
51.7436 -50.065949 -159.000000 4
53.8619 -51.023605 -160.486468 4
55.5785 -51.545228 -161.921661 4
56.9441 -51.702174 -163.334956 4
58.0125 -51.563349 -164.755731 4
58.8401 -51.195136 -166.213362 4
59.4857 -50.661331 -167.737227 4
60.0108 -50.023073 -169.356703 4
60.4792 -49.338783 -171.101169 4
60.9574 -48.664097 -173.000000 4
61.4978 -48.039295 -175.073133 4
62.0901 -47.453076 -177.302734 4
62.7073 -46.882446 -179.661530 4
63.3215 -46.305582 -182.122245 4
63.9038 -45.701867 -184.657605 4
64.4244 -45.051902 -187.240335 4
64.8529 -44.337538 -189.843161 4
65.1579 -43.541892 -192.438807 4
65.3072 -42.649372 -195.000000 4
65.2681 -41.645694 -197.499464 4
65.0069 -40.517905 -199.909926 4
64.4894 -39.254404 -202.204109 4
63.6809 -37.844952 -204.354741 4
62.5458 -36.280702 -206.334545 4
61.0483 -34.554203 -208.116248 4
59.1516 -32.659427 -209.672574 4
56.8190 -30.591780 -210.976250 4
54.0128 -28.348113 -212.000000 4

25.5316 -67.321169 -8.000000 4
25.8243 -65.979598 -10.901820 4
26.1090 -64.682757 -13.908009 4
26.3856 -63.426511 -16.996261 4
26.6535 -62.206768 -20.144270 4
26.9122 -61.019480 -23.329733 4
27.1610 -59.860647 -26.530342 4
27.3991 -58.726324 -29.723793 4
27.6253 -57.612627 -32.887781 4
27.8383 -56.515730 -36.000000 4
28.0369 -55.431878 -39.038145 4
28.2194 -54.357387 -41.979910 4
28.3842 -53.288647 -44.802991 4
28.5292 -52.222131 -47.485082 4
28.6526 -51.154395 -50.003878 4
28.7521 -50.082081 -52.337073 4
28.8254 -49.001929 -54.462361 4
28.8700 -47.910771 -56.357439 4
28.8832 -46.805543 -58.000000 4
28.8690 -45.693866 -59.380442 4
28.8588 -44.625243 -60.539976 4
28.8929 -43.658269 -61.532515 4
29.0143 -42.849846 -62.411971 4
29.2682 -42.255117 -63.232260 4
29.7024 -41.927401 -64.047294 4
30.3668 -41.918130 -64.910986 4
31.3138 -42.276786 -65.877250 4
32.5979 -43.050840 -67.000000 4
34.2571 -44.261274 -68.320745 4
36.2535 -45.830881 -69.831379 4
38.5272 -47.660349 -71.511395 4
41.0141 -49.653177 -73.340283 4
43.6463 -51.715776 -75.297535 4
46.3519 -53.757571 -77.362641 4
49.0556 -55.691100 -79.515093 4
51.6783 -57.432112 -81.734382 4
54.1371 -58.899662 -84.000000 4
56.3620 -60.033113 -86.296799 4
58.3441 -60.841605 -88.631078 4
60.0911 -61.351004 -91.014498 4
61.6117 -61.586636 -93.458721 4
62.9155 -61.573267 -95.975407 4
64.0128 -61.335077 -98.576217 4
64.9150 -60.895641 -101.272812 4
65.6342 -60.277907 -104.076853 4
66.1835 -59.504173 -107.000000 4
66.5693 -58.589614 -110.043501 4
66.7689 -57.523513 -113.166943 4
66.7519 -56.289727 -116.319500 4
66.4867 -54.873310 -119.450347 4
65.9412 -53.260537 -122.508656 4
65.0823 -51.438931 -125.443603 4
63.8766 -49.397274 -128.204359 4
62.2897 -47.125635 -130.740101 4
60.2865 -44.615388 -133.000000 4
57.8624 -41.881412 -134.950324 4
55.1361 -39.026065 -136.625705 4
52.2619 -36.168021 -138.077871 4
49.3986 -33.419315 -139.358547 4
46.7099 -30.885217 -140.519460 4
44.3638 -28.664116 -141.612336 4
42.5323 -26.847397 -142.688900 4
41.3920 -25.519332 -143.800880 4
41.1229 -24.756970 -145.000000 4
41.8508 -24.595833 -146.325301 4
43.4692 -24.932140 -147.765079 4
45.8090 -25.634074 -149.294941 4
48.6963 -26.577326 -150.890498 4
51.9523 -27.645228 -152.527357 4
55.3938 -28.728868 -154.181128 4
58.8332 -29.727204 -155.827419 4
62.0788 -30.547181 -157.441840 4
64.9350 -31.103834 -159.000000 4
67.2476 -31.341397 -160.486468 4
69.0409 -31.292610 -161.921661 4
70.3860 -31.009026 -163.334956 4
71.3554 -30.539009 -164.755731 4
72.0238 -29.927687 -166.213362 4
72.4671 -29.216913 -167.737227 4
72.7631 -28.445222 -169.356703 4
72.9908 -27.647792 -171.101169 4
73.2307 -26.856409 -173.000000 4
73.5454 -26.092635 -175.073133 4
73.9216 -25.349017 -177.302734 4
74.3264 -24.612299 -179.661530 4
74.7263 -23.870636 -182.122245 4
75.0874 -23.113605 -184.657605 4
75.3754 -22.332217 -187.240335 4
75.5556 -21.518931 -189.843161 4
75.5929 -20.667658 -192.438807 4
75.4520 -19.773781 -195.000000 4
75.0970 -18.834154 -197.499464 4
74.4921 -17.847116 -199.909926 4
73.6012 -16.812493 -202.204109 4
72.3879 -15.731612 -204.354741 4
70.8160 -14.607299 -206.334545 4
68.8487 -13.443889 -208.116248 4
66.4497 -12.247225 -209.672574 4
63.5823 -11.024666 -210.976250 4
60.2101 -9.785088 -212.000000 4

45.5361 -55.771557 -8.000000 4
45.3889 -54.406323 -10.901820 4
45.2483 -53.086053 -13.908009 4
45.1128 -51.806894 -16.996261 4
44.9807 -50.565086 -20.144270 4
44.8501 -49.356966 -23.329733 4
44.7192 -48.178972 -26.530342 4
44.5858 -47.027647 -29.723793 4
44.4476 -45.899643 -32.887781 4
44.3024 -44.791723 -36.000000 4
44.1475 -43.700768 -39.038145 4
43.9804 -42.623777 -41.979910 4
43.7982 -41.557872 -44.802991 4
43.5981 -40.500300 -47.485082 4
43.3770 -39.448439 -50.003878 4
43.1318 -38.399800 -52.337073 4
42.8593 -37.352028 -54.462361 4
42.5561 -36.302908 -56.357439 4
42.2186 -35.250367 -58.000000 4
41.8531 -34.200399 -59.380442 4
41.5050 -33.190009 -60.539976 4
41.2312 -32.261988 -61.532515 4
41.0903 -31.456733 -62.411971 4
41.1428 -30.812203 -63.232260 4
41.4509 -30.363871 -64.047294 4
42.0781 -30.144679 -64.910986 4
43.0900 -30.184995 -65.877250 4
44.5531 -30.512569 -67.000000 4
46.5102 -31.135316 -68.320745 4
48.9010 -31.991933 -69.831379 4
51.6370 -33.007242 -71.511395 4
54.6270 -34.109991 -73.340283 4
57.7768 -35.232922 -75.297535 4
60.9898 -36.312841 -77.362641 4
64.1667 -37.290686 -79.515093 4
67.2056 -38.111597 -81.734382 4
70.0027 -38.724976 -84.000000 4
72.4720 -39.095561 -86.296799 4
74.6080 -39.234786 -88.631078 4
76.4265 -39.164742 -91.014498 4
77.9435 -38.906716 -93.458721 4
79.1759 -38.481177 -95.975407 4
80.1413 -37.907757 -98.576217 4
80.8579 -37.205238 -101.272812 4
81.3445 -36.391536 -104.076853 4
81.6205 -35.483686 -107.000000 4
81.6968 -34.494031 -110.043501 4
81.5486 -33.419564 -113.166943 4
81.1418 -32.254670 -116.319500 4
80.4417 -30.995125 -119.450347 4
79.4135 -29.638107 -122.508656 4
78.0220 -28.182206 -125.443603 4
76.2318 -26.627436 -128.204359 4
74.0072 -24.975241 -130.740101 4
71.3122 -23.228503 -133.000000 4
68.1471 -21.402890 -134.950324 4
64.6569 -19.557811 -136.625705 4
61.0255 -17.757024 -138.077871 4
57.4392 -16.056469 -139.358547 4
54.0864 -14.504211 -140.519460 4
51.1576 -13.140376 -141.612336 4
48.8452 -11.997105 -142.688900 4
47.3430 -11.098501 -143.800880 4
46.8463 -10.460584 -145.000000 4
47.4857 -10.077244 -146.325301 4
49.1273 -9.883754 -147.765079 4
51.5690 -9.808612 -149.294941 4
54.6064 -9.789007 -150.890498 4
58.0330 -9.770872 -152.527357 4
61.6406 -9.708930 -154.181128 4
65.2191 -9.566743 -155.827419 4
68.5573 -9.316747 -157.441840 4
71.4428 -8.940290 -159.000000 4
73.7116 -8.433309 -160.486468 4
75.3972 -7.819134 -161.921661 4
76.5832 -7.124209 -163.334956 4
77.3540 -6.371377 -164.755731 4
77.7943 -5.579867 -166.213362 4
77.9898 -4.765282 -167.737227 4
78.0261 -3.939585 -169.356703 4
77.9896 -3.111093 -171.101169 4
77.9665 -2.284468 -173.000000 4
78.0232 -1.460335 -175.073133 4
78.1446 -0.635856 -177.302734 4
78.2952 0.191121 -179.661530 4
78.4396 1.021246 -182.122245 4
78.5425 1.853673 -184.657605 4
78.5682 2.686058 -187.240335 4
78.4816 3.514559 -189.843161 4
78.2474 4.333838 -192.438807 4
77.8307 5.137067 -195.000000 4
77.1964 5.915930 -197.499464 4
76.3101 6.660626 -199.909926 4
75.1374 7.359878 -202.204109 4
73.6443 8.000938 -204.354741 4
71.7972 8.569590 -206.334545 4
69.5628 9.050166 -208.116248 4
66.9083 9.425549 -209.672574 4
63.8013 9.677184 -210.976250 4
60.2101 9.785088 -212.000000 4

60.8537 -38.481539 -8.000000 4
60.2818 -37.233161 -10.901820 4
59.7304 -36.025355 -13.908009 4
59.1967 -34.854943 -16.996261 4
58.6782 -33.718886 -20.144270 4
58.1717 -32.614283 -23.329733 4
57.6745 -31.538375 -26.530342 4
57.1834 -30.488550 -29.723793 4
56.6951 -29.462341 -32.887781 4
56.2065 -28.457434 -36.000000 4
55.7142 -27.471664 -39.038145 4
55.2146 -26.503025 -41.979910 4
54.7042 -25.549664 -44.802991 4
54.1795 -24.609889 -47.485082 4
53.6367 -23.682170 -50.003878 4
53.0721 -22.765138 -52.337073 4
52.4818 -21.857590 -54.462361 4
51.8619 -20.958491 -56.357439 4
51.2086 -20.066973 -58.000000 4
50.5294 -19.186782 -59.380442 4
49.8792 -18.338623 -60.539976 4
49.3256 -17.545073 -61.532515 4
48.9370 -16.825869 -62.411971 4
48.7827 -16.197878 -63.232260 4
48.9329 -15.675076 -64.047294 4
49.4585 -15.268524 -64.910986 4
50.4310 -14.986350 -65.877250 4
51.9226 -14.833727 -67.000000 4
53.9762 -14.804691 -68.320745 4
56.5152 -14.860147 -69.831379 4
59.4319 -14.956794 -71.511395 4
62.6172 -15.055963 -73.340283 4
65.9605 -15.123646 -75.297535 4
69.3502 -15.130535 -77.362641 4
72.6732 -15.052050 -79.515093 4
75.8157 -14.868366 -81.734382 4
78.6631 -14.564441 -84.000000 4
81.1226 -14.134016 -86.296799 4
83.1929 -13.589643 -88.631078 4
84.8955 -12.947366 -91.014498 4
86.2527 -12.222240 -93.458721 4
87.2870 -11.428331 -95.975407 4
88.0211 -10.578701 -98.576217 4
88.4784 -9.685407 -101.272812 4
88.6823 -8.759489 -104.076853 4
88.6566 -7.810966 -107.000000 4
88.4156 -6.848077 -110.043501 4
87.9347 -5.875835 -113.166943 4
87.1799 -4.899732 -116.319500 4
86.1170 -3.926701 -119.450347 4
84.7120 -2.965111 -122.508656 4
82.9311 -2.024768 -125.443603 4
80.7407 -1.116913 -128.204359 4
78.1074 -0.254216 -130.740101 4
74.9980 0.549225 -133.000000 4
71.4176 1.278569 -134.950324 4
67.5228 1.923471 -136.625705 4
63.5080 2.481652 -138.077871 4
59.5678 2.959022 -139.358547 4
55.8960 3.369672 -140.519460 4
52.6860 3.735864 -141.612336 4
50.1305 4.088013 -142.688900 4
48.4211 4.464667 -143.800880 4
47.7480 4.912480 -145.000000 4
48.2331 5.478567 -146.325301 4
49.7289 6.181939 -147.765079 4
52.0211 7.026422 -149.294941 4
54.8960 8.006866 -150.890498 4
58.1406 9.109173 -152.527357 4
61.5428 10.310321 -154.181128 4
64.8922 11.578396 -155.827419 4
67.9794 12.872633 -157.441840 4
70.5972 14.143452 -159.000000 4
72.5887 15.342795 -160.486468 4
73.9931 16.459143 -161.921661 4
74.8980 17.493883 -163.334956 4
75.3907 18.452043 -164.755731 4
75.5577 19.342272 -166.213362 4
75.4852 20.176825 -167.737227 4
75.2582 20.971541 -169.356703 4
74.9612 21.745822 -171.101169 4
74.6775 22.522606 -173.000000 4
74.4703 23.322273 -175.073133 4
74.3243 24.142752 -177.302734 4
74.2053 24.974869 -179.661530 4
74.0795 25.808014 -182.122245 4
73.9134 26.630158 -184.657605 4
73.6742 27.427865 -187.240335 4
73.3297 28.186304 -189.843161 4
72.8482 28.889265 -192.438807 4
72.1985 29.519172 -195.000000 4
71.3502 30.057104 -197.499464 4
70.2737 30.482809 -199.909926 4
68.9399 30.774719 -202.204109 4
67.3207 30.909974 -204.354741 4
65.3885 30.864436 -206.334545 4
63.1169 30.612714 -208.116248 4
60.4801 30.128179 -209.672574 4
57.4534 29.382990 -210.976250 4
54.0128 28.348113 -212.000000 4

69.9078 -17.230728 -8.000000 4
68.9700 -16.227698 -10.901820 4
68.0645 -15.256671 -13.908009 4
67.1877 -14.315474 -16.996261 4
66.3361 -13.402098 -20.144270 4
65.5059 -12.514705 -23.329733 4
64.6936 -11.651624 -26.530342 4
63.8953 -10.811354 -29.723793 4
63.1072 -9.992566 -32.887781 4
62.3255 -9.194103 -36.000000 4
61.5463 -8.414981 -39.038145 4
60.7657 -7.654393 -41.979910 4
59.9797 -6.911703 -44.802991 4
59.1844 -6.186453 -47.485082 4
58.3758 -5.478363 -50.003878 4
57.5498 -4.787325 -52.337073 4
56.7025 -4.113414 -54.462361 4
55.8298 -3.456877 -56.357439 4
54.9278 -2.818143 -58.000000 4
54.0048 -2.198326 -59.380442 4
53.1195 -1.599695 -60.539976 4
52.3431 -1.022295 -61.532515 4
51.7467 -0.463167 -62.411971 4
51.4015 0.083648 -63.232260 4
51.3785 0.627110 -64.047294 4
51.7483 1.179177 -64.910986 4
52.5814 1.754798 -65.877250 4
53.9479 2.371908 -67.000000 4
55.8865 3.049739 -68.320745 4
58.3124 3.801151 -69.831379 4
61.1097 4.633113 -71.511395 4
64.1624 5.547733 -73.340283 4
67.3552 6.542264 -75.297535 4
70.5725 7.609114 -77.362641 4
73.6997 8.735851 -79.515093 4
76.6223 9.905223 -81.734382 4
79.2269 11.095171 -84.000000 4
81.4235 12.282303 -86.296799 4
83.2149 13.454242 -88.631078 4
84.6265 14.602645 -91.014498 4
85.6842 15.720236 -93.458721 4
86.4139 16.800800 -95.975407 4
86.8412 17.839190 -98.576217 4
86.9920 18.831315 -101.272812 4
86.8922 19.774147 -104.076853 4
86.5675 20.665715 -107.000000 4
86.0340 21.502730 -110.043501 4
85.2700 22.272677 -113.166943 4
84.2449 22.959521 -116.319500 4
82.9286 23.545887 -119.450347 4
81.2914 24.013075 -122.508656 4
79.3044 24.341073 -125.443603 4
76.9392 24.508571 -128.204359 4
74.1682 24.492973 -130.740101 4
70.9644 24.270422 -133.000000 4
67.3373 23.828429 -134.950324 4
63.4387 23.206776 -136.625705 4
59.4538 22.464899 -138.077871 4
55.5652 21.669949 -139.358547 4
51.9523 20.896725 -140.519460 4
48.7916 20.227583 -141.612336 4
46.2561 19.752365 -142.688900 4
44.5153 19.568299 -143.800880 4
43.7351 19.779916 -145.000000 4
44.0159 20.470484 -146.325301 4
45.2120 21.611343 -147.765079 4
47.1189 23.138247 -149.294941 4
49.5354 24.978616 -150.890498 4
52.2639 27.051637 -152.527357 4
55.1107 29.268359 -154.181128 4
57.8861 31.531804 -155.827419 4
60.4046 33.737070 -157.441840 4
62.4852 35.771449 -159.000000 4
63.9944 37.539709 -160.486468 4
64.9730 39.043327 -161.921661 4
65.5037 40.311380 -163.334956 4
65.6676 41.376247 -164.755731 4
65.5442 42.273567 -166.213362 4
65.2111 43.042190 -167.737227 4
64.7441 43.724127 -169.356703 4
64.2172 44.364502 -171.101169 4
63.7022 45.011494 -173.000000 4
63.2524 45.704387 -175.073133 4
62.8541 46.436416 -177.302734 4
62.4777 47.188026 -179.661530 4
62.0945 47.938437 -182.122245 4
61.6766 48.665678 -184.657605 4
61.1972 49.346602 -187.240335 4
60.6302 49.956915 -189.843161 4
59.9508 50.471203 -192.438807 4
59.1351 50.862954 -195.000000 4
58.1602 51.104588 -197.499464 4
57.0042 51.167484 -199.909926 4
55.6467 51.022007 -202.204109 4
54.0679 50.637536 -204.354741 4
52.2496 49.982495 -206.334545 4
50.1746 49.024383 -208.116248 4
47.8270 47.729802 -209.672574 4
45.1920 46.064489 -210.976250 4
42.2562 43.993349 -212.000000 4

71.7665 5.793593 -8.000000 4
70.5594 6.448035 -10.901820 4
69.3930 7.082338 -13.908009 4
68.2632 7.697446 -16.996261 4
67.1662 8.294129 -20.144270 4
66.0978 8.872975 -23.329733 4
65.0539 9.434395 -26.530342 4
64.0306 9.978623 -29.723793 4
63.0238 10.505716 -32.887781 4
62.0295 11.015551 -36.000000 4
61.0437 11.507832 -39.038145 4
60.0624 11.982084 -41.979910 4
59.0817 12.437660 -44.802991 4
58.0976 12.873736 -47.485082 4
57.1064 13.289316 -50.003878 4
56.1041 13.683232 -52.337073 4
55.0870 14.054144 -54.462361 4
54.0513 14.400543 -56.357439 4
52.9934 14.720750 -58.000000 4
51.9217 15.016398 -59.380442 4
50.8924 15.303885 -60.539976 4
49.9731 15.605706 -61.532515 4
49.2303 15.947208 -62.411971 4
48.7297 16.356565 -63.232260 4
48.5358 16.864750 -64.047294 4
48.7117 17.505508 -64.910986 4
49.3197 18.315329 -65.877250 4
50.4204 19.333409 -67.000000 4
52.0447 20.590268 -68.320745 4
54.1078 22.071207 -69.831379 4
56.4976 23.746147 -71.511395 4
59.1036 25.580416 -73.340283 4
61.8171 27.534798 -75.297535 4
64.5310 29.565578 -77.362641 4
67.1404 31.624596 -79.515093 4
69.5424 33.659297 -81.734382 4
71.6361 35.612788 -84.000000 4
73.3438 37.434440 -86.296799 4
74.6718 39.113321 -88.631078 4
75.6471 40.649648 -91.014498 4
76.2965 42.044673 -93.458721 4
76.6464 43.300674 -95.975407 4
76.7229 44.420944 -98.576217 4
76.5518 45.409784 -101.272812 4
76.1586 46.272488 -104.076853 4
75.5682 47.015333 -107.000000 4
74.7971 47.640323 -110.043501 4
73.8287 48.128726 -113.166943 4
72.6388 48.455616 -116.319500 4
71.2046 48.594964 -119.450347 4
69.5037 48.519665 -122.508656 4
67.5151 48.201558 -125.443603 4
65.2186 47.611458 -128.204359 4
62.5951 46.719172 -130.740101 4
59.6267 45.493535 -133.000000 4
56.3262 43.925698 -134.950324 4
52.8251 42.101475 -136.625705 4
49.2802 40.135898 -138.077871 4
45.8434 38.150452 -139.358547 4
42.6613 36.272937 -140.519460 4
39.8752 34.637336 -141.612336 4
37.6206 33.383662 -142.688900 4
36.0278 32.657823 -143.800880 4
35.2206 32.611463 -145.000000 4
35.2684 33.355434 -146.325301 4
36.0417 34.816354 -147.765079 4
37.3669 36.868518 -149.294941 4
39.0762 39.379389 -150.890498 4
41.0078 42.209753 -152.527357 4
43.0061 45.213890 -154.181128 4
44.9219 48.239734 -155.827419 4
46.6125 51.129047 -157.441840 4
47.9418 53.717594 -159.000000 4
48.8134 55.872769 -160.486468 4
49.2655 57.608895 -161.921661 4
49.3673 58.979743 -163.334956 4
49.1856 60.041713 -164.755731 4
48.7844 60.853765 -166.213362 4
48.2250 61.477346 -167.737227 4
47.5661 61.976315 -169.356703 4
46.8635 62.416871 -171.101169 4
46.1701 62.867478 -173.000000 4
45.5241 63.382279 -175.073133 4
44.9145 63.950514 -177.302734 4
44.3195 64.544255 -179.661530 4
43.7183 65.134696 -182.122245 4
43.0917 65.692180 -184.657605 4
42.4213 66.186235 -187.240335 4
41.6902 66.585605 -189.843161 4
40.8829 66.858286 -192.438807 4
39.9851 66.971558 -195.000000 4
38.9838 66.892024 -197.499464 4
37.8675 66.585638 -199.909926 4
36.6258 66.017746 -202.204109 4
35.2501 65.153122 -204.354741 4
33.7328 63.956000 -206.334545 4
32.0680 62.390114 -208.116248 4
30.2511 60.418734 -209.672574 4
28.2791 58.004704 -210.976250 4
26.1502 55.110477 -212.000000 4

66.2385 28.221596 -8.000000 4
64.8862 28.460091 -10.901820 4
63.5790 28.692382 -13.908009 4
62.3126 28.918090 -16.996261 4
61.0831 29.136665 -20.144270 4
59.8863 29.347385 -23.329733 4
58.7184 29.549359 -26.530342 4
57.5754 29.741530 -29.723793 4
56.4535 29.922674 -32.887781 4
55.3490 30.091406 -36.000000 4
54.2580 30.246177 -39.038145 4
53.1770 30.385279 -41.979910 4
52.1025 30.506850 -44.802991 4
51.0310 30.608869 -47.485082 4
49.9592 30.689164 -50.003878 4
48.8837 30.745415 -52.337073 4
47.8015 30.775150 -54.462361 4
46.7094 30.775757 -56.357439 4
45.6046 30.744478 -58.000000 4
44.4944 30.685527 -59.380442 4
43.4270 30.632280 -60.539976 4
42.4595 30.627456 -61.532515 4
41.6468 30.716182 -62.411971 4
41.0423 30.945947 -63.232260 4
40.6974 31.366549 -64.047294 4
40.6614 32.030048 -64.910986 4
40.9816 32.990716 -65.877250 4
41.7033 34.304978 -67.000000 4
42.8460 36.011500 -68.320745 4
44.3339 38.069538 -69.831379 4
46.0704 40.415059 -71.511395 4
47.9614 42.980181 -73.340283 4
49.9164 45.693254 -75.297535 4
51.8476 48.478943 -77.362641 4
53.6707 51.258312 -79.515093 4
55.3047 53.948916 -81.734382 4
56.6720 56.464884 -84.000000 4
57.7150 58.733557 -86.296799 4
58.4430 60.746578 -88.631078 4
58.8816 62.512700 -91.014498 4
59.0558 64.041573 -93.458721 4
58.9900 65.343734 -95.975407 4
58.7078 66.430579 -98.576217 4
58.2324 67.314355 -101.272812 4
57.5862 68.008134 -104.076853 4
56.7910 68.525799 -107.000000 4
55.8616 68.874435 -110.043501 4
54.7883 69.031025 -113.166943 4
53.5562 68.964315 -116.319500 4
52.1517 68.642302 -119.450347 4
50.5622 68.032265 -122.508656 4
48.7766 67.100796 -125.443603 4
46.7852 65.813835 -128.204359 4
44.5793 64.136701 -130.740101 4
42.1517 62.034130 -133.000000 4
39.5176 59.501821 -134.950324 4
36.7743 56.662790 -136.625705 4
34.0343 53.675825 -138.077871 4
31.4031 50.704238 -139.358547 4
28.9793 47.915681 -140.519460 4
26.8545 45.481967 -141.612336 4
25.1130 43.578876 -142.688900 4
23.8319 42.385971 -143.800880 4
23.0810 42.086406 -145.000000 4
22.8907 42.807205 -146.325301 4
23.1616 44.437818 -147.765079 4
23.7687 46.804020 -149.294941 4
24.5950 49.726955 -150.890498 4
25.5309 53.023342 -152.527357 4
26.4751 56.505685 -154.181128 4
27.3341 59.982487 -155.827419 4
28.0227 63.258460 -157.441840 4
28.4639 66.134742 -159.000000 4
28.6082 68.455007 -160.486468 4
28.4872 70.244945 -161.921661 4
28.1497 71.577491 -163.334956 4
27.6410 72.527259 -164.755731 4
27.0033 73.170461 -166.213362 4
26.2753 73.584817 -167.737227 4
25.4923 73.849460 -169.356703 4
24.6863 74.044853 -171.101169 4
23.8859 74.252694 -173.000000 4
23.1101 74.536417 -175.073133 4
22.3519 74.882369 -177.302734 4
21.5995 75.257131 -179.661530 4
20.8424 75.626828 -182.122245 4
20.0714 75.957175 -184.657605 4
19.2790 76.213509 -187.240335 4
18.4592 76.360830 -189.843161 4
17.6071 76.363838 -192.438807 4
16.7196 76.186974 -195.000000 4
15.7950 75.794456 -197.499464 4
14.8331 75.150324 -199.909926 4
13.8352 74.218470 -202.204109 4
12.8041 72.962685 -204.354741 4
11.7440 71.346698 -206.334545 4
10.6607 69.334210 -208.116248 4
9.5616 66.888940 -209.672574 4
8.4555 63.974661 -210.976250 4
7.3527 60.555241 -212.000000 4

53.8928 47.744831 -8.000000 4
52.5346 47.542831 -10.901820 4
51.2210 47.349202 -13.908009 4
49.9484 47.162279 -16.996261 4
48.7129 46.980249 -20.144270 4
47.5110 46.801154 -23.329733 4
46.3392 46.622893 -26.530342 4
45.1942 46.443226 -29.723793 4
44.0727 46.259778 -32.887781 4
42.9715 46.070039 -36.000000 4
41.8877 45.871370 -39.038145 4
40.8183 45.661006 -41.979910 4
39.7606 45.436058 -44.802991 4
38.7119 45.193519 -47.485082 4
37.6698 44.930265 -50.003878 4
36.6319 44.643060 -52.337073 4
35.5960 44.328558 -54.462361 4
34.5599 43.983311 -56.357439 4
33.5218 43.603767 -58.000000 4
32.4874 43.196283 -59.380442 4
31.4919 42.807782 -60.539976 4
30.5756 42.496810 -61.532515 4
29.7767 42.323628 -62.411971 4
29.1306 42.350152 -63.232260 4
28.6702 42.639880 -64.047294 4
28.4259 43.257828 -64.910986 4
28.4255 44.270463 -65.877250 4
28.6938 45.745634 -67.000000 4
29.2373 47.726172 -68.320745 4
29.9969 50.149481 -69.831379 4
30.9013 52.924166 -71.511395 4
31.8827 55.956120 -73.340283 4
32.8779 59.148635 -75.297535 4
33.8276 62.402509 -77.362641 4
34.6767 65.616158 -79.515093 4
35.3746 68.685729 -81.734382 4
35.8748 71.505212 -84.000000 4
36.1457 73.987400 -86.296799 4
36.1988 76.127366 -88.631078 4
36.0556 77.941499 -91.014498 4
35.7367 79.446859 -93.458721 4
35.2619 80.661152 -95.975407 4
34.6500 81.602706 -98.576217 4
33.9192 82.290453 -101.272812 4
33.0866 82.743899 -104.076853 4
32.1684 82.983102 -107.000000 4
31.1765 83.019499 -110.043501 4
30.1088 82.828159 -113.166943 4
28.9613 82.374716 -116.319500 4
27.7309 81.624486 -119.450347 4
26.4164 80.542501 -122.508656 4
25.0177 79.093542 -125.443603 4
23.5363 77.242183 -128.204359 4
21.9750 74.952825 -130.740101 4
20.3382 72.189731 -133.000000 4
18.6415 68.953593 -134.950324 4
16.9385 65.391968 -136.625705 4
15.2854 61.691055 -138.077871 4
13.7306 58.039183 -139.358547 4
12.3146 54.626603 -140.519460 4
11.0698 51.645270 -141.612336 4
10.0206 49.288641 -142.688900 4
9.1832 47.751453 -143.800880 4
8.5658 47.229517 -145.000000 4
8.1570 47.852953 -146.325301 4
7.8976 49.485425 -147.765079 4
7.7242 51.922118 -149.294941 4
7.5823 54.956269 -150.890498 4
7.4262 58.379391 -152.527357 4
7.2190 61.981514 -154.181128 4
6.9329 65.551416 -155.827419 4
6.5487 68.876861 -157.441840 4
6.0563 71.744832 -159.000000 4
5.4584 73.991368 -160.486468 4
4.7769 75.650886 -161.921661 4
4.0347 76.807974 -163.334956 4
3.2515 77.547783 -164.755731 4
2.4429 77.955933 -166.213362 4
1.6211 78.118414 -167.737227 4
0.7946 78.121492 -169.356703 4
-0.0318 78.051611 -171.101169 4
-0.8568 77.995294 -173.000000 4
-1.6825 78.018736 -175.073133 4
-2.5112 78.106799 -177.302734 4
-3.3436 78.224007 -179.661530 4
-4.1789 78.334909 -182.122245 4
-5.0148 78.404117 -184.657605 4
-5.8475 78.396347 -187.240335 4
-6.6718 78.276455 -189.843161 4
-7.4810 78.009480 -192.438807 4
-8.2668 77.560683 -195.000000 4
-9.0195 76.895584 -197.499464 4
-9.7279 75.980004 -199.909926 4
-10.3794 74.780100 -202.204109 4
-10.9598 73.262410 -204.354741 4
-11.4536 71.393886 -206.334545 4
-11.8438 69.141936 -208.116248 4
-12.1120 66.474460 -209.672574 4
-12.2384 63.359891 -210.976250 4
-12.2016 59.767230 -212.000000 4

36.0000 62.353829 -8.000000 4
34.7757 61.732126 -10.901820 4
33.5910 61.132506 -13.908009 4
32.4431 60.552190 -16.996261 4
31.3288 59.988291 -20.144270 4
30.2455 59.437815 -23.329733 4
29.1905 58.897667 -26.530342 4
28.1613 58.364655 -29.723793 4
27.1556 57.835496 -32.887781 4
26.1711 57.306816 -36.000000 4
25.2060 56.775155 -39.038145 4
24.2583 56.236976 -41.979910 4
23.3262 55.688664 -44.802991 4
22.4083 55.126531 -47.485082 4
21.5032 54.546823 -50.003878 4
20.6097 53.945724 -52.337073 4
19.7266 53.319356 -54.462361 4
18.8532 52.663790 -56.357439 4
17.9887 51.975045 -58.000000 4
17.1366 51.260971 -59.380442 4
16.3153 50.577204 -60.539976 4
15.5447 49.992090 -61.532515 4
14.8417 49.574826 -62.411971 4
14.2205 49.395378 -63.232260 4
13.6920 49.524411 -64.047294 4
13.2646 50.033204 -64.910986 4
12.9435 50.993580 -65.877250 4
12.7310 52.477825 -67.000000 4
12.6193 54.528527 -68.320745 4
12.5725 57.067682 -69.831379 4
12.5516 59.985940 -71.511395 4
12.5224 63.172657 -73.340283 4
12.4554 66.516018 -75.297535 4
12.3258 69.903166 -77.362641 4
12.1136 73.220322 -79.515093 4
11.8035 76.352917 -81.734382 4
11.3852 79.185715 -84.000000 4
10.8561 81.625932 -86.296799 4
10.2288 83.672583 -88.631078 4
9.5185 85.348006 -91.014498 4
8.7393 86.674909 -93.458721 4
7.9044 87.676350 -95.975407 4
7.0259 88.375702 -98.576217 4
6.1149 88.796633 -101.272812 4
5.1815 88.963073 -104.076853 4
4.2348 88.899193 -107.000000 4
3.2824 88.619607 -110.043501 4
2.3303 88.100029 -113.166943 4
1.3854 87.306525 -116.319500 4
0.4559 86.205297 -119.450347 4
-0.4483 84.762729 -122.508656 4
-1.3162 82.945418 -125.443603 4
-2.1351 80.720217 -128.204359 4
-2.8911 78.054270 -130.740101 4
-3.5686 74.915050 -133.000000 4
-4.1532 71.308171 -134.950324 4
-4.6408 67.390539 -136.625705 4
-5.0368 63.356602 -138.077871 4
-5.3552 59.400323 -139.358547 4
-5.6176 55.714965 -140.519460 4
-5.8543 52.492875 -141.612336 4
-6.1033 49.925269 -142.688900 4
-6.4108 48.202016 -143.800880 4
-6.8311 47.511429 -145.000000 4
-7.4163 47.973336 -146.325301 4
-8.1793 49.439640 -147.765079 4
-9.1154 51.696023 -149.294941 4
-10.2108 54.529092 -150.890498 4
-11.4429 57.726617 -152.527357 4
-12.7800 61.077764 -154.181128 4
-14.1820 64.373327 -155.827419 4
-15.5994 67.405966 -157.441840 4
-16.9746 69.970433 -159.000000 4
-18.2532 71.912011 -160.486468 4
-19.4252 73.270299 -161.921661 4
-20.4955 74.132834 -163.334956 4
-21.4728 74.586538 -164.755731 4
-22.3690 74.717625 -166.213362 4
-23.1999 74.611509 -167.737227 4
-23.9849 74.352705 -169.356703 4
-24.7466 74.024741 -171.101169 4
-25.5113 73.710064 -173.000000 4
-26.3020 73.470812 -175.073133 4
-27.1159 73.291920 -177.302734 4
-27.9426 73.139511 -179.661530 4
-28.7700 72.980203 -182.122245 4
-29.5848 72.781150 -184.657605 4
-30.3722 72.510075 -187.240335 4
-31.1161 72.135311 -189.843161 4
-31.7991 71.625832 -192.438807 4
-32.4024 70.951296 -195.000000 4
-32.9057 70.082071 -197.499464 4
-33.2877 68.989281 -199.909926 4
-33.5257 67.644830 -202.204109 4
-33.5956 66.021446 -204.354741 4
-33.4723 64.092708 -206.334545 4
-33.1293 61.833082 -208.116248 4
-32.5390 59.217956 -209.672574 4
-31.6726 56.223670 -210.976250 4
-30.5000 52.827550 -212.000000 4

14.4018 70.544927 -8.000000 4
13.4374 69.567510 -10.901820 4
12.5036 68.623617 -13.908009 4
11.5985 67.709639 -16.996261 4
10.7201 66.821911 -20.144270 4
9.8669 65.956713 -23.329733 4
9.0372 65.110273 -26.530342 4
8.2298 64.278779 -29.723793 4
7.4434 63.458374 -32.887781 4
6.6771 62.645167 -36.000000 4
5.9299 61.835238 -39.038145 4
5.2014 61.024637 -41.979910 4
4.4910 60.209396 -44.802991 4
3.7983 59.385528 -47.485082 4
3.1234 58.549034 -50.003878 4
2.4661 57.695910 -52.337073 4
1.8269 56.822146 -54.462361 4
1.2060 55.923736 -56.357439 4
0.6041 54.996682 -58.000000 4
0.0220 54.049515 -59.380442 4
-0.5405 53.140859 -60.539976 4
-1.0862 52.341829 -61.532515 4
-1.6208 51.723429 -62.411971 4
-2.1533 51.356481 -63.232260 4
-2.6954 51.311537 -64.047294 4
-3.2619 51.658806 -64.910986 4
-3.8706 52.468075 -65.877250 4
-4.5422 53.808624 -67.000000 4
-5.2976 55.718418 -68.320745 4
-6.1461 58.112072 -69.831379 4
-7.0900 60.873535 -71.511395 4
-8.1268 63.887014 -73.340283 4
-9.2491 67.037099 -75.297535 4
-10.4446 70.208891 -77.362641 4
-11.6964 73.288130 -79.515093 4
-12.9825 76.161321 -81.734382 4
-14.2763 78.715861 -84.000000 4
-15.5509 80.862942 -86.296799 4
-16.7941 82.605623 -88.631078 4
-17.9984 83.969888 -91.014498 4
-19.1576 84.981761 -93.458721 4
-20.2667 85.667274 -95.975407 4
-21.3215 86.052441 -98.576217 4
-22.3189 86.163231 -101.272812 4
-23.2569 86.025535 -104.076853 4
-24.1347 85.665147 -107.000000 4
-24.9495 85.098353 -110.043501 4
-25.6881 84.304018 -113.166943 4
-26.3331 83.252125 -116.319500 4
-26.8660 81.913245 -119.450347 4
-27.2669 80.258574 -122.508656 4
-27.5146 78.259961 -125.443603 4
-27.5867 75.889952 -128.204359 4
-27.4596 73.121814 -130.740101 4
-27.1082 69.929580 -133.000000 4
-26.5205 66.323205 -134.950324 4
-25.7424 62.452796 -136.625705 4
-24.8406 58.501036 -138.077871 4
-23.8898 54.647558 -139.358547 4
-22.9717 51.068747 -140.519460 4
-22.1758 47.937540 -141.612336 4
-21.5989 45.423233 -142.688900 4
-21.3449 43.691285 -143.800880 4
-21.5249 42.903127 -145.000000 4
-22.2262 43.155961 -146.325301 4
-23.4143 44.305176 -147.765079 4
-25.0168 46.149005 -149.294941 4
-26.9529 48.489394 -150.890498 4
-29.1342 51.132209 -152.527357 4
-31.4637 53.887455 -154.181128 4
-33.8371 56.569477 -155.827419 4
-36.1420 58.997169 -157.441840 4
-38.2585 60.994179 -159.000000 4
-40.0861 62.430957 -160.486468 4
-41.6279 63.348211 -161.921661 4
-42.9163 63.827415 -163.334956 4
-43.9869 63.948315 -164.755731 4
-44.8785 63.788847 -166.213362 4
-45.6331 63.425056 -167.737227 4
-46.2956 62.931008 -169.356703 4
-46.9143 62.378719 -171.101169 4
-47.5400 61.838069 -173.000000 4
-48.2142 61.360749 -175.073133 4
-48.9296 60.933316 -177.302734 4
-49.6655 60.526977 -179.661530 4
-50.3999 60.113856 -182.122245 4
-51.1097 59.667029 -184.657605 4
-51.7707 59.160550 -187.240335 4
-52.3577 58.569487 -189.843161 4
-52.8442 57.869944 -192.438807 4
-53.2028 57.039096 -195.000000 4
-53.4050 56.055213 -197.499464 4
-53.4213 54.897690 -199.909926 4
-53.2213 53.547073 -202.204109 4
-52.7736 51.985085 -204.354741 4
-52.0458 50.194651 -206.334545 4
-51.0050 48.159927 -208.116248 4
-49.6169 45.866319 -209.672574 4
-47.8468 43.300510 -210.976250 4
-45.6592 40.450482 -212.000000 4

-8.6786 71.475039 -8.000000 4
-9.2839 70.242511 -10.901820 4
-9.8708 69.051496 -13.908009 4
-10.4399 67.897930 -16.996261 4
-10.9919 66.777745 -20.144270 4
-11.5273 65.686876 -23.329733 4
-12.0462 64.621268 -26.530342 4
-12.5488 63.576873 -29.723793 4
-13.0349 62.549664 -32.887781 4
-13.5043 61.535633 -36.000000 4
-13.9565 60.530797 -39.038145 4
-14.3908 59.531208 -41.979910 4
-14.8066 58.532948 -44.802991 4
-15.2027 57.532143 -47.485082 4
-15.5780 56.524962 -50.003878 4
-15.9312 55.507622 -52.337073 4
-16.2609 54.476396 -54.462361 4
-16.5653 53.427614 -56.357439 4
-16.8426 52.357669 -58.000000 4
-17.0949 51.274898 -59.380442 4
-17.3407 50.234879 -60.539976 4
-17.6053 49.304174 -61.532515 4
-17.9166 48.548289 -62.411971 4
-18.3054 48.031609 -63.232260 4
-18.8054 47.817315 -64.047294 4
-19.4527 47.967317 -64.910986 4
-20.2864 48.542181 -65.877250 4
-21.3480 49.601056 -67.000000 4
-22.6692 51.173373 -68.320745 4
-24.2320 53.175153 -69.831379 4
-26.0018 55.495593 -71.511395 4
-27.9395 58.025666 -73.340283 4
-30.0016 60.658245 -75.297535 4
-32.1400 63.288218 -77.362641 4
-34.3024 65.812601 -79.515093 4
-36.4322 68.130659 -81.734382 4
-38.4684 70.144010 -84.000000 4
-40.3573 71.776964 -86.296799 4
-42.0883 73.036304 -88.631078 4
-43.6627 73.948991 -91.014498 4
-45.0827 74.541684 -93.458721 4
-46.3518 74.840713 -95.975407 4
-47.4742 74.872051 -98.576217 4
-48.4554 74.661296 -101.272812 4
-49.3016 74.233637 -104.076853 4
-50.0200 73.613834 -107.000000 4
-50.6135 72.818172 -110.043501 4
-51.0625 71.830837 -113.166943 4
-51.3412 70.628824 -116.319500 4
-51.4227 69.190099 -119.450347 4
-51.2789 67.493635 -122.508656 4
-50.8810 65.519432 -125.443603 4
-50.1989 63.248552 -128.204359 4
-49.2017 60.663141 -130.740101 4
-47.8576 57.746460 -133.000000 4
-46.1581 54.511782 -134.950324 4
-44.1944 51.086967 -136.625705 4
-42.0877 47.624128 -138.077871 4
-39.9654 44.270078 -139.358547 4
-37.9613 41.166170 -140.519460 4
-36.2149 38.448131 -141.612336 4
-34.8714 36.245914 -142.688900 4
-34.0820 34.683535 -143.800880 4
-34.0032 33.878930 -145.000000 4
-34.7485 33.896668 -146.325301 4
-36.2394 34.610507 -147.765079 4
-38.3432 35.852003 -149.294941 4
-40.9209 37.458822 -150.890498 4
-43.8267 39.274911 -152.527357 4
-46.9089 41.150667 -154.181128 4
-50.0094 42.943094 -155.827419 4
-52.9645 44.515964 -157.441840 4
-55.6045 45.739971 -159.000000 4
-57.7930 46.524066 -160.486468 4
-59.5459 46.905875 -161.921661 4
-60.9197 46.952425 -163.334956 4
-61.9735 46.728077 -164.755731 4
-62.7688 46.294468 -166.213362 4
-63.3693 45.710445 -167.737227 4
-63.8413 45.032004 -169.356703 4
-64.2533 44.312235 -171.101169 4
-64.6756 43.601260 -173.000000 4
-65.1639 42.935001 -175.073133 4
-65.7072 42.303021 -177.302734 4
-66.2765 41.684575 -179.661530 4
-66.8422 41.060163 -182.122245 4
-67.3740 40.411552 -184.657605 4
-67.8407 39.721800 -187.240335 4
-68.2103 38.975274 -189.843161 4
-68.4503 38.157669 -192.438807 4
-68.5273 37.256026 -195.000000 4
-68.4075 36.258753 -197.499464 4
-68.0564 35.155639 -199.909926 4
-67.4390 33.937870 -202.204109 4
-66.5197 32.598049 -204.354741 4
-65.2624 31.130205 -206.334545 4
-63.6308 29.529810 -208.116248 4
-61.5878 27.793793 -209.672574 4
-59.0963 25.920552 -210.976250 4
-56.1187 23.909963 -212.000000 4

-30.8659 65.048431 -8.000000 4
-31.0497 63.687653 -10.901820 4
-31.2292 62.372105 -13.908009 4
-31.4037 61.097683 -16.996261 4
-31.5726 59.860338 -20.144270 4
-31.7350 58.656080 -23.329733 4
-31.8897 57.480981 -26.530342 4
-32.0357 56.331183 -29.723793 4
-32.1716 55.202897 -32.887781 4
-32.2957 54.092413 -36.000000 4
-32.4064 52.996097 -39.038145 4
-32.5019 51.910403 -41.979910 4
-32.5801 50.831873 -44.802991 4
-32.6389 49.757142 -47.485082 4
-32.6759 48.682938 -50.003878 4
-32.6888 47.606095 -52.337073 4
-32.6750 46.523548 -54.462361 4
-32.6316 45.432342 -56.357439 4
-32.5559 44.329632 -58.000000 4
-32.4522 43.222703 -59.380442 4
-32.3561 42.158368 -60.539976 4
-32.3123 41.191782 -61.532515 4
-32.3682 40.376214 -62.411971 4
-32.5735 39.762982 -63.232260 4
-32.9798 39.401394 -64.047294 4
-33.6413 39.338690 -64.910986 4
-34.6141 39.619982 -65.877250 4
-35.9564 40.288195 -67.000000 4
-37.7075 41.361200 -68.320745 4
-39.8238 42.765070 -69.831379 4
-42.2373 44.405649 -71.511395 4
-44.8765 46.191902 -73.340283 4
-47.6661 48.036012 -75.297535 4
-50.5273 49.853470 -77.362641 4
-53.3778 51.563172 -79.515093 4
-56.1321 53.087505 -81.734382 4
-58.7010 54.352439 -84.000000 4
-61.0099 55.303189 -86.296799 4
-63.0506 55.949569 -88.631078 4
-64.8329 56.316738 -91.014498 4
-66.3676 56.429248 -93.458721 4
-67.6660 56.311013 -95.975407 4
-68.7406 55.985297 -98.576217 4
-69.6045 55.474689 -101.272812 4
-70.2717 54.801084 -104.076853 4
-70.7570 53.985662 -107.000000 4
-71.0679 53.043026 -110.043501 4
-71.1811 51.964315 -113.166943 4
-71.0649 50.735901 -116.319500 4
-70.6866 49.345416 -119.450347 4
-70.0130 47.781771 -122.508656 4
-69.0104 46.035177 -125.443603 4
-67.6443 44.097162 -128.204359 4
-65.8797 41.960586 -130.740101 4
-63.6811 39.619663 -133.000000 4
-61.0448 37.089619 -134.950324 4
-58.0976 34.462904 -136.625705 4
-55.0027 31.845406 -138.077871 4
-51.9276 29.336007 -139.358547 4
-49.0437 27.026478 -140.519460 4
-46.5264 25.001368 -141.612336 4
-44.5547 23.337908 -142.688900 4
-43.3112 22.105910 -143.800880 4
-42.9817 21.367673 -145.000000 4
-43.6942 21.148488 -146.325301 4
-45.3344 21.353479 -147.765079 4
-47.7231 21.864858 -149.294941 4
-50.6770 22.572721 -150.890498 4
-54.0084 23.375159 -152.527357 4
-57.5259 24.178359 -154.181128 4
-61.0345 24.896702 -155.827419 4
-64.3355 25.452859 -157.441840 4
-67.2272 25.777879 -159.000000 4
-69.5514 25.828587 -160.486468 4
-71.3350 25.635653 -161.921661 4
-72.6529 25.244756 -163.334956 4
-73.5814 24.698252 -164.755731 4
-74.1984 24.035132 -166.213362 4
-74.5831 23.290989 -167.737227 4
-74.8160 22.497986 -169.356703 4
-74.9788 21.684821 -171.101169 4
-75.1543 20.876700 -173.000000 4
-75.4065 20.090077 -175.073133 4
-75.7217 19.318599 -177.302734 4
-76.0658 18.551701 -179.661530 4
-76.4047 17.780266 -182.122245 4
-76.7038 16.996631 -184.657605 4
-76.9280 16.194600 -187.240335 4
-77.0422 15.369449 -189.843161 4
-77.0109 14.517935 -192.438807 4
-76.7984 13.638301 -195.000000 4
-76.3690 12.730284 -197.499464 4
-75.6866 11.795119 -199.909926 4
-74.7154 10.835540 -202.204109 4
-73.4191 9.855790 -204.354741 4
-71.7617 8.861616 -206.334545 4
-69.7072 7.860274 -208.116248 4
-67.2197 6.860533 -209.672574 4
-64.2632 5.872667 -210.976250 4
-60.8022 4.908461 -212.000000 4

-49.8762 51.926576 -8.000000 4
-49.6196 50.577609 -10.901820 4
-49.3733 49.272933 -13.908009 4
-49.1352 48.008827 -16.996261 4
-48.9036 46.781679 -20.144270 4
-48.6763 45.587981 -23.329733 4
-48.4510 44.424343 -26.530342 4
-48.2253 43.287487 -29.723793 4
-47.9969 42.174256 -32.887781 4
-47.7630 41.081616 -36.000000 4
-47.5208 40.006661 -39.038145 4
-47.2676 38.946610 -41.979910 4
-47.0002 37.898820 -44.802991 4
-46.7156 36.860781 -47.485082 4
-46.4106 35.830120 -50.003878 4
-46.0819 34.804610 -52.337073 4
-45.7259 33.782166 -54.462361 4
-45.3392 32.760849 -56.357439 4
-44.9182 31.738874 -58.000000 4
-44.4694 30.721721 -59.380442 4
-44.0411 29.742618 -60.539976 4
-43.6935 28.839640 -61.532515 4
-43.4883 28.048331 -62.411971 4
-43.4888 27.401666 -63.232260 4
-43.7597 26.930002 -64.047294 4
-44.3673 26.661045 -64.910986 4
-45.3791 26.619811 -65.877250 4
-46.8639 26.828587 -67.000000 4
-48.8647 27.291838 -68.320745 4
-51.3167 27.953301 -69.831379 4
-54.1255 28.745159 -71.511395 4
-57.1945 29.603740 -73.340283 4
-60.4245 30.469572 -75.297535 4
-63.7140 31.287449 -77.362641 4
-66.9592 32.006494 -79.515093 4
-70.0544 32.580207 -81.734382 4
-72.8918 32.966527 -84.000000 4
-75.3828 33.137216 -86.296799 4
-77.5232 33.104106 -88.631078 4
-79.3301 32.887966 -91.014498 4
-80.8214 32.508711 -93.458721 4
-82.0156 31.985383 -95.975407 4
-82.9317 31.336138 -98.576217 4
-83.5895 30.578233 -101.272812 4
-84.0091 29.728014 -104.076853 4
-84.2111 28.800901 -107.000000 4
-84.2075 27.808314 -110.043501 4
-83.9733 26.749256 -113.166943 4
-83.4741 25.620879 -116.319500 4
-82.6749 24.421751 -119.450347 4
-81.5409 23.151868 -122.508656 4
-80.0368 21.812654 -125.443603 4
-78.1273 20.406978 -128.204359 4
-75.7769 18.939149 -130.740101 4
-72.9501 17.414928 -133.000000 4
-69.6483 15.849928 -134.950324 4
-66.0210 14.291673 -136.625705 4
-62.2565 12.788927 -138.077871 4
-58.5450 11.382465 -139.358547 4
-55.0782 10.105028 -140.519460 4
-52.0491 8.981286 -141.612336 4
-49.6522 8.027799 -142.688900 4
-48.0825 7.252986 -143.800880 4
-47.5361 6.657102 -145.000000 4
-48.1426 6.223555 -146.325301 4
-49.7633 5.898599 -147.765079 4
-52.1910 5.627226 -149.294941 4
-55.2170 5.363276 -150.890498 4
-58.6311 5.069469 -152.527357 4
-62.2219 4.717442 -154.181128 4
-65.7774 4.287764 -155.827419 4
-69.0847 3.769964 -157.441840 4
-71.9305 3.162544 -159.000000 4
-74.1511 2.474645 -160.486468 4
-75.7819 1.726826 -161.921661 4
-76.9081 0.938718 -163.334956 4
-77.6158 0.126308 -164.755731 4
-77.9911 -0.698070 -166.213362 4
-78.1203 -1.525740 -167.737227 4
-78.0901 -2.351685 -169.356703 4
-77.9870 -3.174550 -171.101169 4
-77.8975 -3.996640 -173.000000 4
-77.8877 -4.822661 -175.073133 4
-77.9423 -5.654232 -177.302734 4
-78.0259 -6.490647 -179.661530 4
-78.1031 -7.329703 -182.122245 4
-78.1386 -8.167704 -184.657605 4
-78.0973 -8.999463 -187.240335 4
-77.9443 -9.818309 -189.843161 4
-77.6450 -10.616088 -192.438807 4
-77.1649 -11.383175 -195.000000 4
-76.4700 -12.108476 -197.499464 4
-75.5267 -12.779439 -199.909926 4
-74.3015 -13.382061 -202.204109 4
-72.7617 -13.900897 -204.354741 4
-70.8748 -14.319074 -206.334545 4
-68.6090 -14.618296 -208.116248 4
-65.9328 -14.778863 -209.672574 4
-62.8157 -14.779675 -210.976250 4
-59.2275 -14.598256 -212.000000 4

-63.7528 33.460068 -8.000000 4
-63.0823 32.261757 -10.901820 4
-62.4355 31.102240 -13.908009 4
-61.8094 29.978562 -16.996261 4
-61.2011 28.887916 -20.144270 4
-60.6075 27.827644 -23.329733 4
-60.0253 26.795235 -26.530342 4
-59.4513 25.788334 -29.723793 4
-58.8820 24.804740 -32.887781 4
-58.3141 23.842408 -36.000000 4
-57.7441 22.899454 -39.038145 4
-57.1681 21.974155 -41.979910 4
-56.5828 21.064951 -44.802991 4
-55.9841 20.170446 -47.485082 4
-55.3684 19.289411 -50.003878 4
-54.7318 18.420787 -52.337073 4
-54.0704 17.563682 -54.462361 4
-53.3802 16.717377 -56.357439 4
-52.6572 15.881325 -58.000000 4
-51.9094 15.058640 -59.380442 4
-51.1931 14.265546 -60.539976 4
-50.5775 13.519116 -61.532515 4
-50.1322 12.833515 -62.411971 4
-49.9279 12.219975 -63.232260 4
-50.0356 11.686782 -64.047294 4
-50.5267 11.239256 -64.910986 4
-51.4734 10.879741 -65.877250 4
-52.9479 10.607589 -67.000000 4
-54.9924 10.413406 -68.320745 4
-57.5276 10.264379 -69.831379 4
-60.4427 10.126014 -71.511395 4
-63.6257 9.968550 -73.340283 4
-66.9636 9.766986 -75.297535 4
-70.3428 9.501101 -77.362641 4
-73.6487 9.155479 -79.515093 4
-76.7663 8.719522 -81.734382 4
-79.5799 8.187466 -84.000000 4
-81.9969 7.560526 -86.296799 4
-84.0166 6.851333 -88.631078 4
-85.6621 6.074131 -91.014498 4
-86.9565 5.242147 -93.458721 4
-87.9235 4.367590 -95.975407 4
-88.5869 3.461640 -98.576217 4
-88.9708 2.534447 -101.272812 4
-89.0996 1.595125 -104.076853 4
-88.9976 0.651746 -107.000000 4
-88.6799 -0.288627 -110.043501 4
-88.1224 -1.219026 -113.166943 4
-87.2915 -2.131226 -116.319500 4
-86.1537 -3.015574 -119.450347 4
-84.6759 -3.860991 -122.508656 4
-82.8252 -4.654982 -125.443603 4
-80.5688 -5.383638 -128.204359 4
-77.8746 -6.031641 -130.740101 4
-74.7106 -6.582274 -133.000000 4
-71.0831 -7.021150 -134.950324 4
-67.1490 -7.350558 -136.625705 4
-63.1024 -7.583878 -138.077871 4
-59.1365 -7.742641 -139.358547 4
-55.4436 -7.856503 -140.519460 4
-52.2146 -7.963214 -141.612336 4
-49.6390 -8.108589 -142.688900 4
-47.9048 -8.346466 -143.800880 4
-47.1978 -8.738665 -145.000000 4
-47.6358 -9.341950 -146.325301 4
-49.0702 -10.163407 -147.765079 4
-51.2871 -11.189600 -149.294941 4
-54.0737 -12.398196 -150.890498 4
-57.2190 -13.758006 -152.527357 4
-60.5136 -15.229028 -154.181128 4
-63.7501 -16.762501 -155.827419 4
-66.7232 -18.300962 -157.441840 4
-69.2302 -19.778302 -159.000000 4
-71.1187 -21.134004 -160.486468 4
-72.4287 -22.359738 -161.921661 4
-73.2474 -23.463940 -163.334956 4
-73.6614 -24.458637 -164.755731 4
-73.7563 -25.359423 -166.213362 4
-73.6168 -26.185430 -167.737227 4
-73.3266 -26.959304 -169.356703 4
-72.9683 -27.707173 -171.101169 4
-72.6230 -28.458616 -173.000000 4
-72.3522 -29.239016 -175.073133 4
-72.1406 -30.045088 -177.302734 4
-71.9551 -30.864931 -179.661530 4
-71.7626 -31.685247 -182.122245 4
-71.5309 -32.491361 -184.657605 4
-71.2283 -33.267238 -187.240335 4
-70.8239 -33.995497 -189.843161 4
-70.2873 -34.657428 -192.438807 4
-69.5890 -35.233013 -195.000000 4
-68.7003 -35.700945 -197.499464 4
-67.5930 -36.038645 -199.909926 4
-66.2400 -36.222285 -202.204109 4
-64.6151 -36.226805 -204.354741 4
-62.6929 -36.025943 -206.334545 4
-60.4490 -35.592248 -208.116248 4
-57.8597 -34.897112 -209.672574 4
-54.9027 -33.910788 -210.976250 4
-51.5566 -32.602415 -212.000000 4

-71.0676 11.549612 -8.000000 4
-70.0522 10.625296 -10.901820 4
-69.0714 9.730282 -13.908009 4
-68.1218 8.862689 -16.996261 4
-67.1994 8.020804 -20.144270 4
-66.3005 7.203087 -23.329733 4
-65.4214 6.408171 -26.530342 4
-64.5580 5.634863 -29.723793 4
-63.7066 4.882144 -32.887781 4
-62.8632 4.149170 -36.000000 4
-62.0239 3.435273 -39.038145 4
-61.1846 2.739964 -41.979910 4
-60.3414 2.062927 -44.802991 4
-59.4903 1.404025 -47.485082 4
-58.6273 0.763299 -50.003878 4
-57.7484 0.140965 -52.337073 4
-56.8496 -0.462580 -54.462361 4
-55.9269 -1.046766 -56.357439 4
-54.9764 -1.610843 -58.000000 4
-54.0066 -2.154383 -59.380442 4
-53.0760 -2.679838 -60.539976 4
-52.2556 -3.192891 -61.532515 4
-51.6162 -3.702218 -62.411971 4
-51.2281 -4.219482 -63.232260 4
-51.1614 -4.759325 -64.047294 4
-51.4856 -5.339358 -64.910986 4
-52.2697 -5.980150 -65.877250 4
-53.5821 -6.705218 -67.000000 4
-55.4599 -7.536848 -68.320745 4
-57.8175 -8.481025 -69.831379 4
-60.5387 -9.535373 -71.511395 4
-63.5080 -10.692674 -73.340283 4
-66.6103 -11.940888 -75.297535 4
-69.7314 -13.263168 -77.362641 4
-72.7577 -14.637882 -79.515093 4
-75.5768 -16.038638 -81.734382 4
-78.0772 -17.434307 -84.000000 4
-80.1712 -18.794348 -86.296799 4
-81.8624 -20.106628 -88.631078 4
-83.1771 -21.364898 -91.014498 4
-84.1414 -22.563977 -93.458721 4
-84.7817 -23.699747 -95.975407 4
-85.1241 -24.769155 -98.576217 4
-85.1947 -25.770202 -101.272812 4
-85.0193 -26.701946 -104.076853 4
-84.6239 -27.564490 -107.000000 4
-84.0247 -28.355861 -110.043501 4
-83.2013 -29.061838 -113.166943 4
-82.1243 -29.663971 -116.319500 4
-80.7650 -30.142514 -119.450347 4
-79.0956 -30.476449 -122.508656 4
-77.0886 -30.643495 -125.443603 4
-74.7176 -30.620131 -128.204359 4
-71.9568 -30.381611 -130.740101 4
-68.7813 -29.901983 -133.000000 4
-65.2015 -29.169562 -134.950324 4
-61.3656 -28.236217 -136.625705 4
-57.4534 -27.176097 -138.077871 4
-53.6413 -26.070820 -139.358547 4
-50.1024 -25.009387 -140.519460 4
-47.0057 -24.088084 -141.612336 4
-44.5167 -23.410383 -142.688900 4
-42.7964 -23.086840 -143.800880 4
-42.0016 -23.234986 -145.000000 4
-42.2260 -23.945915 -146.325301 4
-43.3264 -25.179322 -147.765079 4
-45.1043 -26.854713 -149.294941 4
-47.3648 -28.883558 -150.890498 4
-49.9176 -31.169410 -152.527357 4
-52.5768 -33.608017 -154.181128 4
-55.1611 -36.087450 -155.827419 4
-57.4940 -38.488223 -157.441840 4
-59.4042 -40.683425 -159.000000 4
-60.7662 -42.567391 -160.486468 4
-61.6207 -44.144878 -161.921661 4
-62.0476 -45.451522 -163.334956 4
-62.1253 -46.526125 -164.755731 4
-61.9300 -47.410603 -166.213362 4
-61.5362 -48.149929 -167.737227 4
-61.0158 -48.792080 -169.356703 4
-60.4391 -49.387977 -171.101169 4
-59.8737 -49.991430 -173.000000 4
-59.3696 -50.645883 -175.073133 4
-58.9137 -51.343491 -177.302734 4
-58.4781 -52.062377 -179.661530 4
-58.0357 -52.779519 -182.122245 4
-57.5607 -53.470776 -184.657605 4
-57.0280 -54.110912 -187.240335 4
-56.4138 -54.673626 -189.843161 4
-55.6952 -55.131578 -192.438807 4
-54.8506 -55.456419 -195.000000 4
-53.8593 -55.618820 -197.499464 4
-52.7021 -55.588498 -199.909926 4
-51.3606 -55.334253 -202.204109 4
-49.8179 -54.823992 -204.354741 4
-48.0583 -54.024765 -206.334545 4
-46.0671 -52.902792 -208.116248 4
-43.8313 -51.423503 -209.672574 4
-41.3388 -49.551561 -210.976250 4
-38.5792 -47.250903 -212.000000 4

