0.0 0.0 0.80315992719689 0.07
0.0 0.5 0.344211397370096 0.03
0.0 1.0 0.573685662283493 0.05
0.0 1.5 0.229474264913397 0.02

0.139467257732844 0.0 0.790958123212218 0.07
0.0597716818855047 0.5 0.338982052805236 0.03
0.0996194698091745 1.0 0.564970088008727 0.05
0.0398477879236698 1.5 0.225988035203491 0.02

0.274696873413314 0.0 0.754723456897865 0.07
0.117727231462849 0.5 0.323452910099085 0.03
0.196212052438081 1.0 0.539088183498475 0.05
0.0784848209752326 1.5 0.21563527339939 0.02

0.401579963598445 0.0 0.695556900254167 0.07
0.172105698685048 0.5 0.298095814394643 0.03
0.286842831141746 1.0 0.496826357324405 0.05
0.114737132456699 1.5 0.198730542929762 0.02

0.516261249798904 0.0 0.615256199165021 0.07
0.221254821342387 0.5 0.26368122821358 0.03
0.368758035570646 1.0 0.4394687136893 0.05
0.147503214228258 1.5 0.17578748547572 0.02

0.615256199165021 0.0 0.516261249798904 0.07
0.26368122821358 0.5 0.221254821342387 0.03
0.4394687136893 1.0 0.368758035570646 0.05
0.17578748547572 1.5 0.147503214228258 0.02

0.695556900254167 0.0 0.401579963598445 0.07
0.298095814394643 0.5 0.172105698685048 0.03
0.496826357324405 1.0 0.286842831141746 0.05
0.198730542929762 1.5 0.114737132456699 0.02

0.754723456897865 0.0 0.274696873413314 0.07
0.323452910099085 0.5 0.117727231462849 0.03
0.539088183498475 1.0 0.196212052438081 0.05
0.21563527339939 1.5 0.0784848209752326 0.02

0.790958123212218 0.0 0.139467257732844 0.07
0.338982052805236 0.5 0.0597716818855048 0.03
0.564970088008727 1.0 0.0996194698091746 0.05
0.225988035203491 1.5 0.0398477879236698 0.02

0.80315992719689 0.0 4.91793617022546e-17 0.07
0.344211397370096 0.5 2.10768693009663e-17 0.03
0.573685662283493 1.0 3.51281155016104e-17 0.05
0.229474264913397 1.5 1.40512462006442e-17 0.02

0.790958123212218 0.0 -0.139467257732844 0.07
0.338982052805236 0.5 -0.0597716818855047 0.03
0.564970088008727 1.0 -0.0996194698091745 0.05
0.225988035203491 1.5 -0.0398477879236698 0.02

0.754723456897865 0.0 -0.274696873413314 0.07
0.323452910099085 0.5 -0.117727231462849 0.03
0.539088183498475 1.0 -0.196212052438081 0.05
0.21563527339939 1.5 -0.0784848209752326 0.02

0.695556900254167 0.0 -0.401579963598445 0.07
0.298095814394643 0.5 -0.172105698685048 0.03
0.496826357324405 1.0 -0.286842831141746 0.05
0.198730542929762 1.5 -0.114737132456699 0.02

0.615256199165021 0.0 -0.516261249798904 0.07
0.26368122821358 0.5 -0.221254821342387 0.03
0.4394687136893 1.0 -0.368758035570646 0.05
0.17578748547572 1.5 -0.147503214228258 0.02

0.516261249798904 0.0 -0.61525619916502 0.07
0.221254821342387 0.5 -0.26368122821358 0.03
0.368758035570646 1.0 -0.4394687136893 0.05
0.147503214228258 1.5 -0.17578748547572 0.02

0.401579963598445 0.0 -0.695556900254167 0.07
0.172105698685048 0.5 -0.298095814394643 0.03
0.286842831141746 1.0 -0.496826357324405 0.05
0.114737132456699 1.5 -0.198730542929762 0.02

0.274696873413314 0.0 -0.754723456897865 0.07
0.117727231462849 0.5 -0.323452910099085 0.03
0.196212052438081 1.0 -0.539088183498475 0.05
0.0784848209752326 1.5 -0.21563527339939 0.02

0.139467257732844 0.0 -0.790958123212218 0.07
0.0597716818855047 0.5 -0.338982052805236 0.03
0.0996194698091745 1.0 -0.564970088008727 0.05
0.0398477879236698 1.5 -0.225988035203491 0.02

9.83587234045093e-17 0.0 -0.80315992719689 0.07
4.21537386019325e-17 0.5 -0.344211397370096 0.03
7.02562310032209e-17 1.0 -0.573685662283493 0.05
2.81024924012884e-17 1.5 -0.229474264913397 0.02

-0.139467257732844 0.0 -0.790958123212218 0.07
-0.0597716818855048 0.5 -0.338982052805236 0.03
-0.0996194698091746 1.0 -0.564970088008727 0.05
-0.0398477879236699 1.5 -0.225988035203491 0.02

-0.274696873413314 0.0 -0.754723456897865 0.07
-0.117727231462849 0.5 -0.323452910099085 0.03
-0.196212052438081 1.0 -0.539088183498475 0.05
-0.0784848209752325 1.5 -0.21563527339939 0.02

-0.401579963598445 0.0 -0.695556900254167 0.07
-0.172105698685048 0.5 -0.298095814394643 0.03
-0.286842831141746 1.0 -0.496826357324405 0.05
-0.114737132456699 1.5 -0.198730542929762 0.02

-0.516261249798904 0.0 -0.615256199165021 0.07
-0.221254821342387 0.5 -0.26368122821358 0.03
-0.368758035570646 1.0 -0.4394687136893 0.05
-0.147503214228258 1.5 -0.17578748547572 0.02

-0.61525619916502 0.0 -0.516261249798904 0.07
-0.26368122821358 0.5 -0.221254821342387 0.03
-0.4394687136893 1.0 -0.368758035570646 0.05
-0.17578748547572 1.5 -0.147503214228258 0.02

-0.695556900254167 0.0 -0.401579963598445 0.07
-0.298095814394643 0.5 -0.172105698685048 0.03
-0.496826357324405 1.0 -0.286842831141747 0.05
-0.198730542929762 1.5 -0.114737132456699 0.02

-0.754723456897865 0.0 -0.274696873413314 0.07
-0.323452910099085 0.5 -0.117727231462849 0.03
-0.539088183498475 1.0 -0.196212052438081 0.05
-0.21563527339939 1.5 -0.0784848209752325 0.02

-0.790958123212218 0.0 -0.139467257732844 0.07
-0.338982052805236 0.5 -0.0597716818855047 0.03
-0.564970088008727 1.0 -0.0996194698091745 0.05
-0.225988035203491 1.5 -0.0398477879236698 0.02

-0.80315992719689 0.0 -1.47538085106764e-16 0.07
-0.344211397370096 0.5 -6.32306079028988e-17 0.03
-0.573685662283493 1.0 -1.05384346504831e-16 0.05
-0.229474264913397 1.5 -4.21537386019325e-17 0.02

-0.790958123212218 0.0 0.139467257732844 0.07
-0.338982052805236 0.5 0.0597716818855046 0.03
-0.564970088008727 1.0 0.0996194698091744 0.05
-0.225988035203491 1.5 0.0398477879236697 0.02

-0.754723456897865 0.0 0.274696873413314 0.07
-0.323452910099085 0.5 0.117727231462849 0.03
-0.539088183498475 1.0 0.196212052438082 0.05
-0.21563527339939 1.5 0.0784848209752326 0.02

-0.695556900254167 0.0 0.401579963598445 0.07
-0.298095814394643 0.5 0.172105698685048 0.03
-0.496826357324405 1.0 0.286842831141746 0.05
-0.198730542929762 1.5 0.114737132456699 0.02

-0.615256199165021 0.0 0.516261249798904 0.07
-0.26368122821358 0.5 0.221254821342387 0.03
-0.4394687136893 1.0 0.368758035570646 0.05
-0.17578748547572 1.5 0.147503214228258 0.02

-0.516261249798904 0.0 0.61525619916502 0.07
-0.221254821342387 0.5 0.26368122821358 0.03
-0.368758035570646 1.0 0.4394687136893 0.05
-0.147503214228258 1.5 0.17578748547572 0.02

-0.401579963598445 0.0 0.695556900254167 0.07
-0.172105698685048 0.5 0.298095814394643 0.03
-0.286842831141747 1.0 0.496826357324405 0.05
-0.114737132456699 1.5 0.198730542929762 0.02

-0.274696873413314 0.0 0.754723456897865 0.07
-0.117727231462849 0.5 0.323452910099085 0.03
-0.196212052438081 1.0 0.539088183498475 0.05
-0.0784848209752325 1.5 0.21563527339939 0.02

-0.139467257732844 0.0 0.790958123212218 0.07
-0.0597716818855047 0.5 0.338982052805236 0.03
-0.0996194698091746 1.0 0.564970088008727 0.05
-0.0398477879236698 1.5 0.225988035203491 0.02

