-22.7022 -3.689459 -26.000000 2
-22.7659 -3.947422 -29.187224 2
-22.7407 -4.191307 -32.451090 2
-22.6425 -4.421338 -35.774963 2
-22.4869 -4.638394 -39.142206 2
-22.2894 -4.844007 -42.536183 2
-22.0655 -5.040359 -45.940257 2
-21.8307 -5.230279 -49.337791 2
-21.6000 -5.417241 -52.712150 2
-21.3887 -5.605358 -56.046697 2
-21.2115 -5.799378 -59.324796 2
-21.0832 -6.004680 -62.529809 2
-21.0182 -6.227269 -65.645101 2
-21.0308 -6.473770 -68.654035 2
-21.1351 -6.751423 -71.539976 2
-21.3448 -7.068076 -74.286285 2
-21.6734 -7.432181 -76.876327 2
-22.1341 -7.852781 -79.293466 2
-22.7398 -8.339513 -81.521066 2
-23.5030 -8.902592 -83.542488 2
-24.4361 -9.552781 -85.341166 2
-25.5376 -10.296122 -86.914760 2
-26.7771 -11.126556 -88.292688 2
-28.1205 -12.035112 -89.508662 2
-29.5341 -13.011435 -90.596395 2
-30.9848 -14.043797 -91.589601 2
-32.4403 -15.119111 -92.521991 2
-33.8684 -16.222951 -93.427279 2
-35.2379 -17.339562 -94.339177 2
-36.5182 -18.451880 -95.291399 2
-37.6794 -19.541644 -96.317419 2
-38.7065 -20.596757 -97.432261 2
-39.6083 -21.617306 -98.619679 2
-40.3959 -22.604994 -99.860397 2
-41.0802 -23.561961 -101.135139 2
-41.6720 -24.490783 -102.424627 2
-42.1818 -25.394462 -103.709586 2
-42.6200 -26.276424 -104.970739 2
-42.9967 -27.140512 -106.188810 2
-43.3219 -27.990982 -107.344523 2
-43.6053 -28.832413 -108.419006 2
-43.8514 -29.666472 -109.409117 2
-44.0582 -30.490653 -110.332149 2
-44.2236 -31.302068 -111.206759 2
-44.3454 -32.097725 -112.051605 2
-44.4217 -32.874537 -112.885345 2
-44.4505 -33.629317 -113.726637 2
-44.4300 -34.358787 -114.594138 2
-44.3586 -35.059574 -115.506507 2
-44.2346 -35.728221 -116.482401 2
-44.0567 -36.361251 -117.539966 2
-43.8256 -36.956735 -118.685589 2
-43.5439 -37.514392 -119.913895 2
-43.2142 -38.034100 -121.218999 2
-42.8392 -38.515825 -122.595016 2
-42.4216 -38.959620 -124.036059 2
-41.9639 -39.365625 -125.536243 2
-41.4687 -39.734067 -127.089682 2
-40.9386 -40.065255 -128.690492 2
-40.3760 -40.359582 -130.332785 2
-39.7832 -40.617347 -132.010620 2
-39.1599 -40.836273 -133.717193 2
-38.5040 -41.011985 -135.445037 2
-37.8134 -41.139940 -137.186671 2
-37.0863 -41.215485 -138.934611 2
-36.3209 -41.233858 -140.681375 2
-35.5158 -41.190194 -142.419480 2
-34.6697 -41.079530 -144.141444 2
-33.7812 -40.896807 -145.839783 2
-32.8497 -40.636880 -147.507015 2
-31.8747 -40.295225 -149.136011 2
-30.8619 -39.874656 -150.723301 2
-29.8203 -39.382568 -152.267571 2
-28.7584 -38.826736 -153.767536 2
-27.6843 -38.215252 -155.221909 2
-26.6059 -37.556516 -156.629407 2
-25.5307 -36.859222 -157.988743 2
-24.4658 -36.132352 -159.298632 2
-23.4178 -35.385166 -160.557789 2
-22.3931 -34.627187 -161.764927 2
-21.3973 -33.867691 -162.918895 2
-20.4333 -33.112397 -164.019509 2
-19.5027 -32.365444 -165.067026 2
-18.6070 -31.631038 -166.061703 2
-17.7474 -30.913457 -167.003796 2
-16.9252 -30.217043 -167.893563 2
-16.1413 -29.546202 -168.731260 2
-15.3964 -28.905401 -169.517146 2
-14.6914 -28.299159 -170.251476 2
-14.0266 -27.732045 -170.934508 2
-13.4024 -27.208674 -171.566500 2
-12.8188 -26.733704 -172.147707 2
-12.2759 -26.311829 -172.678388 2
-11.7735 -25.947775 -173.158799 2
-11.3111 -25.646299 -173.589198 2
-10.8882 -25.412179 -173.969841 2
-10.5041 -25.250215 -174.300986 2
-10.1579 -25.165219 -174.582889 2
-9.8484 -25.162017 -174.815808 2
-9.5743 -25.245439 -175.000000 2

-20.3655 -10.688633 -26.000000 2
-20.3442 -10.953497 -29.187224 2
-20.2432 -11.176874 -32.451090 2
-20.0772 -11.363961 -35.774963 2
-19.8608 -11.520556 -39.142206 2
-19.6083 -11.653047 -42.536183 2
-19.3338 -11.768408 -45.940257 2
-19.0509 -11.874185 -49.337791 2
-18.7730 -11.978492 -52.712150 2
-18.5129 -12.090000 -56.046697 2
-18.2834 -12.217925 -59.324796 2
-18.0967 -12.372025 -62.529809 2
-17.9646 -12.562583 -65.645101 2
-17.8985 -12.800400 -68.654035 2
-17.9095 -13.096785 -71.539976 2
-18.0081 -13.463542 -74.286285 2
-18.2045 -13.912959 -76.876327 2
-18.5082 -14.457799 -79.293466 2
-18.9286 -15.111287 -81.521066 2
-19.4743 -15.887094 -83.542488 2
-20.1535 -16.799288 -85.341166 2
-20.9629 -17.853195 -86.914760 2
-21.8756 -19.033397 -88.292688 2
-22.8621 -20.320590 -89.508662 2
-23.8938 -21.694311 -90.596395 2
-24.9430 -23.132960 -91.589601 2
-25.9830 -24.613822 -92.521991 2
-26.9881 -26.113098 -93.427279 2
-27.9336 -27.605928 -94.339177 2
-28.7957 -29.066419 -95.291399 2
-29.5521 -30.467819 -96.317419 2
-30.1922 -31.793874 -97.432261 2
-30.7244 -33.047481 -98.619679 2
-31.1587 -34.233755 -99.860397 2
-31.5048 -35.358179 -101.135139 2
-31.7720 -36.426597 -102.424627 2
-31.9694 -37.445202 -103.709586 2
-32.1057 -38.420527 -104.970739 2
-32.1894 -39.359442 -106.188810 2
-32.2286 -40.269139 -107.344523 2
-32.2309 -41.157008 -108.419006 2
-32.2002 -42.026061 -109.409117 2
-32.1354 -42.873323 -110.332149 2
-32.0353 -43.695354 -111.206759 2
-31.8989 -44.488646 -112.051605 2
-31.7253 -45.249633 -112.885345 2
-31.5136 -45.974688 -113.726637 2
-31.2632 -46.660133 -114.594138 2
-30.9735 -47.302234 -115.506507 2
-30.6442 -47.897211 -116.482401 2
-30.2750 -48.441333 -117.539966 2
-29.8672 -48.932980 -118.685589 2
-29.4233 -49.372716 -119.913895 2
-28.9460 -49.761276 -121.218999 2
-28.4378 -50.099468 -122.595016 2
-27.9012 -50.388176 -124.036059 2
-27.3385 -50.628355 -125.536243 2
-26.7521 -50.821032 -127.089682 2
-26.1444 -50.967301 -128.690492 2
-25.5175 -51.068323 -130.332785 2
-24.8736 -51.125105 -132.010620 2
-24.2131 -51.135393 -133.717193 2
-23.5353 -51.094355 -135.445037 2
-22.8397 -50.997038 -137.186671 2
-22.1261 -50.838436 -138.934611 2
-21.3943 -50.613498 -140.681375 2
-20.6445 -50.317129 -142.419480 2
-19.8769 -49.944201 -144.141444 2
-19.0920 -49.489552 -145.839783 2
-18.2907 -48.947994 -147.507015 2
-17.4741 -48.315173 -149.136011 2
-16.6466 -47.595551 -150.723301 2
-15.8145 -46.798945 -152.267571 2
-14.9832 -45.935437 -153.767536 2
-14.1580 -45.015298 -155.221909 2
-13.3438 -44.048977 -156.629407 2
-12.5447 -43.047085 -157.988743 2
-11.7647 -42.020389 -159.298632 2
-11.0073 -40.979795 -160.557789 2
-10.2754 -39.936340 -161.764927 2
-9.5713 -38.900594 -162.918895 2
-8.8961 -37.878896 -164.019509 2
-8.2499 -36.875690 -165.067026 2
-7.6329 -35.895428 -166.061703 2
-7.0448 -34.942580 -167.003796 2
-6.4854 -34.021630 -167.893563 2
-5.9542 -33.137067 -168.731260 2
-5.4507 -32.293385 -169.517146 2
-4.9739 -31.495077 -170.251476 2
-4.5229 -30.746629 -170.934508 2
-4.0965 -30.052516 -171.566500 2
-3.6934 -29.417199 -172.147707 2
-3.3120 -28.845121 -172.678388 2
-2.9508 -28.340697 -173.158799 2
-2.6076 -27.908318 -173.589198 2
-2.2807 -27.552338 -173.969841 2
-1.9676 -27.277075 -174.300986 2
-1.6661 -27.086804 -174.582889 2
-1.3735 -26.985754 -174.815808 2
-1.0872 -26.978103 -175.000000 2

-15.9327 -16.587656 -26.000000 2
-15.8286 -16.832161 -29.187224 2
-15.6620 -17.012037 -32.451090 2
-15.4453 -17.136923 -35.774963 2
-15.1905 -17.216939 -39.142206 2
-14.9091 -17.262673 -42.536183 2
-14.6122 -17.285169 -45.940257 2
-14.3103 -17.295916 -49.337791 2
-14.0136 -17.306832 -52.712150 2
-13.7317 -17.330252 -56.046697 2
-13.4734 -17.378916 -59.324796 2
-13.2475 -17.465953 -62.529809 2
-13.0619 -17.604866 -65.645101 2
-12.9239 -17.809521 -68.654035 2
-12.8404 -18.094132 -71.539976 2
-12.8178 -18.473243 -74.286285 2
-12.8618 -18.961717 -76.876327 2
-12.9774 -19.574718 -79.293466 2
-13.1692 -20.327699 -81.521066 2
-13.4412 -21.236383 -83.542488 2
-13.7965 -22.316693 -85.341166 2
-14.2306 -23.572691 -86.914760 2
-14.7226 -24.981185 -88.292688 2
-15.2507 -26.514528 -89.508662 2
-15.7943 -28.144255 -90.596395 2
-16.3339 -29.841114 -91.589601 2
-16.8514 -31.575103 -92.521991 2
-17.3300 -33.315499 -93.427279 2
-17.7541 -35.030895 -94.339177 2
-18.1094 -36.689235 -95.291399 2
-18.3830 -38.258029 -96.317419 2
-18.5703 -39.718540 -97.432261 2
-18.6781 -41.076174 -98.619679 2
-18.7144 -42.338934 -99.860397 2
-18.6866 -43.515082 -101.135139 2
-18.6018 -44.613127 -102.424627 2
-18.4664 -45.641814 -103.709586 2
-18.2869 -46.610116 -104.970739 2
-18.0689 -47.527218 -106.188810 2
-17.8180 -48.402510 -107.344523 2
-17.5391 -49.245432 -108.419006 2
-17.2348 -50.060029 -109.409117 2
-16.9050 -50.843166 -110.332149 2
-16.5498 -51.591203 -111.206759 2
-16.1692 -52.300478 -112.051605 2
-15.7635 -52.967314 -112.885345 2
-15.3331 -53.588017 -113.726637 2
-14.8785 -54.158886 -114.594138 2
-14.4004 -54.676211 -115.506507 2
-13.8996 -55.136280 -116.482401 2
-13.3771 -55.535489 -117.539966 2
-12.8346 -55.872694 -118.685589 2
-12.2743 -56.149249 -119.913895 2
-11.6986 -56.366667 -121.218999 2
-11.1094 -56.526518 -122.595016 2
-10.5089 -56.630423 -124.036059 2
-9.8991 -56.680055 -125.536243 2
-9.2819 -56.677135 -127.089682 2
-8.6592 -56.623429 -128.690492 2
-8.0326 -56.520748 -130.332785 2
-7.4038 -56.370703 -132.010620 2
-6.7741 -56.171294 -133.717193 2
-6.1441 -55.917731 -135.445037 2
-5.5152 -55.605157 -137.186671 2
-4.8885 -55.228733 -138.934611 2
-4.2656 -54.783636 -140.681375 2
-3.6482 -54.265068 -142.419480 2
-3.0382 -53.668260 -144.141444 2
-2.4377 -52.988479 -145.839783 2
-1.8491 -52.221033 -147.507015 2
-1.2749 -51.362180 -149.136011 2
-0.7180 -50.417574 -150.723301 2
-0.1809 -49.398442 -152.267571 2
0.3342 -48.316136 -153.767536 2
0.8255 -47.182049 -155.221909 2
1.2919 -46.007603 -156.629407 2
1.7325 -44.804236 -157.988743 2
2.1472 -43.583387 -159.298632 2
2.5362 -42.356492 -160.557789 2
2.9000 -41.134960 -161.764927 2
3.2398 -39.929571 -162.918895 2
3.5567 -38.746631 -164.019509 2
3.8520 -37.590428 -165.067026 2
4.1269 -36.465204 -166.061703 2
4.3830 -35.375165 -167.003796 2
4.6219 -34.324469 -167.893563 2
4.8456 -33.317229 -168.731260 2
5.0561 -32.357504 -169.517146 2
5.2556 -31.449298 -170.251476 2
5.4464 -30.596551 -170.934508 2
5.6310 -29.803138 -171.566500 2
5.8122 -29.072867 -172.147707 2
5.9927 -28.409467 -172.678388 2
6.1757 -27.816593 -173.158799 2
6.3642 -27.297814 -173.589198 2
6.5616 -26.856613 -173.969841 2
6.7714 -26.496384 -174.300986 2
6.9972 -26.220422 -174.582889 2
7.2427 -26.031926 -174.815808 2
7.5119 -25.933989 -175.000000 2

-9.8599 -20.779360 -26.000000 2
-9.6838 -20.978338 -29.187224 2
-9.4688 -21.096200 -32.451090 2
-9.2237 -21.146032 -35.774963 2
-8.9567 -21.141233 -39.142206 2
-8.6753 -21.095501 -42.536183 2
-8.3865 -21.022818 -45.940257 2
-8.0968 -20.937428 -49.337791 2
-7.8119 -20.853829 -52.712150 2
-7.5370 -20.786752 -56.046697 2
-7.2767 -20.751146 -59.324796 2
-7.0349 -20.762160 -62.529809 2
-6.8148 -20.835131 -65.645101 2
-6.6191 -20.985560 -68.654035 2
-6.4498 -21.229103 -71.539976 2
-6.3083 -21.581547 -74.286285 2
-6.1953 -22.058800 -76.876327 2
-6.1109 -22.676867 -79.293466 2
-6.0544 -23.451839 -81.521066 2
-6.0246 -24.399872 -83.542488 2
-6.0195 -25.537105 -85.341166 2
-6.0335 -26.865917 -86.914760 2
-6.0542 -28.357732 -88.292688 2
-6.0695 -29.979403 -89.508662 2
-6.0691 -31.697392 -90.596395 2
-6.0436 -33.477809 -91.589601 2
-5.9854 -35.286450 -92.521991 2
-5.8882 -37.088832 -93.427279 2
-5.7472 -38.850234 -94.339177 2
-5.5591 -40.535734 -95.291399 2
-5.3219 -42.110450 -96.317419 2
-5.0370 -43.555091 -97.432261 2
-4.7094 -44.877015 -98.619679 2
-4.3440 -46.086289 -99.860397 2
-3.9451 -47.193103 -101.135139 2
-3.5169 -48.207756 -102.424627 2
-3.0628 -49.140647 -103.709586 2
-2.5858 -50.002260 -104.970739 2
-2.0887 -50.803154 -106.188810 2
-1.5735 -51.553949 -107.344523 2
-1.0420 -52.265165 -108.419006 2
-0.4954 -52.941463 -109.409117 2
0.0654 -53.579868 -110.332149 2
0.6392 -54.176918 -111.206759 2
1.2248 -54.729173 -112.051605 2
1.8208 -55.233222 -112.885345 2
2.4256 -55.685686 -113.726637 2
3.0376 -56.083221 -114.594138 2
3.6549 -56.422523 -115.506507 2
4.2756 -56.700330 -116.482401 2
4.8976 -56.913536 -117.539966 2
5.5190 -57.061593 -118.685589 2
6.1380 -57.146501 -119.913895 2
6.7530 -57.170399 -121.218999 2
7.3625 -57.135456 -122.595016 2
7.9649 -57.043863 -124.036059 2
8.5591 -56.897840 -125.536243 2
9.1436 -56.699623 -127.089682 2
9.7173 -56.451471 -128.690492 2
10.2791 -56.155656 -130.332785 2
10.8280 -55.814227 -132.010620 2
11.3622 -55.425646 -133.717193 2
11.8794 -54.985655 -135.445037 2
12.3770 -54.489998 -137.186671 2
12.8523 -53.934496 -138.934611 2
13.3022 -53.315053 -140.681375 2
13.7236 -52.627659 -142.419480 2
14.1132 -51.868399 -144.141444 2
14.4675 -51.033455 -145.839783 2
14.7828 -50.119112 -147.507015 2
15.0555 -49.122625 -149.136011 2
15.2846 -48.050260 -150.723301 2
15.4713 -46.913499 -152.267571 2
15.6171 -45.723795 -153.767536 2
15.7240 -44.492488 -155.221909 2
15.7945 -43.230800 -156.629407 2
15.8314 -41.949816 -157.988743 2
15.8382 -40.660474 -159.298632 2
15.8186 -39.373557 -160.557789 2
15.7769 -38.099677 -161.764927 2
15.7175 -36.848712 -162.918895 2
15.6435 -35.626286 -164.019509 2
15.5574 -34.436091 -165.067026 2
15.4619 -33.281722 -166.061703 2
15.3596 -32.166685 -167.003796 2
15.2535 -31.094389 -167.893563 2
15.1468 -30.068145 -168.731260 2
15.0425 -29.091159 -169.517146 2
14.9441 -28.166533 -170.251476 2
14.8550 -27.297258 -170.934508 2
14.7789 -26.486210 -171.566500 2
14.7195 -25.736148 -172.147707 2
14.6807 -25.049710 -172.678388 2
14.6665 -24.429407 -173.158799 2
14.6810 -23.877625 -173.589198 2
14.7286 -23.396615 -173.969841 2
14.8135 -22.988496 -174.300986 2
14.9402 -22.655247 -174.582889 2
15.1134 -22.398706 -174.815808 2
15.3377 -22.220564 -175.000000 2

-2.7723 -22.832304 -26.000000 2
-2.5423 -22.965276 -29.187224 2
-2.3010 -23.008993 -32.451090 2
-2.0528 -22.978640 -35.774963 2
-1.8010 -22.889520 -39.142206 2
-1.5485 -22.757031 -42.536183 2
-1.2977 -22.596648 -45.940257 2
-1.0499 -22.423910 -49.337791 2
-0.8061 -22.254401 -52.712150 2
-0.5667 -22.103731 -56.046697 2
-0.3310 -21.987520 -59.324796 2
-0.0981 -21.921379 -62.529809 2
0.1338 -21.920896 -65.645101 2
0.3670 -22.001616 -68.654035 2
0.6047 -22.179023 -71.539976 2
0.8505 -22.468525 -74.286285 2
1.1088 -22.885434 -76.876327 2
1.3847 -23.444952 -79.293466 2
1.6837 -24.162150 -81.521066 2
2.0121 -25.051953 -83.542488 2
2.3771 -26.129056 -85.341166 2
2.7846 -27.393912 -86.914760 2
3.2374 -28.815499 -88.292688 2
3.7363 -30.358584 -89.508662 2
4.2808 -31.988007 -90.596395 2
4.8688 -33.668729 -91.589601 2
5.4967 -35.365864 -92.521991 2
6.1597 -37.044718 -93.427279 2
6.8512 -38.670829 -94.339177 2
7.5634 -40.210006 -95.291399 2
8.2870 -41.628564 -96.317419 2
9.0147 -42.908642 -97.432261 2
9.7441 -44.058794 -98.619679 2
10.4737 -45.090115 -99.860397 2
11.2024 -46.013673 -101.135139 2
11.9300 -46.840499 -102.424627 2
12.6561 -47.581574 -103.709586 2
13.3814 -48.247816 -104.970739 2
14.1065 -48.850068 -106.188810 2
14.8329 -49.399090 -107.344523 2
15.5623 -49.905396 -108.419006 2
16.2950 -50.373784 -109.409117 2
17.0291 -50.801749 -110.332149 2
17.7624 -51.186360 -111.206759 2
18.4928 -51.524752 -112.051605 2
19.2177 -51.814135 -112.885345 2
19.9347 -52.051788 -113.726637 2
20.6410 -52.235073 -114.594138 2
21.3340 -52.361428 -115.506507 2
22.0108 -52.428379 -116.482401 2
22.6683 -52.433638 -117.539966 2
23.3046 -52.377307 -118.685589 2
23.9186 -52.261829 -119.913895 2
24.5095 -52.089748 -121.218999 2
25.0765 -51.863606 -122.595016 2
25.6190 -51.585944 -124.036059 2
26.1363 -51.259294 -125.536243 2
26.6280 -50.886183 -127.089682 2
27.0936 -50.469126 -128.690492 2
27.5328 -50.010625 -130.332785 2
27.9453 -49.512954 -132.010620 2
28.3290 -48.975196 -133.717193 2
28.6803 -48.394065 -135.445037 2
28.9953 -47.766341 -137.186671 2
29.2702 -47.088937 -138.934611 2
29.5007 -46.358905 -140.681375 2
29.6828 -45.573437 -142.419480 2
29.8119 -44.729874 -144.141444 2
29.8836 -43.825705 -145.839783 2
29.8931 -42.858574 -147.507015 2
29.8362 -41.827021 -149.136011 2
29.7140 -40.737272 -150.723301 2
29.5311 -39.599886 -152.267571 2
29.2927 -38.425235 -153.767536 2
29.0042 -37.223444 -155.221909 2
28.6715 -36.004375 -156.629407 2
28.3009 -34.777622 -157.988743 2
27.8990 -33.552495 -159.298632 2
27.4728 -32.338016 -160.557789 2
27.0299 -31.142905 -161.764927 2
26.5774 -29.975122 -162.918895 2
26.1201 -28.839030 -164.019509 2
25.6616 -27.737347 -165.067026 2
25.2054 -26.672649 -166.061703 2
24.7553 -25.647382 -167.003796 2
24.3151 -24.663854 -167.893563 2
23.8889 -23.724233 -168.731260 2
23.4806 -22.830544 -169.517146 2
23.0945 -21.984668 -170.251476 2
22.7347 -21.188338 -170.934508 2
22.4057 -20.443133 -171.566500 2
22.1118 -19.750482 -172.147707 2
21.8576 -19.111658 -172.678388 2
21.6477 -18.527773 -173.158799 2
21.4868 -17.999780 -173.589198 2
21.3796 -17.528471 -173.969841 2
21.3309 -17.114470 -174.300986 2
21.3455 -16.758234 -174.582889 2
21.4286 -16.460052 -174.815808 2
21.5850 -16.220041 -175.000000 2

4.6006 -22.535185 -26.000000 2
4.8609 -22.588465 -29.187224 2
5.1036 -22.553536 -32.451090 2
5.3295 -22.446124 -35.774963 2
5.5401 -22.281856 -39.142206 2
5.7376 -22.076245 -42.536183 2
5.9248 -21.844670 -45.940257 2
6.1051 -21.602365 -49.337791 2
6.2826 -21.364393 -52.712150 2
6.4620 -21.145637 -56.046697 2
6.6488 -20.960781 -59.324796 2
6.8487 -20.824293 -62.529809 2
7.0685 -20.750406 -65.645101 2
7.3153 -20.753108 -68.654035 2
7.5970 -20.846120 -71.539976 2
7.9218 -21.042882 -74.286285 2
8.2989 -21.356537 -76.876327 2
8.7377 -21.799915 -79.293466 2
9.2484 -22.385520 -81.521066 2
9.8417 -23.125508 -83.542488 2
10.5290 -24.031619 -85.341166 2
11.3161 -25.102330 -86.914760 2
12.1957 -26.307370 -88.292688 2
13.1576 -27.613043 -89.508662 2
14.1901 -28.986189 -90.596395 2
15.2800 -30.394224 -91.589601 2
16.4131 -31.805172 -92.521991 2
17.5735 -33.187698 -93.427279 2
18.7444 -34.511148 -94.339177 2
19.9074 -35.745579 -95.291399 2
21.0430 -36.861970 -96.317419 2
22.1386 -37.845730 -97.432261 2
23.1946 -38.705729 -98.619679 2
24.2132 -39.452946 -99.860397 2
25.1970 -40.098189 -101.135139 2
26.1489 -40.652086 -102.424627 2
27.0724 -41.125067 -103.709586 2
27.9712 -41.527363 -104.970739 2
28.8498 -41.868986 -106.188810 2
29.7127 -42.159724 -107.344523 2
30.5648 -42.409008 -108.419006 2
31.4081 -42.621277 -109.409117 2
32.2400 -42.794753 -110.332149 2
33.0574 -42.927337 -111.206759 2
33.8573 -43.017037 -112.051605 2
34.6366 -43.061967 -112.885345 2
35.3919 -43.060349 -113.726637 2
36.1199 -43.010518 -114.594138 2
36.8173 -42.910922 -115.506507 2
37.4804 -42.760126 -116.482401 2
38.1057 -42.556897 -117.539966 2
38.6914 -42.301976 -118.685589 2
39.2373 -41.997998 -119.913895 2
39.7433 -41.647649 -121.218999 2
40.2095 -41.253585 -122.595016 2
40.6362 -40.818431 -124.036059 2
41.0234 -40.344777 -125.536243 2
41.3716 -39.835175 -127.089682 2
41.6812 -39.292139 -128.690492 2
41.9526 -38.718144 -130.332785 2
42.1863 -38.115455 -132.010620 2
42.3800 -37.483871 -133.717193 2
42.5291 -36.821414 -135.445037 2
42.6292 -36.126232 -137.186671 2
42.6754 -35.396650 -138.934611 2
42.6629 -34.631168 -140.681375 2
42.5869 -33.828473 -142.419480 2
42.4422 -32.987432 -144.141444 2
42.2239 -32.107102 -145.839783 2
41.9266 -31.186728 -147.507015 2
41.5460 -30.226281 -149.136011 2
41.0850 -29.231315 -150.723301 2
40.5514 -28.210370 -152.267571 2
39.9532 -27.171677 -153.767536 2
39.2990 -26.123097 -155.221909 2
38.5974 -25.072124 -156.629407 2
37.8573 -24.025868 -157.988743 2
37.0882 -22.991055 -159.298632 2
36.2994 -21.974016 -160.557789 2
35.5008 -20.980683 -161.764927 2
34.7018 -20.016279 -162.918895 2
33.9083 -19.083457 -164.019509 2
33.1245 -18.183677 -165.067026 2
32.3546 -17.318237 -166.061703 2
31.6030 -16.488268 -167.003796 2
30.8740 -15.694739 -167.893563 2
30.1722 -14.938454 -168.731260 2
29.5019 -14.220047 -169.517146 2
28.8678 -13.539985 -170.251476 2
28.2743 -12.898562 -170.934508 2
27.7263 -12.295903 -171.566500 2
27.2282 -11.731956 -172.147707 2
26.7848 -11.206498 -172.678388 2
26.4008 -10.719128 -173.158799 2
26.0810 -10.269271 -173.589198 2
25.8300 -9.856172 -173.969841 2
25.6527 -9.478900 -174.300986 2
25.5538 -9.136343 -174.582889 2
25.5382 -8.827212 -174.815808 2
25.6105 -8.550036 -175.000000 2

11.5000 -19.918584 -26.000000 2
11.7638 -19.886687 -29.187224 2
11.9829 -19.776708 -32.451090 2
12.1632 -19.603292 -35.774963 2
12.3109 -19.380784 -39.142206 2
12.4331 -19.123214 -42.536183 2
12.5374 -18.844284 -45.940257 2
12.6317 -18.557350 -49.337791 2
12.7247 -18.275409 -52.712150 2
12.8256 -18.011084 -56.046697 2
12.9442 -17.776610 -59.324796 2
13.0907 -17.583822 -62.529809 2
13.2758 -17.444137 -65.645101 2
13.5107 -17.368543 -68.654035 2
13.8073 -17.367586 -71.539976 2
14.1777 -17.451356 -74.286285 2
14.6347 -17.629473 -76.876327 2
15.1913 -17.911076 -79.293466 2
15.8612 -18.304813 -81.521066 2
16.6584 -18.818822 -83.542488 2
17.5972 -19.460677 -85.341166 2
18.6828 -20.227038 -86.914760 2
19.8988 -21.091500 -88.292688 2
21.2247 -22.025372 -89.508662 2
22.6388 -23.000907 -90.596395 2
24.1186 -23.991330 -91.589601 2
25.6401 -24.970865 -92.521991 2
27.1786 -25.914764 -93.427279 2
28.7083 -26.799334 -94.339177 2
30.2023 -27.601962 -95.291399 2
31.6331 -28.301280 -96.317419 2
32.9838 -28.887467 -97.432261 2
34.2578 -29.368794 -98.619679 2
35.4606 -29.754998 -99.860397 2
36.5981 -30.055514 -101.135139 2
37.6764 -30.279470 -102.424627 2
38.7021 -30.435676 -103.709586 2
39.6821 -30.532618 -104.970739 2
40.6237 -30.578449 -106.188810 2
41.5342 -30.580980 -107.344523 2
42.4214 -30.547583 -108.419006 2
43.2886 -30.481885 -109.409117 2
44.1325 -30.383015 -110.332149 2
44.9498 -30.249927 -111.206759 2
45.7370 -30.081703 -112.051605 2
46.4904 -29.877556 -112.885345 2
47.2063 -29.636833 -113.726637 2
47.8811 -29.359015 -114.594138 2
48.5110 -29.043719 -115.506507 2
49.0923 -28.690697 -116.482401 2
49.6211 -28.299896 -117.539966 2
50.0959 -27.872624 -118.685589 2
50.5174 -27.411433 -119.913895 2
50.8865 -26.918877 -121.218999 2
51.2039 -26.397452 -122.595016 2
51.4708 -25.849596 -124.036059 2
51.6881 -25.277688 -125.536243 2
51.8570 -24.684047 -127.089682 2
51.9787 -24.070926 -128.690492 2
52.0544 -23.440516 -130.332785 2
52.0852 -22.794842 -132.010620 2
52.0689 -22.134438 -133.717193 2
52.0006 -21.458840 -135.445037 2
51.8753 -20.767754 -137.186671 2
51.6881 -20.061087 -138.934611 2
51.4339 -19.338946 -140.681375 2
51.1076 -18.601642 -142.419480 2
50.7041 -17.849689 -144.141444 2
50.2182 -17.083807 -145.839783 2
49.6448 -16.304921 -147.507015 2
48.9796 -15.514438 -149.136011 2
48.2272 -14.716662 -150.723301 2
47.3978 -13.917243 -152.267571 2
46.5015 -13.121416 -153.767536 2
45.5489 -12.333976 -155.221909 2
44.5506 -11.559271 -156.629407 2
43.5173 -10.801201 -157.988743 2
42.4600 -10.063212 -159.298632 2
41.3898 -9.348294 -160.557789 2
40.3177 -8.658980 -161.764927 2
39.2544 -7.997218 -162.918895 2
38.2064 -7.363678 -164.019509 2
37.1780 -6.758414 -165.067026 2
36.1737 -6.181308 -166.061703 2
35.1979 -5.632063 -167.003796 2
34.2552 -5.110210 -167.893563 2
33.3499 -4.615103 -168.731260 2
32.4867 -4.145922 -169.517146 2
31.6698 -3.701670 -170.251476 2
30.9038 -3.281176 -170.934508 2
30.1931 -2.883091 -171.566500 2
29.5421 -2.505893 -172.147707 2
28.9551 -2.147885 -172.678388 2
28.4365 -1.807195 -173.158799 2
27.9907 -1.481775 -173.589198 2
27.6218 -1.169405 -173.969841 2
27.3342 -0.867694 -174.300986 2
27.1319 -0.574075 -174.582889 2
27.0192 -0.285813 -174.815808 2
27.0000 -0.000000 -175.000000 2

17.2157 -15.251821 -26.000000 2
17.4559 -15.138031 -29.187224 2
17.6289 -14.964322 -32.451090 2
17.7449 -14.742750 -35.774963 2
17.8146 -14.484904 -39.142206 2
17.8490 -14.201886 -42.536183 2
17.8595 -13.904310 -45.940257 2
17.8581 -13.602281 -49.337791 2
17.8571 -13.305389 -52.712150 2
17.8691 -13.022701 -56.046697 2
17.9073 -12.762744 -59.324796 2
17.9852 -12.533500 -62.529809 2
18.1165 -12.342394 -65.645101 2
18.3155 -12.196284 -68.654035 2
18.5965 -12.101457 -71.539976 2
18.9744 -12.063612 -74.286285 2
19.4642 -12.087858 -76.876327 2
20.0814 -12.178702 -79.293466 2
20.8415 -12.340044 -81.521066 2
21.7604 -12.575169 -83.542488 2
22.8541 -12.886703 -85.341166 2
24.1266 -13.269836 -86.914760 2
25.5537 -13.704742 -88.292688 2
27.1071 -14.170692 -89.508662 2
28.7574 -14.648207 -90.596395 2
30.4746 -15.119077 -91.589601 2
32.2280 -15.566379 -92.521991 2
33.9863 -15.974498 -93.427279 2
35.7174 -16.329142 -94.339177 2
37.3887 -16.617355 -95.291399 2
38.9672 -16.827621 -96.317419 2
40.4341 -16.955899 -97.432261 2
41.7950 -17.009015 -98.619679 2
43.0582 -16.994455 -99.860397 2
44.2322 -16.919312 -101.135139 2
45.3260 -16.790275 -102.424627 2
46.3484 -16.613628 -103.709586 2
47.3087 -16.395239 -104.970739 2
48.2162 -16.140561 -106.188810 2
49.0807 -15.854624 -107.344523 2
49.9117 -15.541984 -108.419006 2
50.7134 -15.205081 -109.409117 2
51.4826 -14.844042 -110.332149 2
52.2158 -14.458979 -111.206759 2
52.9091 -14.050145 -112.051605 2
53.5591 -13.617934 -112.885345 2
54.1620 -13.162883 -113.726637 2
54.7141 -12.685674 -114.594138 2
55.2117 -12.187129 -115.506507 2
55.6512 -11.668217 -116.482401 2
56.0291 -11.130070 -117.539966 2
56.3442 -10.574424 -118.685589 2
56.5979 -10.003489 -119.913895 2
56.7920 -9.419423 -121.218999 2
56.9280 -8.824305 -122.595016 2
57.0076 -8.220136 -124.036059 2
57.0327 -7.608840 -125.536243 2
57.0049 -6.992261 -127.089682 2
56.9262 -6.372162 -128.690492 2
56.7984 -5.750223 -130.332785 2
56.6231 -5.128022 -132.010620 2
56.3985 -4.506772 -133.717193 2
56.1198 -3.887570 -135.445037 2
55.7821 -3.271711 -137.186671 2
55.3808 -2.660694 -138.934611 2
54.9110 -2.056221 -140.681375 2
54.3680 -1.460197 -142.419480 2
53.7471 -0.874728 -144.141444 2
53.0437 -0.302125 -145.839783 2
52.2531 0.255104 -147.507015 2
51.3719 0.794262 -149.136011 2
50.4056 1.312735 -150.723301 2
49.3657 1.808347 -152.267571 2
48.2635 2.279394 -153.767536 2
47.1105 2.724646 -155.221909 2
45.9183 3.143344 -156.629407 2
44.6981 3.535203 -157.988743 2
43.4616 3.900409 -159.298632 2
42.2200 4.239621 -160.557789 2
40.9848 4.553967 -161.764927 2
39.7667 4.844974 -162.918895 2
38.5720 5.114023 -164.019509 2
37.4048 5.362472 -165.067026 2
36.2695 5.591845 -166.061703 2
35.1700 5.803833 -167.003796 2
34.1105 6.000298 -167.893563 2
33.0951 6.183267 -168.731260 2
32.1277 6.354931 -169.517146 2
31.2122 6.517647 -170.251476 2
30.3524 6.673933 -170.934508 2
29.5522 6.826469 -171.566500 2
28.8153 6.978094 -172.147707 2
28.1451 7.131803 -172.678388 2
27.5454 7.290748 -173.158799 2
27.0194 7.458236 -173.589198 2
26.5706 7.637725 -173.969841 2
26.2022 7.832821 -174.300986 2
25.9174 8.047281 -174.582889 2
25.7192 8.285004 -174.815808 2
25.6105 8.550036 -175.000000 2

21.1595 -9.015232 -26.000000 2
21.3513 -8.831260 -29.187224 2
21.4604 -8.611700 -32.451090 2
21.5003 -8.364780 -35.774963 2
21.4847 -8.098134 -39.142206 2
21.4277 -7.818800 -42.536183 2
21.3435 -7.533205 -45.940257 2
21.2465 -7.247168 -49.337791 2
21.1515 -6.965885 -52.712150 2
21.0734 -6.693930 -56.046697 2
21.0273 -6.435245 -59.324796 2
21.0286 -6.193140 -62.529809 2
21.0926 -5.970283 -65.645101 2
21.2351 -5.768697 -68.654035 2
21.4716 -5.589760 -71.539976 2
21.8181 -5.434195 -74.286285 2
22.2904 -5.302074 -76.876327 2
22.9045 -5.192809 -79.293466 2
23.6766 -5.105151 -81.521066 2
24.6227 -5.037189 -83.542488 2
25.7588 -4.986338 -85.341166 2
27.0871 -4.946807 -86.914760 2
28.5785 -4.907394 -88.292688 2
30.1995 -4.857464 -89.508662 2
31.9161 -4.787810 -90.596395 2
33.6940 -4.690660 -91.589601 2
35.4988 -4.559691 -92.521991 2
37.2958 -4.390023 -93.427279 2
39.0501 -4.178238 -94.339177 2
40.7267 -3.922371 -95.291399 2
42.2906 -3.621943 -96.317419 2
43.7226 -3.279110 -97.432261 2
45.0302 -2.898546 -98.619679 2
46.2238 -2.484721 -99.860397 2
47.3137 -2.041654 -101.135139 2
48.3103 -1.572907 -102.424627 2
49.2241 -1.081588 -103.709586 2
50.0658 -0.570346 -104.970739 2
50.8461 -0.041372 -106.188810 2
51.5755 0.503603 -107.344523 2
52.2647 1.063307 -108.419006 2
52.9185 1.636739 -109.409117 2
53.5338 2.222786 -110.332149 2
54.1072 2.820189 -111.206759 2
54.6355 3.427554 -112.051605 2
55.1151 4.043343 -112.885345 2
55.5429 4.665884 -113.726637 2
55.9154 5.293368 -114.594138 2
56.2296 5.923846 -115.506507 2
56.4822 6.555239 -116.482401 2
56.6702 7.185343 -117.539966 2
56.7931 7.812172 -118.685589 2
56.8530 8.434085 -119.913895 2
56.8521 9.049545 -121.218999 2
56.7927 9.657103 -122.595016 2
56.6769 10.255399 -124.036059 2
56.5071 10.843164 -125.536243 2
56.2855 11.419218 -127.089682 2
56.0144 11.982471 -128.690492 2
55.6962 12.531924 -130.332785 2
55.3330 13.066610 -132.010620 2
54.9232 13.584763 -133.717193 2
54.4627 14.083837 -135.445037 2
53.9474 14.561080 -137.186671 2
53.3732 15.013556 -138.934611 2
52.7362 15.438144 -140.681375 2
52.0324 15.831542 -142.419480 2
51.2581 16.190265 -144.141444 2
50.4095 16.510654 -145.839783 2
49.4832 16.788872 -147.507015 2
48.4766 17.021210 -149.136011 2
47.3958 17.207015 -150.723301 2
46.2525 17.347808 -152.267571 2
45.0579 17.445593 -153.767536 2
43.8233 17.502828 -155.221909 2
42.5598 17.522424 -156.629407 2
41.2783 17.507738 -157.988743 2
39.9898 17.462572 -159.298632 2
38.7047 17.391164 -160.557789 2
37.4335 17.298187 -161.764927 2
36.1859 17.188486 -162.918895 2
34.9675 17.065353 -164.019509 2
33.7817 16.931416 -165.067026 2
32.6321 16.789445 -166.061703 2
31.5221 16.642358 -167.003796 2
30.4550 16.493213 -167.893563 2
29.4339 16.345211 -168.731260 2
28.4619 16.201689 -169.517146 2
27.5420 16.066121 -170.251476 2
26.6770 15.942113 -170.934508 2
25.8696 15.833401 -171.566500 2
25.1226 15.743846 -172.147707 2
24.4383 15.677435 -172.678388 2
23.8190 15.638275 -173.158799 2
23.2671 15.630593 -173.589198 2
22.7846 15.658726 -173.969841 2
22.3734 15.727126 -174.300986 2
22.0353 15.840353 -174.582889 2
21.7720 16.003070 -174.815808 2
21.5850 16.220041 -175.000000 2

22.9254 -1.850731 -26.000000 2
23.0490 -1.615514 -29.187224 2
23.0830 -1.372701 -32.451090 2
23.0427 -1.125847 -35.774963 2
22.9435 -0.877847 -39.142206 2
22.8009 -0.630946 -42.536183 2
22.6306 -0.386729 -45.940257 2
22.4480 -0.146125 -49.337791 2
22.2688 0.090598 -52.712150 2
22.1086 0.323829 -56.046697 2
21.9830 0.554614 -59.324796 2
21.9076 0.784661 -62.529809 2
21.8977 1.016332 -65.645101 2
21.9690 1.252646 -68.654035 2
22.1367 1.497276 -71.539976 2
22.4161 1.754547 -74.286285 2
22.8222 2.029436 -76.876327 2
23.3702 2.327565 -79.293466 2
24.0748 2.655202 -81.521066 2
24.9506 3.019253 -83.542488 2
26.0122 3.427256 -85.341166 2
27.2596 3.885382 -86.914760 2
28.6618 4.395057 -88.292688 2
30.1835 4.955728 -89.508662 2
31.7897 5.565383 -90.596395 2
33.4454 6.220552 -91.589601 2
35.1159 6.916314 -92.521991 2
36.7667 7.646304 -93.427279 2
38.3636 8.402720 -94.339177 2
39.8728 9.176330 -95.291399 2
41.2611 9.956531 -96.317419 2
42.5109 10.735188 -97.432261 2
43.6307 11.510261 -98.619679 2
44.6318 12.280758 -99.860397 2
45.5253 13.046146 -101.135139 2
46.3221 13.806357 -102.424627 2
47.0334 14.561778 -103.709586 2
47.6699 15.313252 -104.970739 2
48.2424 16.062076 -106.188810 2
48.7618 16.809996 -107.344523 2
49.2383 17.559155 -108.419006 2
49.6768 18.310094 -109.409117 2
50.0749 19.060828 -110.332149 2
50.4296 19.809084 -111.206759 2
50.7383 20.552464 -112.051605 2
50.9983 21.288450 -112.885345 2
51.2069 22.014406 -113.726637 2
51.3616 22.727578 -114.594138 2
51.4599 23.425098 -115.506507 2
51.4996 24.103983 -116.482401 2
51.4784 24.761189 -117.539966 2
51.3964 25.394683 -118.685589 2
51.2563 26.003563 -119.913895 2
51.0606 26.587069 -121.218999 2
50.8118 27.144532 -122.595016 2
50.5125 27.675375 -124.036059 2
50.1653 28.179112 -125.536243 2
49.7727 28.655349 -127.089682 2
49.3372 29.103782 -128.690492 2
48.8614 29.524195 -130.332785 2
48.3476 29.916335 -132.010620 2
47.7948 30.278058 -133.717193 2
47.2000 30.605634 -135.445037 2
46.5601 30.895140 -137.186671 2
45.8722 31.142504 -138.934611 2
45.1334 31.343506 -140.681375 2
44.3413 31.493785 -142.419480 2
43.4932 31.588842 -144.141444 2
42.5869 31.624039 -145.839783 2
41.6201 31.594610 -147.507015 2
40.5917 31.496215 -149.136011 2
39.5078 31.330227 -150.723301 2
38.3787 31.101710 -152.267571 2
37.2146 30.816167 -153.767536 2
36.0254 30.479494 -155.221909 2
34.8207 30.097971 -156.629407 2
33.6099 29.678253 -157.988743 2
32.4019 29.227363 -159.298632 2
31.2056 28.752685 -160.557789 2
30.0293 28.261955 -161.764927 2
28.8806 27.762837 -162.918895 2
27.7639 27.260195 -164.019509 2
26.6816 26.757657 -165.067026 2
25.6361 26.258956 -166.061703 2
24.6298 25.767932 -167.003796 2
23.6648 25.288529 -167.893563 2
22.7431 24.824789 -168.731260 2
21.8666 24.380854 -169.517146 2
21.0369 23.960956 -170.251476 2
20.2557 23.569418 -170.934508 2
19.5244 23.210646 -171.566500 2
18.8441 22.889129 -172.147707 2
18.2160 22.609434 -172.678388 2
17.6411 22.376200 -173.158799 2
17.1200 22.194137 -173.589198 2
16.6534 22.068019 -173.969841 2
16.2417 22.002684 -174.300986 2
15.8851 22.003024 -174.582889 2
15.5839 22.073985 -174.815808 2
15.3377 22.220564 -175.000000 2

22.3317 5.504260 -26.000000 2
22.3744 5.766513 -29.187224 2
22.3297 6.007586 -32.451090 2
22.2133 6.228967 -35.774963 2
22.0407 6.432794 -39.142206 2
21.8273 6.621849 -42.536183 2
21.5884 6.799551 -45.940257 2
21.3390 6.969958 -49.337791 2
21.0941 7.137756 -52.712150 2
20.8683 7.308256 -56.046697 2
20.6761 7.487389 -59.324796 2
20.5316 7.681700 -62.529809 2
20.4490 7.898339 -65.645101 2
20.4417 8.145057 -68.654035 2
20.5233 8.430201 -71.539976 2
20.7068 8.762699 -74.286285 2
21.0051 9.152063 -76.876327 2
21.4304 9.608370 -79.293466 2
21.9950 10.142261 -81.521066 2
22.7105 10.764933 -83.542488 2
23.5882 11.488093 -85.341166 2
24.6263 12.317660 -86.914760 2
25.7950 13.245138 -88.292688 2
27.0608 14.258842 -89.508662 2
28.3913 15.345747 -90.596395 2
29.7543 16.491501 -91.589601 2
31.1185 17.680442 -92.521991 2
32.4532 18.895619 -93.427279 2
33.7284 20.118810 -94.339177 2
34.9150 21.330539 -95.291399 2
35.9848 22.510208 -96.317419 2
36.9236 23.644545 -97.432261 2
37.7404 24.734351 -98.619679 2
38.4460 25.782213 -99.860397 2
39.0511 26.791144 -101.135139 2
39.5662 27.764572 -102.424627 2
40.0016 28.706341 -103.709586 2
40.3674 29.620701 -104.970739 2
40.6734 30.512300 -106.188810 2
40.9291 31.386184 -107.344523 2
41.1439 32.247690 -108.419006 2
41.3220 33.098844 -109.409117 2
41.4619 33.936995 -110.332149 2
41.5614 34.759087 -111.206759 2
41.6189 35.561968 -112.051605 2
41.6324 36.342398 -112.885345 2
41.6003 37.097048 -113.726637 2
41.5212 37.822504 -114.594138 2
41.3936 38.515271 -115.506507 2
41.2163 39.171774 -116.482401 2
40.9880 39.788438 -117.539966 2
40.7097 40.363393 -118.685589 2
40.3840 40.896570 -119.913895 2
40.0136 41.388063 -121.218999 2
39.6011 41.838053 -122.595016 2
39.1491 42.246805 -124.036059 2
38.6602 42.614666 -125.536243 2
38.1370 42.942069 -127.089682 2
37.5819 43.229525 -128.690492 2
36.9975 43.477627 -130.332785 2
36.3859 43.686857 -132.010620 2
35.7470 43.854920 -133.717193 2
35.0791 43.977283 -135.445037 2
34.3804 44.049254 -137.186671 2
33.6496 44.066044 -138.934611 2
32.8852 44.022771 -140.681375 2
32.0862 43.914465 -142.419480 2
31.2517 43.736069 -144.141444 2
30.3809 43.482452 -145.839783 2
29.4732 43.148405 -147.507015 2
28.5289 42.729405 -149.136011 2
27.5533 42.228709 -150.723301 2
26.5547 41.654402 -152.267571 2
25.5409 41.014922 -153.767536 2
24.5195 40.318994 -155.221909 2
23.4976 39.575621 -156.629407 2
22.4820 38.794070 -157.988743 2
21.4790 37.983865 -159.298632 2
20.4946 37.154774 -160.557789 2
19.5342 36.316801 -161.764927 2
18.6027 35.479639 -162.918895 2
17.7026 34.649223 -164.019509 2
16.8351 33.829810 -165.067026 2
16.0014 33.025709 -166.061703 2
15.2024 32.241288 -167.003796 2
14.4388 31.480969 -167.893563 2
13.7114 30.749224 -168.731260 2
13.0206 30.050569 -169.517146 2
12.3666 29.389559 -170.251476 2
11.7496 28.770790 -170.934508 2
11.1695 28.198886 -171.566500 2
10.6261 27.678500 -172.147707 2
10.1189 27.214309 -172.678388 2
9.6474 26.811007 -173.158799 2
9.2108 26.473303 -173.589198 2
8.8081 26.205915 -173.969841 2
8.4383 26.013569 -174.300986 2
8.1000 25.900986 -174.582889 2
7.7917 25.872889 -174.815808 2
7.5119 25.933989 -175.000000 2

19.4394 12.292714 -26.000000 2
19.3969 12.555009 -29.187224 2
19.2782 12.769529 -32.451090 2
19.0976 12.942651 -35.774963 2
18.8694 13.081327 -39.142206 2
18.6071 13.193076 -42.536183 2
18.3242 13.285974 -45.940257 2
18.0337 13.368644 -49.337791 2
17.7482 13.450245 -52.712150 2
17.4800 13.540466 -56.046697 2
17.2410 13.649509 -59.324796 2
17.0425 13.788083 -62.529809 2
16.8954 13.967392 -65.645101 2
16.8104 14.199122 -68.654035 2
16.7975 14.495429 -71.539976 2
16.8663 14.868932 -74.286285 2
17.0259 15.332694 -76.876327 2
17.2849 15.900212 -79.293466 2
17.6513 16.585408 -81.521066 2
18.1328 17.402609 -83.542488 2
18.7363 18.366493 -85.341166 2
19.4584 19.482117 -86.914760 2
20.2732 20.731935 -88.292688 2
21.1529 22.094335 -89.508662 2
22.0707 23.546618 -90.596395 2
23.0007 25.065027 -91.589601 2
23.9182 26.624773 -92.521991 2
24.7994 28.200063 -93.427279 2
25.6216 29.764129 -94.339177 2
26.3635 31.289257 -95.291399 2
27.0046 32.746974 -96.317419 2
27.5359 34.120236 -97.432261 2
27.9656 35.412605 -98.619679 2
28.3030 36.629980 -99.860397 2
28.5575 37.778606 -101.135139 2
28.7378 38.865060 -102.424627 2
28.8526 39.896244 -103.709586 2
28.9100 40.879376 -104.970739 2
28.9179 41.821982 -106.188810 2
28.8838 42.731883 -107.344523 2
28.8147 43.617063 -108.419006 2
28.7141 44.480825 -109.409117 2
28.5813 45.320125 -110.332149 2
28.4154 46.131437 -111.206759 2
28.2157 46.911182 -112.051605 2
27.9813 47.655728 -112.885345 2
27.7120 48.361398 -113.726637 2
27.4072 49.024469 -114.594138 2
27.0668 49.641179 -115.506507 2
26.6907 50.207727 -116.482401 2
26.2789 50.720377 -117.539966 2
25.8329 51.177615 -118.685589 2
25.3551 51.580210 -119.913895 2
24.8481 51.929104 -121.218999 2
24.3143 52.225304 -122.595016 2
23.7561 52.469893 -124.036059 2
23.1759 52.664015 -125.536243 2
22.5760 52.808885 -127.089682 2
21.9584 52.905777 -128.690492 2
21.3255 52.956032 -130.332785 2
20.6791 52.960817 -132.010620 2
20.0199 52.917921 -133.717193 2
19.3476 52.822476 -135.445037 2
18.6621 52.669504 -137.186671 2
17.9635 52.453993 -138.934611 2
17.2522 52.170899 -140.681375 2
16.5287 51.815155 -142.419480 2
15.7936 51.381670 -144.141444 2
15.0479 50.865343 -145.839783 2
14.2927 50.261060 -147.507015 2
13.5296 49.564580 -149.136011 2
12.7628 48.780712 -150.723301 2
11.9974 47.919727 -152.267571 2
11.2383 46.992129 -153.767536 2
10.4899 46.008576 -155.221909 2
9.7560 44.979867 -156.629407 2
9.0402 43.916926 -157.988743 2
8.3454 42.830798 -159.298632 2
7.6741 41.732630 -160.557789 2
7.0285 40.633664 -161.764927 2
6.4101 39.544624 -162.918895 2
5.8193 38.471907 -164.019509 2
5.2559 37.419958 -165.067026 2
4.7197 36.393220 -166.061703 2
4.2102 35.396141 -167.003796 2
3.7267 34.433165 -167.893563 2
3.2685 33.508730 -168.731260 2
2.8345 32.627264 -169.517146 2
2.4235 31.793180 -170.251476 2
2.0341 31.010868 -170.934508 2
1.6650 30.284696 -171.566500 2
1.3143 29.619003 -172.147707 2
0.9802 29.018094 -172.678388 2
0.6607 28.486234 -173.158799 2
0.3535 28.027648 -173.589198 2
0.0562 27.646512 -173.969841 2
-0.2336 27.346952 -174.300986 2
-0.5189 27.133035 -174.582889 2
-0.8024 27.008771 -174.815808 2
-1.0872 26.978103 -175.000000 2

14.5462 17.815914 -26.000000 2
14.4229 18.051255 -29.187224 2
14.2423 18.217142 -32.451090 2
14.0163 18.324185 -35.774963 2
13.7558 18.383436 -39.142206 2
13.4717 18.406378 -42.536183 2
13.1739 18.404909 -45.940257 2
12.8722 18.391333 -49.337791 2
12.5756 18.378340 -52.712150 2
12.2926 18.378995 -56.046697 2
12.0313 18.406724 -59.324796 2
11.7991 18.475299 -62.529809 2
11.6029 18.598822 -65.645101 2
11.4489 18.791711 -68.654035 2
11.3428 19.068685 -71.539976 2
11.2898 19.444749 -74.286285 2
11.2943 19.935175 -76.876327 2
11.3602 20.555492 -79.293466 2
11.4908 21.321466 -81.521066 2
11.6888 22.249085 -83.542488 2
11.9560 23.354483 -85.341166 2
12.2876 24.641336 -86.914760 2
12.6647 26.084854 -88.292688 2
13.0677 27.655721 -89.508662 2
13.4784 29.323903 -90.596395 2
13.8797 31.058682 -91.589601 2
14.2561 32.828693 -92.521991 2
14.5931 34.601955 -93.427279 2
14.8777 36.345912 -94.339177 2
15.0984 38.027462 -95.291399 2
15.2449 39.613189 -96.317419 2
15.3140 41.084030 -97.432261 2
15.3123 42.445942 -98.619679 2
15.2469 43.707529 -99.860397 2
15.1245 44.877626 -101.135139 2
14.9516 45.965279 -102.424627 2
14.7339 46.979741 -103.709586 2
14.4770 47.930455 -104.970739 2
14.1860 48.827047 -106.188810 2
13.8655 49.679312 -107.344523 2
13.5196 50.497057 -108.419006 2
13.1507 51.284523 -109.409117 2
12.7590 52.038585 -110.332149 2
12.3447 52.755612 -111.206759 2
11.9083 53.431963 -112.051605 2
11.4503 54.063992 -112.885345 2
10.9713 54.648049 -113.726637 2
10.4723 55.180487 -114.594138 2
9.9541 55.657663 -115.506507 2
9.4179 56.075943 -116.482401 2
8.8650 56.431814 -117.539966 2
8.2971 56.724273 -118.685589 2
7.7164 56.954849 -119.913895 2
7.1250 57.125231 -121.218999 2
6.5249 57.237155 -122.595016 2
5.9180 57.292406 -124.036059 2
5.3062 57.292809 -125.536243 2
4.6912 57.240235 -127.089682 2
4.0748 57.136591 -128.690492 2
3.4585 56.983825 -130.332785 2
2.8439 56.783672 -132.010620 2
2.2322 56.534233 -133.717193 2
1.6247 56.230804 -135.445037 2
1.0229 55.868634 -137.186671 2
0.4286 55.443004 -138.934611 2
-0.1565 54.949227 -140.681375 2
-0.7302 54.382660 -142.419480 2
-1.2902 53.738703 -144.141444 2
-1.8340 53.012810 -145.839783 2
-2.3589 52.200489 -147.507015 2
-2.8622 51.298216 -149.136011 2
-3.3413 50.311857 -150.723301 2
-3.7946 49.252812 -152.267571 2
-4.2209 48.132572 -153.767536 2
-4.6194 46.962629 -155.221909 2
-4.9897 45.754464 -156.629407 2
-5.3321 44.519539 -157.988743 2
-5.6473 43.269280 -159.298632 2
-5.9362 42.015067 -160.557789 2
-6.2006 40.768220 -161.764927 2
-6.4423 39.539396 -162.918895 2
-6.6630 38.334789 -164.019509 2
-6.8643 37.158578 -165.067026 2
-7.0477 36.014882 -166.061703 2
-7.2153 34.907771 -167.003796 2
-7.3689 33.841254 -167.893563 2
-7.5109 32.819279 -168.731260 2
-7.6434 31.845730 -169.517146 2
-7.7691 30.924420 -170.251476 2
-7.8907 30.059086 -170.934508 2
-8.0109 29.253390 -171.566500 2
-8.1327 28.510908 -172.147707 2
-8.2593 27.835130 -172.678388 2
-8.3940 27.229455 -173.158799 2
-8.5401 26.697188 -173.589198 2
-8.7014 26.241533 -173.969841 2
-8.8815 25.865592 -174.300986 2
-9.0843 25.572359 -174.582889 2
-9.3139 25.364719 -174.815808 2
-9.5743 25.245439 -175.000000 2

8.1559 21.505374 -26.000000 2
7.9644 21.689536 -29.187224 2
7.7406 21.789717 -32.451090 2
7.4923 21.819663 -35.774963 2
7.2265 21.793391 -39.142206 2
6.9497 21.725164 -42.536183 2
6.6677 21.629481 -45.940257 2
6.3858 21.521056 -49.337791 2
6.1086 21.414805 -52.712150 2
5.8400 21.325827 -56.046697 2
5.5833 21.269388 -59.324796 2
5.3414 21.260906 -62.529809 2
5.1161 21.315929 -65.645101 2
4.9090 21.450124 -68.654035 2
4.7207 21.679257 -71.539976 2
4.5513 22.019173 -74.286285 2
4.4002 22.485786 -76.876327 2
4.2663 23.095054 -79.293466 2
4.1476 23.862967 -81.521066 2
4.0416 24.805526 -83.542488 2
3.9451 25.938664 -85.341166 2
3.8521 27.264293 -86.914760 2
3.7527 28.752934 -88.292688 2
3.6375 30.370583 -89.508662 2
3.4988 32.082963 -90.596395 2
3.3301 33.855557 -91.589601 2
3.1266 35.653650 -92.521991 2
2.8847 37.442369 -93.427279 2
2.6025 39.186715 -94.339177 2
2.2793 40.851610 -95.291399 2
1.9161 42.402132 -96.317419 2
1.5159 43.819164 -97.432261 2
1.0830 45.110440 -98.619679 2
0.6215 46.286388 -99.860397 2
0.1349 47.357521 -101.135139 2
-0.3736 48.334425 -102.424627 2
-0.9013 49.227749 -103.709586 2
-1.4461 50.048191 -104.970739 2
-2.0060 50.806486 -106.188810 2
-2.5799 51.513393 -107.344523 2
-3.1669 52.179535 -108.419006 2
-3.7662 52.809653 -109.409117 2
-4.3766 53.400863 -110.332149 2
-4.9966 53.949803 -111.206759 2
-5.6247 54.453146 -112.051605 2
-6.2593 54.907604 -112.885345 2
-6.8986 55.309934 -113.726637 2
-7.5406 55.656937 -114.594138 2
-8.1832 55.945465 -115.506507 2
-8.8242 56.172425 -116.482401 2
-9.4614 56.334887 -117.539966 2
-10.0927 56.432465 -118.685589 2
-10.7165 56.467289 -119.913895 2
-11.3314 56.441623 -121.218999 2
-11.9361 56.357751 -122.595016 2
-12.5292 56.217977 -124.036059 2
-13.1097 56.024619 -125.536243 2
-13.6763 55.780012 -127.089682 2
-14.2282 55.486500 -128.690492 2
-14.7644 55.146437 -130.332785 2
-15.2840 54.761949 -132.010620 2
-15.7853 54.331640 -133.717193 2
-16.2654 53.851458 -135.445037 2
-16.7215 53.317367 -137.186671 2
-17.1505 52.725426 -138.934611 2
-17.5491 52.071790 -140.681375 2
-17.9138 51.352715 -142.419480 2
-18.2411 50.564567 -144.141444 2
-18.5271 49.703821 -145.839783 2
-18.7677 48.767072 -147.507015 2
-18.9594 47.751875 -149.136011 2
-19.1015 46.664547 -150.723301 2
-19.1961 45.516448 -152.267571 2
-19.2457 44.318868 -153.767536 2
-19.2532 43.082953 -155.221909 2
-19.2219 41.819686 -156.629407 2
-19.1557 40.539885 -157.988743 2
-19.0586 39.254180 -159.298632 2
-18.9355 37.973014 -160.557789 2
-18.7915 36.706622 -161.764927 2
-18.6316 35.464491 -162.918895 2
-18.4595 34.251981 -164.019509 2
-18.2779 33.072572 -165.067026 2
-18.0898 31.929637 -166.061703 2
-17.8981 30.826445 -167.003796 2
-17.7061 29.766160 -167.893563 2
-17.5171 28.751834 -168.731260 2
-17.3346 27.786406 -169.517146 2
-17.1621 26.872698 -170.251476 2
-17.0034 26.013410 -170.934508 2
-16.8622 25.211117 -171.566500 2
-16.7427 24.468267 -172.147707 2
-16.6488 23.787176 -172.678388 2
-16.5847 23.170027 -173.158799 2
-16.5548 22.618864 -173.589198 2
-16.5635 22.135589 -173.969841 2
-16.6153 21.721961 -174.300986 2
-16.7148 21.379594 -174.582889 2
-16.8668 21.109948 -174.815808 2
-17.0760 20.914334 -175.000000 2

0.9261 22.981347 -26.000000 2
0.6861 23.095377 -29.187224 2
0.4421 23.119539 -32.451090 2
0.1971 23.069307 -35.774963 2
-0.0467 22.960215 -39.142206 2
-0.2877 22.807842 -42.536183 2
-0.5248 22.627792 -45.940257 2
-0.7579 22.435678 -49.337791 2
-0.9872 22.247105 -52.712150 2
-1.2138 22.077653 -56.046697 2
-1.4393 21.942855 -59.324796 2
-1.6662 21.858188 -62.529809 2
-1.8972 21.839049 -65.645101 2
-2.1362 21.900738 -68.654035 2
-2.3874 22.058444 -71.539976 2
-2.6557 22.327228 -74.286285 2
-2.9467 22.722000 -76.876327 2
-3.2667 23.257509 -79.293466 2
-3.6224 23.948321 -81.521066 2
-4.0215 24.808807 -83.542488 2
-4.4719 25.853053 -85.341166 2
-4.9799 27.081015 -86.914760 2
-5.5456 28.461557 -88.292688 2
-6.1671 29.959489 -89.508662 2
-6.8409 31.539816 -90.596395 2
-7.5622 33.167777 -91.589601 2
-8.3247 34.808880 -92.521991 2
-9.1205 36.428947 -93.427279 2
-9.9407 37.994142 -94.339177 2
-10.7744 39.471019 -95.291399 2
-11.6099 40.826746 -96.317419 2
-12.4382 42.044117 -97.432261 2
-13.2578 43.131851 -98.619679 2
-14.0679 44.101122 -99.860397 2
-14.8687 44.963043 -101.135139 2
-15.6604 45.728648 -102.424627 2
-16.4438 46.408887 -103.709586 2
-17.2203 47.014611 -104.970739 2
-17.9916 47.556559 -106.188810 2
-18.7598 48.045349 -107.344523 2
-19.5275 48.491324 -108.419006 2
-20.2955 48.899238 -109.409117 2
-21.0617 49.266745 -110.332149 2
-21.8236 49.591097 -111.206759 2
-22.5788 49.869624 -112.051605 2
-23.3247 50.099736 -112.885345 2
-24.0584 50.278927 -113.726637 2
-24.7773 50.404778 -114.594138 2
-25.4782 50.474961 -115.506507 2
-26.1581 50.487240 -116.482401 2
-26.8139 50.439573 -117.539966 2
-27.4436 50.332226 -118.685589 2
-28.0464 50.167713 -119.913895 2
-28.6215 49.948641 -121.218999 2
-29.1685 49.677606 -122.595016 2
-29.6869 49.357194 -124.036059 2
-30.1762 48.989977 -125.536243 2
-30.6363 48.578514 -127.089682 2
-31.0668 48.125343 -128.690492 2
-31.4677 47.632986 -130.332785 2
-31.8388 47.103735 -132.010620 2
-32.1780 46.536847 -133.717193 2
-32.4814 45.929336 -135.445037 2
-32.7449 45.278297 -137.186671 2
-32.9643 44.580973 -138.934611 2
-33.1354 43.834753 -140.681375 2
-33.2537 43.037184 -142.419480 2
-33.3145 42.185965 -144.141444 2
-33.3132 41.278962 -145.839783 2
-33.2449 40.314201 -147.507015 2
-33.1051 39.290571 -149.136011 2
-32.8956 38.214190 -150.723301 2
-32.6218 37.095207 -152.267571 2
-32.2897 35.943551 -153.767536 2
-31.9054 34.768873 -155.221909 2
-31.4756 33.580529 -156.629407 2
-31.0075 32.387577 -157.988743 2
-30.5084 31.198761 -159.298632 2
-29.9859 30.022508 -160.557789 2
-29.4482 28.866916 -161.764927 2
-28.9032 27.739328 -162.918895 2
-28.3560 26.643716 -164.019509 2
-27.8103 25.582502 -165.067026 2
-27.2699 24.557966 -166.061703 2
-26.7388 23.572242 -167.003796 2
-26.2209 22.627321 -167.893563 2
-25.7204 21.725046 -168.731260 2
-25.2416 20.867108 -169.517146 2
-24.7886 20.055048 -170.251476 2
-24.3659 19.290248 -170.934508 2
-23.9780 18.573936 -171.566500 2
-23.6293 17.907178 -172.147707 2
-23.3246 17.290877 -172.678388 2
-23.0684 16.725775 -173.158799 2
-22.8655 16.212445 -173.589198 2
-22.7207 15.751292 -173.969841 2
-22.6388 15.342552 -174.300986 2
-22.6248 14.986289 -174.582889 2
-22.6836 14.682392 -174.815808 2
-22.8201 14.430577 -175.000000 2

-6.3990 22.091917 -26.000000 2
-6.6628 22.124076 -29.187224 2
-6.9018 22.069733 -32.451090 2
-7.1184 21.944493 -35.774963 2
-7.3151 21.763811 -39.142206 2
-7.4954 21.542975 -42.536183 2
-7.6633 21.297090 -45.940257 2
-7.8235 21.041061 -49.337791 2
-7.9813 20.789576 -52.712150 2
-8.1426 20.557089 -56.046697 2
-8.3139 20.357808 -59.324796 2
-8.5022 20.205671 -62.529809 2
-8.7153 20.114338 -65.645101 2
-8.9616 20.097172 -68.654035 2
-9.2498 20.167220 -71.539976 2
-9.5894 20.337205 -74.286285 2
-9.9904 20.619504 -76.876327 2
-10.4635 21.026135 -79.293466 2
-11.0197 21.568744 -81.521066 2
-11.6707 22.258588 -83.542488 2
-12.4286 23.106461 -85.341166 2
-13.2993 24.110366 -86.914760 2
-14.2731 25.240715 -88.292688 2
-15.3369 26.464752 -89.508662 2
-16.4765 27.750367 -90.596395 2
-17.6762 29.066133 -91.589601 2
-18.9191 30.381333 -92.521991 2
-20.1871 31.665998 -93.427279 2
-21.4606 32.890942 -94.339177 2
-22.7191 34.027790 -95.291399 2
-23.9409 35.049181 -96.317419 2
-25.1121 35.941590 -97.432261 2
-26.2339 36.713825 -98.619679 2
-27.3094 37.376655 -99.860397 2
-28.3418 37.940648 -101.135139 2
-29.3352 38.416152 -102.424627 2
-30.2938 38.813292 -103.709586 2
-31.2221 39.141952 -104.970739 2
-32.1253 39.411773 -106.188810 2
-33.0088 39.632136 -107.344523 2
-33.8782 39.812041 -108.419006 2
-34.7359 39.955765 -109.409117 2
-35.5790 40.061743 -110.332149 2
-36.4044 40.128122 -111.206759 2
-37.2089 40.153165 -112.051605 2
-37.9893 40.135246 -112.885345 2
-38.7420 40.072854 -113.726637 2
-39.4637 39.964601 -114.594138 2
-40.1508 39.809215 -115.506507 2
-40.7996 39.605550 -116.482401 2
-41.4066 39.352659 -117.539966 2
-41.9699 39.051436 -118.685589 2
-42.4895 38.704520 -119.913895 2
-42.9657 38.314590 -121.218999 2
-43.3987 37.884288 -122.595016 2
-43.7889 37.416217 -124.036059 2
-44.1368 36.912938 -125.536243 2
-44.4429 36.376969 -127.089682 2
-44.7077 35.810784 -128.690492 2
-44.9321 35.216808 -130.332785 2
-45.1165 34.597270 -132.010620 2
-45.2587 33.952151 -133.717193 2
-45.3541 33.279840 -135.445037 2
-45.3979 32.578863 -137.186671 2
-45.3852 31.847928 -138.934611 2
-45.3112 31.085932 -140.681375 2
-45.1708 30.291959 -142.419480 2
-44.9590 29.465284 -144.141444 2
-44.6705 28.605378 -145.839783 2
-44.3002 27.711906 -147.507015 2
-43.8435 26.785202 -149.136011 2
-43.3039 25.830557 -150.723301 2
-42.6899 24.855863 -152.267571 2
-42.0101 23.868668 -153.767536 2
-41.2736 22.876133 -155.221909 2
-40.4897 21.885025 -156.629407 2
-39.6679 20.901709 -157.988743 2
-38.8179 19.932143 -159.298632 2
-37.9499 18.981872 -160.557789 2
-37.0739 18.056022 -161.764927 2
-36.1999 17.159037 -162.918895 2
-35.3339 16.293089 -164.019509 2
-34.4803 15.459299 -165.067026 2
-33.6432 14.658614 -166.061703 2
-32.8273 13.891816 -167.003796 2
-32.0368 13.159517 -167.893563 2
-31.2764 12.462161 -168.731260 2
-30.5505 11.800019 -169.517146 2
-29.8637 11.173189 -170.251476 2
-29.2206 10.581597 -170.934508 2
-28.6258 10.024993 -171.566500 2
-28.0839 9.502954 -172.147707 2
-27.5997 9.014878 -172.678388 2
-27.1777 8.559987 -173.158799 2
-26.8227 8.137326 -173.589198 2
-26.5393 7.745760 -173.969841 2
-26.3322 7.383978 -174.300986 2
-26.2061 7.050488 -174.582889 2
-26.1656 6.743620 -174.815808 2
-26.2154 6.461523 -175.000000 2

-13.0655 18.928629 -26.000000 2
-13.3259 18.875609 -29.187224 2
-13.5354 18.748354 -32.451090 2
-13.7011 18.560996 -35.774963 2
-13.8305 18.327320 -39.142206 2
-13.9316 18.060751 -42.536183 2
-14.0130 17.774340 -45.940257 2
-14.0839 17.480748 -49.337791 2
-14.1540 17.192235 -52.712150 2
-14.2333 16.920644 -56.046697 2
-14.3327 16.677390 -59.324796 2
-14.4631 16.473442 -62.529809 2
-14.6364 16.319317 -65.645101 2
-14.8645 16.225061 -68.654035 2
-15.1600 16.200242 -71.539976 2
-15.5360 16.253933 -74.286285 2
-16.0058 16.394702 -76.876327 2
-16.5833 16.630602 -79.293466 2
-17.2827 16.969159 -81.521066 2
-18.1186 17.417357 -83.542488 2
-19.1060 17.981588 -85.341166 2
-20.2498 18.658107 -86.914760 2
-21.5314 19.421918 -88.292688 2
-22.9282 20.246073 -89.508662 2
-24.4162 21.104653 -90.596395 2
-25.9708 21.972796 -91.589601 2
-27.5663 22.826722 -92.521991 2
-29.1758 23.643760 -93.427279 2
-30.7717 24.402373 -94.339177 2
-32.3254 25.082179 -95.291399 2
-33.8078 25.664105 -96.317419 2
-35.2013 26.139700 -97.432261 2
-36.5099 26.516951 -98.619679 2
-37.7399 26.805117 -99.860397 2
-38.8979 27.013132 -101.135139 2
-39.9907 27.149593 -102.424627 2
-41.0257 27.222756 -103.709586 2
-42.0103 27.240525 -104.970739 2
-42.9525 27.210447 -106.188810 2
-43.8603 27.139701 -107.344523 2
-44.7419 27.035019 -108.419006 2
-45.6010 26.899761 -109.409117 2
-46.4342 26.733301 -110.332149 2
-47.2382 26.534876 -111.206759 2
-48.0093 26.303857 -112.051605 2
-48.7438 26.039750 -112.885345 2
-49.4380 25.742199 -113.726637 2
-50.0883 25.410983 -114.594138 2
-50.6908 25.046021 -115.506507 2
-51.2417 24.647374 -116.482401 2
-51.7374 24.215289 -117.539966 2
-52.1763 23.751195 -118.685589 2
-52.5593 23.257582 -119.913895 2
-52.8875 22.736929 -121.218999 2
-53.1620 22.191650 -122.595016 2
-53.3839 21.624097 -124.036059 2
-53.5545 21.036556 -125.536243 2
-53.6751 20.431248 -127.089682 2
-53.7470 19.810324 -128.690492 2
-53.7718 19.175867 -130.332785 2
-53.7505 18.529808 -132.010620 2
-53.6811 17.872858 -133.717193 2
-53.5587 17.204947 -135.445037 2
-53.3782 16.526180 -137.186671 2
-53.1348 15.836868 -138.934611 2
-52.8233 15.137525 -140.681375 2
-52.4387 14.428870 -142.419480 2
-51.9759 13.711826 -144.141444 2
-51.4300 12.987525 -145.839783 2
-50.7958 12.257303 -147.507015 2
-50.0692 11.522909 -149.136011 2
-49.2551 10.788259 -150.723301 2
-48.3640 10.058177 -152.267571 2
-47.4065 9.337051 -153.767536 2
-46.3936 8.628819 -155.221909 2
-45.3362 7.936958 -156.629407 2
-44.2453 7.264488 -157.988743 2
-43.1321 6.613967 -159.298632 2
-42.0078 5.987487 -160.557789 2
-40.8837 5.386674 -161.764927 2
-39.7707 4.812615 -162.918895 2
-38.6750 4.265463 -164.019509 2
-37.6012 3.744915 -165.067026 2
-36.5537 3.250494 -166.061703 2
-35.5370 2.781545 -167.003796 2
-34.5553 2.337243 -167.893563 2
-33.6132 1.916582 -168.731260 2
-32.7149 1.518387 -169.517146 2
-31.8650 1.141306 -170.251476 2
-31.0676 0.783812 -170.934508 2
-30.3272 0.444207 -171.566500 2
-29.6479 0.120619 -172.147707 2
-29.0340 -0.188996 -172.678388 2
-28.4897 -0.486855 -173.158799 2
-28.0192 -0.775345 -173.589198 2
-27.6264 -1.057020 -173.969841 2
-27.3154 -1.334608 -174.300986 2
-27.0901 -1.610999 -174.582889 2
-26.9546 -1.889254 -174.815808 2
-26.9124 -2.172597 -175.000000 2

-18.3872 13.817072 -26.000000 2
-18.6174 13.684329 -29.187224 2
-18.7758 13.497261 -32.451090 2
-18.8737 13.267069 -35.774963 2
-18.9224 13.004451 -39.142206 2
-18.9339 12.719586 -42.536183 2
-18.9204 12.422128 -45.940257 2
-18.8947 12.121192 -49.337791 2
-18.8698 11.825347 -52.712150 2
-18.8591 11.542606 -56.046697 2
-18.8762 11.280416 -59.324796 2
-18.9354 11.045649 -62.529809 2
-19.0509 10.844595 -65.645101 2
-19.2375 10.682953 -68.654035 2
-19.5100 10.565820 -71.539976 2
-19.8836 10.497690 -74.286285 2
-20.3738 10.482441 -76.876327 2
-20.9963 10.523329 -79.293466 2
-21.7669 10.622987 -81.521066 2
-22.7017 10.783408 -83.542488 2
-23.8170 11.005922 -85.341166 2
-25.1161 11.285423 -86.914760 2
-26.5737 11.604080 -88.292688 2
-28.1595 11.943525 -89.508662 2
-29.8428 12.286698 -90.596395 2
-31.5924 12.617862 -91.589601 2
-33.3761 12.922623 -92.521991 2
-35.1615 13.187938 -93.427279 2
-36.9155 13.402137 -94.339177 2
-38.6046 13.554932 -95.291399 2
-40.1949 13.637496 -96.317419 2
-41.6673 13.647325 -97.432261 2
-43.0281 13.590763 -98.619679 2
-44.2860 13.474605 -99.860397 2
-45.4502 13.305232 -101.135139 2
-46.5300 13.088605 -102.424627 2
-47.5349 12.830261 -103.709586 2
-48.4745 12.535310 -104.970739 2
-49.3587 12.208428 -106.188810 2
-50.1973 11.853855 -107.344523 2
-51.0005 11.475361 -108.419006 2
-51.7725 11.075042 -109.409117 2
-52.5101 10.653277 -110.332149 2
-53.2099 10.210471 -111.206759 2
-53.8681 9.747169 -112.051605 2
-54.4812 9.264059 -112.885345 2
-55.0455 8.761973 -113.726637 2
-55.5574 8.241885 -114.594138 2
-56.0133 7.704913 -115.506507 2
-56.4097 7.152316 -116.482401 2
-56.7430 6.585509 -117.539966 2
-57.0124 6.006311 -118.685589 2
-57.2194 5.416808 -119.913895 2
-57.3658 4.819021 -121.218999 2
-57.4535 4.214889 -122.595016 2
-57.4842 3.606271 -124.036059 2
-57.4600 2.994943 -125.536243 2
-57.3827 2.382598 -127.089682 2
-57.2543 1.770844 -128.690492 2
-57.0769 1.161208 -130.332785 2
-56.8521 0.555126 -132.010620 2
-56.5783 -0.046036 -133.717193 2
-56.2506 -0.640803 -135.445037 2
-55.8645 -1.227495 -137.186671 2
-55.4153 -1.804235 -138.934611 2
-54.8984 -2.368943 -140.681375 2
-54.3092 -2.919341 -142.419480 2
-53.6432 -3.452950 -144.141444 2
-52.8960 -3.967096 -145.839783 2
-52.0632 -4.458907 -147.507015 2
-51.1414 -4.925403 -149.136011 2
-50.1365 -5.364443 -150.723301 2
-49.0601 -5.774768 -152.267571 2
-47.9236 -6.155601 -153.767536 2
-46.7385 -6.506635 -155.221909 2
-45.5164 -6.828037 -156.629407 2
-44.2687 -7.120445 -157.988743 2
-43.0068 -7.384966 -159.298632 2
-41.7420 -7.623173 -160.557789 2
-40.4855 -7.837109 -161.764927 2
-39.2479 -8.029155 -162.918895 2
-38.0354 -8.201196 -164.019509 2
-36.8520 -8.354923 -165.067026 2
-35.7019 -8.492191 -166.061703 2
-34.5889 -8.615021 -167.003796 2
-33.5171 -8.725598 -167.893563 2
-32.4902 -8.826265 -168.731260 2
-31.5121 -8.919527 -169.517146 2
-30.5865 -9.008049 -170.251476 2
-29.7170 -9.094648 -170.934508 2
-28.9071 -9.182300 -171.566500 2
-28.1603 -9.274131 -172.147707 2
-27.4800 -9.373418 -172.678388 2
-26.8694 -9.483588 -173.158799 2
-26.3317 -9.608211 -173.589198 2
-25.8699 -9.751005 -173.969841 2
-25.4870 -9.915826 -174.300986 2
-25.1858 -10.106671 -174.582889 2
-24.9691 -10.327673 -174.815808 2
-24.8394 -10.583098 -175.000000 2

-21.8163 7.283364 -26.000000 2
-21.9926 7.084561 -29.187224 2
-22.0837 6.856933 -32.451090 2
-22.1037 6.607601 -35.774963 2
-22.0667 6.343072 -39.142206 2
-21.9874 6.069231 -42.536183 2
-21.8804 5.791342 -45.940257 2
-21.7607 5.514037 -49.337791 2
-21.6434 5.241310 -52.712150 2
-21.5437 4.976521 -56.046697 2
-21.4770 4.722382 -59.324796 2
-21.4587 4.480960 -62.529809 2
-21.5046 4.253671 -65.645101 2
-21.6304 4.041278 -68.654035 2
-21.8518 3.843888 -71.539976 2
-22.1846 3.660950 -74.286285 2
-22.6447 3.491252 -76.876327 2
-23.2481 3.332921 -79.293466 2
-24.0106 3.183421 -81.521066 2
-24.9481 3.039554 -83.542488 2
-26.0765 2.897449 -85.341166 2
-27.3973 2.751162 -86.914760 2
-28.8807 2.591867 -88.292688 2
-30.4924 2.411664 -89.508662 2
-32.1978 2.204108 -90.596395 2
-33.9622 1.964209 -91.589601 2
-35.7506 1.688435 -92.521991 2
-37.5282 1.374719 -93.427279 2
-39.2597 1.022458 -94.339177 2
-40.9103 0.632514 -95.291399 2
-42.4449 0.207219 -96.317419 2
-43.8447 -0.249729 -97.432261 2
-45.1175 -0.734282 -98.619679 2
-46.2739 -1.242809 -99.860397 2
-47.3245 -1.772137 -101.135139 2
-48.2802 -2.319556 -102.424627 2
-49.1515 -2.882816 -103.709586 2
-49.9494 -3.460129 -104.970739 2
-50.6845 -4.050170 -106.188810 2
-51.3677 -4.652074 -107.344523 2
-52.0097 -5.265423 -108.419006 2
-52.6152 -5.889600 -109.409117 2
-53.1813 -6.523257 -110.332149 2
-53.7049 -7.164868 -111.206759 2
-54.1825 -7.812768 -112.051605 2
-54.6110 -8.465156 -112.885345 2
-54.9873 -9.120097 -113.726637 2
-55.3082 -9.775525 -114.594138 2
-55.5706 -10.429240 -115.506507 2
-55.7716 -11.078910 -116.482401 2
-55.9082 -11.722098 -117.539966 2
-55.9803 -12.356784 -118.685589 2
-55.9900 -12.981502 -119.913895 2
-55.9396 -13.594895 -121.218999 2
-55.8314 -14.195698 -122.595016 2
-55.6679 -14.782738 -124.036059 2
-55.4513 -15.354932 -125.536243 2
-55.1841 -15.911287 -127.089682 2
-54.8686 -16.450903 -128.690492 2
-54.5072 -16.972970 -130.332785 2
-54.1021 -17.476693 -132.010620 2
-53.6520 -17.960193 -133.717193 2
-53.1528 -18.420596 -135.445037 2
-52.6008 -18.854827 -137.186671 2
-51.9921 -19.259634 -138.934611 2
-51.3229 -19.631583 -140.681375 2
-50.5898 -19.967072 -142.419480 2
-49.7891 -20.262325 -144.141444 2
-48.9175 -20.513396 -145.839783 2
-47.9718 -20.716176 -147.507015 2
-46.9497 -20.866758 -149.136011 2
-45.8576 -20.964999 -150.723301 2
-44.7066 -21.013333 -152.267571 2
-43.5080 -21.014675 -153.767536 2
-42.2728 -20.972379 -155.221909 2
-41.0118 -20.890242 -156.629407 2
-39.7357 -20.772491 -157.988743 2
-38.4549 -20.623785 -159.298632 2
-37.1798 -20.449202 -160.557789 2
-35.9202 -20.254241 -161.764927 2
-34.6855 -20.044508 -162.918895 2
-33.4809 -19.823729 -164.019509 2
-32.3098 -19.594812 -165.067026 2
-31.1753 -19.360799 -166.061703 2
-30.0808 -19.124869 -167.003796 2
-29.0291 -18.890338 -167.893563 2
-28.0232 -18.660650 -168.731260 2
-27.0659 -18.439381 -169.517146 2
-26.1599 -18.230230 -170.251476 2
-25.3077 -18.037022 -170.934508 2
-24.5117 -17.863699 -171.566500 2
-23.7743 -17.714321 -172.147707 2
-23.0975 -17.593061 -172.678388 2
-22.4834 -17.504201 -173.158799 2
-21.9339 -17.452132 -173.589198 2
-21.4507 -17.441346 -173.969841 2
-21.0353 -17.476437 -174.300986 2
-20.6892 -17.562092 -174.582889 2
-20.4137 -17.703094 -174.815808 2
-20.2098 -17.904312 -175.000000 2

-23.0000 0.000000 -26.000000 2
-23.1043 -0.244400 -29.187224 2
-23.1186 -0.489158 -32.451090 2
-23.0585 -0.731968 -35.774963 2
-22.9397 -0.971182 -39.142206 2
-22.7778 -1.205812 -42.536183 2
-22.5883 -1.435529 -45.940257 2
-22.3870 -1.660663 -49.337791 2
-22.1893 -1.882199 -52.712150 2
-22.0109 -2.101784 -56.046697 2
-21.8671 -2.321714 -59.324796 2
-21.7734 -2.544942 -62.529809 2
-21.7449 -2.775072 -65.645101 2
-21.7970 -3.016353 -68.654035 2
-21.9444 -3.273684 -71.539976 2
-22.2022 -3.552601 -74.286285 2
-22.5849 -3.859281 -76.876327 2
-23.1071 -4.200536 -79.293466 2
-23.7830 -4.583805 -81.521066 2
-24.6268 -5.017153 -83.542488 2
-25.6520 -5.509251 -85.341166 2
-26.8585 -6.066267 -86.914760 2
-28.2152 -6.687120 -88.292688 2
-29.6869 -7.368422 -89.508662 2
-31.2388 -8.105344 -90.596395 2
-32.8364 -8.891615 -91.589601 2
-34.4454 -9.719538 -92.521991 2
-36.0322 -10.579995 -93.427279 2
-37.5631 -11.462460 -94.339177 2
-39.0052 -12.355006 -95.291399 2
-40.3262 -13.244386 -96.317419 2
-41.5092 -14.121080 -97.432261 2
-42.5630 -14.983750 -98.619679 2
-43.4989 -15.832304 -99.860397 2
-44.3279 -16.667105 -101.135139 2
-45.0610 -17.488971 -102.424627 2
-45.7091 -18.299173 -103.709586 2
-46.2831 -19.099427 -104.970739 2
-46.7935 -19.891895 -106.188810 2
-47.2510 -20.679178 -107.344523 2
-47.6657 -21.464253 -108.419006 2
-48.0424 -22.248041 -109.409117 2
-48.3787 -23.028372 -110.332149 2
-48.6721 -23.802748 -111.206759 2
-48.9200 -24.568558 -112.051605 2
-49.1199 -25.323076 -112.885345 2
-49.2694 -26.063462 -113.726637 2
-49.3662 -26.786770 -114.594138 2
-49.4081 -27.489941 -115.506507 2
-49.3930 -28.169816 -116.482401 2
-49.3190 -28.823183 -117.539966 2
-49.1864 -29.448032 -118.685589 2
-48.9977 -30.043664 -119.913895 2
-48.7557 -30.609527 -121.218999 2
-48.4628 -31.145163 -122.595016 2
-48.1218 -31.650203 -124.036059 2
-47.7352 -32.124367 -125.536243 2
-47.3055 -32.567468 -127.089682 2
-46.8354 -32.979406 -128.690492 2
-46.3273 -33.360169 -130.332785 2
-45.7835 -33.709687 -132.010620 2
-45.2034 -34.025758 -133.717193 2
-44.5842 -34.304410 -135.445037 2
-43.9231 -34.541487 -137.186671 2
-43.2175 -34.732693 -138.934611 2
-42.4650 -34.873601 -140.681375 2
-41.6633 -34.959651 -142.419480 2
-40.8103 -34.986157 -144.141444 2
-39.9041 -34.948311 -145.839783 2
-38.9429 -34.841188 -147.507015 2
-37.9257 -34.660358 -149.136011 2
-36.8586 -34.407688 -150.723301 2
-35.7516 -34.089056 -152.267571 2
-34.6142 -33.710769 -153.767536 2
-33.4560 -33.279497 -155.221909 2
-32.2859 -32.802274 -156.629407 2
-31.1128 -32.286485 -157.988743 2
-29.9450 -31.739857 -159.298632 2
-28.7907 -31.170454 -160.557789 2
-27.6577 -30.586662 -161.764927 2
-26.5530 -29.996737 -162.918895 2
-25.4803 -29.405863 -164.019509 2
-24.4419 -28.817864 -165.067026 2
-23.4400 -28.236655 -166.061703 2
-22.4765 -27.666249 -167.003796 2
-21.5532 -27.110750 -167.893563 2
-20.6718 -26.574348 -168.731260 2
-19.8338 -26.061322 -169.517146 2
-19.0406 -25.576027 -170.251476 2
-18.2935 -25.122898 -170.934508 2
-17.5934 -24.706440 -171.566500 2
-16.9412 -24.331228 -172.147707 2
-16.3377 -24.001901 -172.678388 2
-15.7833 -23.723158 -173.158799 2
-15.2786 -23.499756 -173.589198 2
-14.8236 -23.336501 -173.969841 2
-14.4185 -23.238248 -174.300986 2
-14.0631 -23.209898 -174.582889 2
-13.7571 -23.256386 -174.815808 2
-13.5000 -23.382686 -175.000000 2

