-23.0000 0.000000 -26.000000 2
-23.1043 -0.244400 -29.187224 2
-23.1186 -0.489158 -32.451090 2
-23.0585 -0.731968 -35.774963 2
-22.9397 -0.971182 -39.142206 2
-22.7778 -1.205812 -42.536183 2
-22.5883 -1.435529 -45.940257 2
-22.3870 -1.660663 -49.337791 2
-22.1893 -1.882199 -52.712150 2
-22.0109 -2.101784 -56.046697 2
-21.8671 -2.321714 -59.324796 2
-21.7734 -2.544942 -62.529809 2
-21.7449 -2.775072 -65.645101 2
-21.7970 -3.016353 -68.654035 2
-21.9444 -3.273684 -71.539976 2
-22.2022 -3.552601 -74.286285 2
-22.5849 -3.859281 -76.876327 2
-23.1071 -4.200536 -79.293466 2
-23.7830 -4.583805 -81.521066 2
-24.6268 -5.017153 -83.542488 2
-25.6520 -5.509251 -85.341166 2
-26.8585 -6.066267 -86.914760 2
-28.2152 -6.687120 -88.292688 2
-29.6869 -7.368422 -89.508662 2
-31.2388 -8.105344 -90.596395 2
-32.8364 -8.891615 -91.589601 2
-34.4454 -9.719538 -92.521991 2
-36.0322 -10.579995 -93.427279 2
-37.5631 -11.462460 -94.339177 2
-39.0052 -12.355006 -95.291399 2
-40.3262 -13.244386 -96.317419 2
-41.5092 -14.121080 -97.432261 2
-42.5630 -14.983750 -98.619679 2
-43.4989 -15.832304 -99.860397 2
-44.3279 -16.667105 -101.135139 2
-45.0610 -17.488971 -102.424627 2
-45.7091 -18.299173 -103.709586 2
-46.2831 -19.099427 -104.970739 2
-46.7935 -19.891895 -106.188810 2
-47.2510 -20.679178 -107.344523 2
-47.6657 -21.464253 -108.419006 2
-48.0424 -22.248041 -109.409117 2
-48.3787 -23.028372 -110.332149 2
-48.6721 -23.802748 -111.206759 2
-48.9200 -24.568558 -112.051605 2
-49.1199 -25.323076 -112.885345 2
-49.2694 -26.063462 -113.726637 2
-49.3662 -26.786770 -114.594138 2
-49.4081 -27.489941 -115.506507 2
-49.3930 -28.169816 -116.482401 2
-49.3190 -28.823183 -117.539966 2
-49.1864 -29.448032 -118.685589 2
-48.9977 -30.043664 -119.913895 2
-48.7557 -30.609527 -121.218999 2
-48.4628 -31.145163 -122.595016 2
-48.1218 -31.650203 -124.036059 2
-47.7352 -32.124367 -125.536243 2
-47.3055 -32.567468 -127.089682 2
-46.8354 -32.979406 -128.690492 2
-46.3273 -33.360169 -130.332785 2
-45.7835 -33.709687 -132.010620 2
-45.2034 -34.025758 -133.717193 2
-44.5842 -34.304410 -135.445037 2
-43.9231 -34.541487 -137.186671 2
-43.2175 -34.732693 -138.934611 2
-42.4650 -34.873601 -140.681375 2
-41.6633 -34.959651 -142.419480 2
-40.8103 -34.986157 -144.141444 2
-39.9041 -34.948311 -145.839783 2
-38.9429 -34.841188 -147.507015 2
-37.9257 -34.660358 -149.136011 2
-36.8586 -34.407688 -150.723301 2
-35.7516 -34.089056 -152.267571 2
-34.6142 -33.710769 -153.767536 2
-33.4560 -33.279497 -155.221909 2
-32.2859 -32.802274 -156.629407 2
-31.1128 -32.286485 -157.988743 2
-29.9450 -31.739857 -159.298632 2
-28.7907 -31.170454 -160.557789 2
-27.6577 -30.586662 -161.764927 2
-26.5530 -29.996737 -162.918895 2
-25.4803 -29.405863 -164.019509 2
-24.4419 -28.817864 -165.067026 2
-23.4400 -28.236655 -166.061703 2
-22.4765 -27.666249 -167.003796 2
-21.5532 -27.110750 -167.893563 2
-20.6718 -26.574348 -168.731260 2
-19.8338 -26.061322 -169.517146 2
-19.0406 -25.576027 -170.251476 2
-18.2935 -25.122898 -170.934508 2
-17.5934 -24.706440 -171.566500 2
-16.9412 -24.331228 -172.147707 2
-16.3377 -24.001901 -172.678388 2
-15.7833 -23.723158 -173.158799 2
-15.2786 -23.499756 -173.589198 2
-14.8236 -23.336501 -173.969841 2
-14.4185 -23.238248 -174.300986 2
-14.0631 -23.209898 -174.582889 2
-13.7571 -23.256386 -174.815808 2
-13.5000 -23.382686 -175.000000 2

-21.8163 -7.283364 -26.000000 2
-21.8379 -7.548207 -29.187224 2
-21.7739 -7.784903 -32.451090 2
-21.6401 -7.996198 -35.774963 2
-21.4516 -8.185475 -39.142206 2
-21.2237 -8.356745 -42.536183 2
-20.9712 -8.514646 -45.940257 2
-20.7090 -8.664435 -49.337791 2
-20.4513 -8.811980 -52.712150 2
-20.2125 -8.963757 -56.046697 2
-20.0065 -9.126842 -59.324796 2
-19.8469 -9.308901 -62.529809 2
-19.7471 -9.518184 -65.645101 2
-19.7200 -9.763520 -68.654035 2
-19.7784 -10.054305 -71.539976 2
-19.9346 -10.400493 -74.286285 2
-20.2005 -10.812590 -76.876327 2
-20.5878 -11.301644 -79.293466 2
-21.1075 -11.879233 -81.521066 2
-21.7706 -12.557459 -83.542488 2
-22.5873 -13.348899 -85.341166 2
-23.5553 -14.259313 -86.914760 2
-24.6455 -15.277820 -88.292688 2
-25.8257 -16.390098 -89.508662 2
-27.0644 -17.580537 -90.596395 2
-28.3308 -18.832251 -91.589601 2
-29.5949 -20.127108 -92.521991 2
-30.8275 -21.445742 -93.427279 2
-32.0001 -22.767579 -94.339177 2
-33.0854 -24.070861 -95.291399 2
-34.0568 -25.332785 -96.317419 2
-34.9013 -26.538988 -97.432261 2
-35.6277 -27.690984 -98.619679 2
-36.2467 -28.792226 -99.860397 2
-36.7687 -29.846576 -101.135139 2
-37.2038 -30.858297 -102.424627 2
-37.5620 -31.832049 -103.709586 2
-37.8530 -32.772876 -104.970739 2
-38.0863 -33.686204 -106.188810 2
-38.2709 -34.577835 -107.344523 2
-38.4156 -35.453828 -108.419006 2
-38.5247 -36.316556 -109.409117 2
-38.5966 -37.163243 -110.332149 2
-38.6297 -37.990680 -111.206759 2
-38.6223 -38.795578 -112.051605 2
-38.5730 -39.574565 -112.885345 2
-38.4804 -40.324191 -113.726637 2
-38.3431 -41.040929 -114.594138 2
-38.1602 -41.721182 -115.506507 2
-37.9306 -42.361283 -116.482401 2
-37.6535 -42.957581 -117.539966 2
-37.3298 -43.508278 -118.685589 2
-36.9623 -44.013518 -119.913895 2
-36.5535 -44.473609 -121.218999 2
-36.1061 -44.888946 -122.595016 2
-35.6227 -45.260003 -124.036059 2
-35.1058 -45.587334 -125.536243 2
-34.5579 -45.871574 -127.089682 2
-33.9815 -46.113435 -128.690492 2
-33.3790 -46.313703 -130.332785 2
-32.7526 -46.473040 -132.010620 2
-32.1022 -46.589150 -133.717193 2
-31.4266 -46.657371 -135.445037 2
-30.7245 -46.672891 -137.186671 2
-29.9946 -46.630817 -138.934611 2
-29.2362 -46.526180 -140.681375 2
-28.4485 -46.353933 -142.419480 2
-27.6311 -46.108964 -144.141444 2
-26.7835 -45.786097 -145.839783 2
-25.9056 -45.380097 -147.507015 2
-24.9981 -44.886467 -149.136011 2
-24.0659 -44.308892 -150.723301 2
-23.1168 -43.656091 -152.267571 2
-22.1577 -42.937110 -153.767536 2
-21.1957 -42.161252 -155.221909 2
-20.2369 -41.338063 -156.629407 2
-19.2875 -40.477324 -157.988743 2
-18.3529 -39.589038 -159.298632 2
-17.4384 -38.683420 -160.557789 2
-16.5486 -37.770887 -161.764927 2
-15.6875 -36.861489 -162.918895 2
-14.8571 -35.961336 -164.019509 2
-14.0584 -35.074776 -165.067026 2
-13.2920 -34.206194 -166.061703 2
-12.5587 -33.360022 -167.003796 2
-11.8589 -32.540730 -167.893563 2
-11.1927 -31.752825 -168.731260 2
-10.5603 -31.000846 -169.517146 2
-9.9616 -30.289357 -170.251476 2
-9.3964 -29.622946 -170.934508 2
-8.8642 -29.006218 -171.566500 2
-8.3644 -28.443791 -172.147707 2
-7.8962 -27.940294 -172.678388 2
-7.4587 -27.500359 -173.158799 2
-7.0507 -27.128617 -173.589198 2
-6.6708 -26.829696 -173.969841 2
-6.3177 -26.608214 -174.300986 2
-5.9896 -26.468775 -174.582889 2
-5.6846 -26.415966 -174.815808 2
-5.4007 -26.454348 -175.000000 2

-18.3872 -13.817072 -26.000000 2
-18.3237 -14.075098 -29.187224 2
-18.1881 -14.279369 -32.451090 2
-17.9943 -14.437403 -35.774963 2
-17.7556 -14.557260 -39.142206 2
-17.4851 -14.647542 -42.536183 2
-17.1957 -14.717375 -45.940257 2
-16.8995 -14.776401 -49.337791 2
-16.6084 -14.834769 -52.712150 2
-16.3338 -14.903117 -56.046697 2
-16.0867 -14.992571 -59.324796 2
-15.8777 -15.114721 -62.529809 2
-15.7167 -15.281617 -65.645101 2
-15.6134 -15.505756 -68.654035 2
-15.5767 -15.800065 -71.539976 2
-15.6152 -16.177892 -74.286285 2
-15.7369 -16.652990 -76.876327 2
-15.9494 -17.239506 -79.293466 2
-16.2595 -17.951966 -81.521066 2
-16.6737 -18.805261 -83.542488 2
-17.1977 -19.814584 -85.341166 2
-17.8276 -20.984689 -86.914760 2
-18.5392 -22.296018 -88.292688 2
-19.3064 -23.724789 -89.508662 2
-20.1044 -25.246215 -90.596395 2
-20.9092 -26.834537 -91.589601 2
-21.6982 -28.463052 -92.521991 2
-22.4498 -30.104139 -93.427279 2
-23.1435 -31.729298 -94.339177 2
-23.7602 -33.309172 -95.291399 2
-24.2820 -34.813753 -96.317419 2
-24.7011 -36.225315 -97.432261 2
-25.0253 -37.548065 -98.619679 2
-25.2637 -38.788647 -99.860397 2
-25.4250 -39.954025 -101.135139 2
-25.5173 -41.051468 -102.424627 2
-25.5487 -42.088544 -103.709586 2
-25.5268 -43.073107 -104.970739 2
-25.4589 -44.013290 -106.188810 2
-25.3516 -44.917494 -107.344523 2
-25.2115 -45.794244 -108.419006 2
-25.0418 -46.647113 -109.409117 2
-24.8419 -47.473008 -110.332149 2
-24.6113 -48.268341 -111.206759 2
-24.3494 -49.029481 -112.051605 2
-24.0559 -49.752759 -112.885345 2
-23.7307 -50.434466 -113.726637 2
-23.3735 -51.070864 -114.594138 2
-22.9846 -51.658182 -115.506507 2
-22.5641 -52.192626 -116.482401 2
-22.1124 -52.670480 -117.539966 2
-21.6310 -53.090343 -118.685589 2
-21.1224 -53.453187 -119.913895 2
-20.5889 -53.760151 -121.218999 2
-20.0330 -54.012440 -122.595016 2
-19.4570 -54.211322 -124.036059 2
-18.8631 -54.358129 -125.536243 2
-18.2534 -54.454252 -127.089682 2
-17.6301 -54.501140 -128.690492 2
-16.9951 -54.500300 -130.332785 2
-16.3505 -54.453057 -132.010620 2
-15.6968 -54.357256 -133.717193 2
-15.0344 -54.208022 -135.445037 2
-14.3635 -54.000388 -137.186671 2
-13.6845 -53.729366 -138.934611 2
-12.9983 -53.389953 -140.681375 2
-12.3057 -52.977139 -142.419480 2
-11.6078 -52.485909 -144.141444 2
-10.9061 -51.911252 -145.839783 2
-10.2020 -51.248164 -147.507015 2
-9.4975 -50.492542 -149.136011 2
-8.7962 -49.649511 -150.723301 2
-8.1026 -48.729730 -152.267571 2
-7.4206 -47.744059 -153.767536 2
-6.7537 -46.703471 -155.221909 2
-6.1050 -45.619045 -156.629407 2
-5.4770 -44.501949 -157.988743 2
-4.8718 -43.363433 -159.298632 2
-4.2911 -42.214814 -160.557789 2
-3.7361 -41.067463 -161.764927 2
-3.2073 -39.932193 -162.918895 2
-2.7047 -38.815413 -164.019509 2
-2.2278 -37.721543 -165.067026 2
-1.7760 -36.654988 -166.061703 2
-1.3484 -35.620144 -167.003796 2
-0.9439 -34.621387 -167.893563 2
-0.5616 -33.663076 -168.731260 2
-0.1999 -32.749543 -169.517146 2
0.1427 -31.885091 -170.251476 2
0.4678 -31.073990 -170.934508 2
0.7773 -30.320469 -171.566500 2
1.0733 -29.628717 -172.147707 2
1.3579 -29.002874 -172.678388 2
1.6336 -28.447027 -173.158799 2
1.9029 -27.965208 -173.589198 2
2.1686 -27.561388 -173.969841 2
2.4334 -27.239473 -174.300986 2
2.7005 -27.003299 -174.582889 2
2.9731 -26.856626 -174.815808 2
3.2545 -26.803140 -175.000000 2

-13.0655 -18.928629 -26.000000 2
-12.9236 -19.153279 -29.187224 2
-12.7303 -19.304102 -32.451090 2
-12.4963 -19.392607 -35.774963 2
-12.2320 -19.430709 -39.142206 2
-11.9469 -19.430710 -42.536183 2
-11.6502 -19.405287 -45.940257 2
-11.3505 -19.367476 -49.337791 2
-11.0559 -19.330657 -52.712150 2
-10.7739 -19.308543 -56.046697 2
-10.5112 -19.315157 -59.324796 2
-10.2742 -19.364826 -62.529809 2
-10.0687 -19.472158 -65.645101 2
-9.8997 -19.652029 -68.654035 2
-9.7717 -19.919571 -71.539976 2
-9.6885 -20.290147 -74.286285 2
-9.6536 -20.779345 -76.876327 2
-9.6694 -21.402955 -79.293466 2
-9.7379 -22.176955 -81.521066 2
-9.8606 -23.117493 -83.542488 2
-10.0380 -24.240811 -85.341166 2
-10.2649 -25.550172 -86.914760 2
-10.5247 -27.019352 -88.292688 2
-10.8000 -28.617555 -89.508662 2
-11.0751 -30.313374 -90.596395 2
-11.3355 -32.074822 -91.589601 2
-11.5682 -33.869376 -92.521991 2
-11.7614 -35.664005 -93.427279 2
-11.9048 -37.425211 -94.339177 2
-11.9895 -39.119066 -95.291399 2
-12.0080 -40.711442 -96.317419 2
-11.9585 -42.183075 -97.432261 2
-11.8472 -43.540431 -98.619679 2
-11.6805 -44.792665 -99.860397 2
-11.4643 -45.949121 -101.135139 2
-11.2044 -47.019329 -102.424627 2
-10.9058 -48.012986 -103.709586 2
-10.5733 -48.939947 -104.970739 2
-10.2111 -49.810215 -106.188810 2
-9.8230 -50.633926 -107.344523 2
-9.4125 -51.421190 -108.419006 2
-8.9814 -52.176417 -109.409117 2
-8.5303 -52.896513 -110.332149 2
-8.0596 -53.577880 -111.206759 2
-7.5702 -54.216921 -112.051605 2
-7.0628 -54.810044 -112.885345 2
-6.5384 -55.353667 -113.726637 2
-5.9981 -55.844222 -114.594138 2
-5.4432 -56.278154 -115.506507 2
-4.8751 -56.651933 -116.482401 2
-4.2954 -56.962157 -117.539966 2
-3.7058 -57.207972 -118.685589 2
-3.1084 -57.391074 -119.913895 2
-2.5052 -57.513316 -121.218999 2
-1.8981 -57.576588 -122.595016 2
-1.2887 -57.582826 -124.036059 2
-0.6788 -57.533997 -125.536243 2
-0.0701 -57.432110 -127.089682 2
0.5360 -57.279200 -128.690492 2
1.1380 -57.077339 -130.332785 2
1.7345 -56.828378 -132.010620 2
2.3242 -56.530526 -133.717193 2
2.9053 -56.179199 -135.445037 2
3.4759 -55.769782 -137.186671 2
4.0341 -55.297706 -138.934611 2
4.5776 -54.758452 -140.681375 2
5.1038 -54.147560 -142.419480 2
5.6101 -53.460631 -144.141444 2
6.0938 -52.693332 -145.839783 2
6.5517 -51.841405 -147.507015 2
6.9807 -50.901564 -149.136011 2
7.3789 -49.879848 -150.723301 2
7.7455 -48.787759 -152.267571 2
8.0803 -47.636850 -153.767536 2
8.3833 -46.438637 -155.221909 2
8.6553 -45.204589 -156.629407 2
8.8972 -43.946116 -157.988743 2
9.1107 -42.674555 -159.298632 2
9.2978 -41.401159 -160.557789 2
9.4609 -40.137083 -161.764927 2
9.6030 -38.892793 -162.918895 2
9.7261 -37.674331 -164.019509 2
9.8320 -36.485740 -165.067026 2
9.9229 -35.330990 -166.061703 2
10.0008 -34.213987 -167.003796 2
10.0681 -33.138565 -167.893563 2
10.1274 -32.108483 -168.731260 2
10.1812 -31.127424 -169.517146 2
10.2323 -30.198984 -170.251476 2
10.2839 -29.326677 -170.934508 2
10.3388 -28.513922 -171.566500 2
10.4005 -27.764045 -172.147707 2
10.4723 -27.080271 -172.678388 2
10.5578 -26.465724 -173.158799 2
10.6607 -25.923421 -173.589198 2
10.7848 -25.456266 -173.969841 2
10.9340 -25.067052 -174.300986 2
11.1126 -24.758450 -174.582889 2
11.3247 -24.533012 -174.815808 2
11.5747 -24.393162 -175.000000 2

-6.3990 -22.091917 -26.000000 2
-6.1933 -22.260069 -29.187224 2
-5.9622 -22.341918 -32.451090 2
-5.7122 -22.351786 -35.774963 2
-5.4494 -22.304210 -39.142206 2
-5.1790 -22.213931 -42.536183 2
-4.9056 -22.095868 -45.940257 2
-4.6333 -21.965111 -49.337791 2
-4.3656 -21.836897 -52.712150 2
-4.1050 -21.726595 -56.046697 2
-3.8538 -21.649690 -59.324796 2
-3.6133 -21.621766 -62.529809 2
-3.3843 -21.658485 -65.645101 2
-3.1670 -21.775576 -68.654035 2
-2.9609 -21.988812 -71.539976 2
-2.7647 -22.313996 -74.286285 2
-2.5766 -22.766943 -76.876327 2
-2.3941 -23.363460 -79.293466 2
-2.2140 -24.119334 -81.521066 2
-2.0325 -25.050307 -83.542488 2
-1.8451 -26.172001 -85.341166 2
-1.6458 -27.485849 -86.914760 2
-1.4269 -28.961661 -88.292688 2
-1.1819 -30.564799 -89.508662 2
-0.9058 -32.260464 -90.596395 2
-0.5951 -34.013738 -91.589601 2
-0.2475 -35.789623 -92.521991 2
0.1375 -37.553077 -93.427279 2
0.5592 -39.269055 -94.339177 2
1.0153 -40.902547 -95.291399 2
1.5020 -42.418820 -96.317419 2
2.0150 -43.799053 -97.432261 2
2.5504 -45.051307 -98.619679 2
3.1051 -46.186302 -99.860397 2
3.6763 -47.214807 -101.135139 2
4.2617 -48.147627 -102.424627 2
4.8596 -48.995590 -103.709586 2
5.4686 -49.769540 -104.970739 2
6.0877 -50.480318 -106.188810 2
6.7167 -51.138753 -107.344523 2
7.3554 -51.755501 -108.419006 2
8.0034 -52.335353 -109.409117 2
8.6594 -52.875533 -110.332149 2
9.3215 -53.372803 -111.206759 2
9.9881 -53.823969 -112.051605 2
10.6573 -54.225890 -112.885345 2
11.3268 -54.575475 -113.726637 2
11.9946 -54.869695 -114.594138 2
12.6584 -55.105579 -115.506507 2
13.3156 -55.280219 -116.482401 2
13.9638 -55.390885 -117.539966 2
14.6009 -55.437350 -118.685589 2
15.2255 -55.421864 -119.913895 2
15.8363 -55.346800 -121.218999 2
16.4323 -55.214545 -122.595016 2
17.0123 -55.027495 -124.036059 2
17.5753 -54.788058 -125.536243 2
18.1204 -54.498646 -127.089682 2
18.6469 -54.161678 -128.690492 2
19.1540 -53.779572 -130.332785 2
19.6410 -53.354518 -132.010620 2
20.1060 -52.885272 -133.717193 2
20.5459 -52.368012 -135.445037 2
20.9576 -51.798953 -137.186671 2
21.3375 -51.174412 -138.934611 2
21.6822 -50.490822 -140.681375 2
21.9879 -49.744729 -142.419480 2
22.2507 -48.932804 -144.141444 2
22.4665 -48.051839 -145.839783 2
22.6310 -47.098760 -147.507015 2
22.7403 -46.071436 -149.136011 2
22.7945 -44.976196 -150.723301 2
22.7964 -43.824204 -152.267571 2
22.7495 -42.626517 -153.767536 2
22.6575 -41.394008 -155.221909 2
22.5247 -40.137356 -156.629407 2
22.3556 -38.867037 -157.988743 2
22.1555 -37.593308 -159.298632 2
21.9297 -36.326201 -160.557789 2
21.6842 -35.075509 -161.764927 2
21.4249 -33.850269 -162.918895 2
21.1558 -32.655539 -164.019509 2
20.8799 -31.494565 -165.067026 2
20.6004 -30.370475 -166.061703 2
20.3206 -29.286283 -167.003796 2
20.0439 -28.244885 -167.893563 2
19.7739 -27.249057 -168.731260 2
19.5143 -26.301448 -169.517146 2
19.2688 -25.404583 -170.251476 2
19.0414 -24.560854 -170.934508 2
18.8362 -23.772519 -171.566500 2
18.6572 -23.041699 -172.147707 2
18.5088 -22.370374 -172.678388 2
18.3953 -21.760381 -173.158799 2
18.3212 -21.213411 -173.589198 2
18.2909 -20.731004 -173.969841 2
18.3093 -20.314551 -174.300986 2
18.3809 -19.965286 -174.582889 2
18.5107 -19.684285 -174.815808 2
18.7036 -19.472466 -175.000000 2

0.9261 -22.981347 -26.000000 2
1.1745 -23.075695 -29.187224 2
1.4197 -23.080146 -32.451090 2
1.6598 -23.010360 -35.774963 2
1.8941 -22.882004 -39.142206 2
2.1220 -22.710736 -42.536183 2
2.3439 -22.512186 -45.940257 2
2.5607 -22.301942 -49.337791 2
2.7741 -22.095528 -52.712150 2
2.9864 -21.908392 -56.046697 2
3.2003 -21.755883 -59.324796 2
3.4196 -21.653239 -62.529809 2
3.6484 -21.615567 -65.645101 2
3.8916 -21.657825 -68.654035 2
4.1546 -21.794809 -71.539976 2
4.4437 -22.041130 -74.286285 2
4.7656 -22.411205 -76.876327 2
5.1276 -22.919232 -79.293466 2
5.5377 -23.579179 -81.521066 2
6.0047 -24.404766 -83.542488 2
6.5377 -25.409382 -85.341166 2
7.1428 -26.592487 -86.914760 2
7.8178 -27.923031 -88.292688 2
8.5578 -29.366096 -89.508662 2
9.3566 -30.887078 -90.596395 2
10.2066 -32.451718 -91.589601 2
11.0986 -34.026148 -92.521991 2
12.0223 -35.576920 -93.427279 2
12.9657 -37.071049 -94.339177 2
13.9156 -38.476047 -95.291399 2
14.8574 -39.760151 -96.317419 2
15.7810 -40.906920 -97.432261 2
16.6854 -41.925181 -98.619679 2
17.5710 -42.826117 -99.860397 2
18.4385 -43.620809 -101.135139 2
19.2892 -44.320228 -102.424627 2
20.1249 -44.935220 -103.709586 2
20.9476 -45.476498 -104.970739 2
21.7599 -45.954627 -106.188810 2
22.5650 -46.380016 -107.344523 2
23.3661 -46.762768 -108.419006 2
24.1645 -47.107561 -109.409117 2
24.9577 -47.412227 -110.332149 2
25.7433 -47.674217 -111.206759 2
26.5184 -47.891072 -112.051605 2
27.2804 -48.060421 -112.885345 2
28.0262 -48.179987 -113.726637 2
28.7528 -48.247589 -114.594138 2
29.4571 -48.261144 -115.506507 2
30.1358 -48.218672 -116.482401 2
30.7857 -48.118388 -117.539966 2
31.4047 -47.960720 -118.685589 2
31.9922 -47.748241 -119.913895 2
32.5479 -47.483598 -121.218999 2
33.0713 -47.169427 -122.595016 2
33.5622 -46.808343 -124.036059 2
34.0204 -46.402941 -125.536243 2
34.4459 -45.955794 -127.089682 2
34.8385 -45.469450 -128.690492 2
35.1985 -44.946429 -130.332785 2
35.5259 -44.389031 -132.010620 2
35.8183 -43.796689 -133.717193 2
36.0718 -43.166737 -135.445037 2
36.2821 -42.496606 -137.186671 2
36.4447 -41.783884 -138.934611 2
36.5552 -41.026317 -140.681375 2
36.6089 -40.221817 -142.419480 2
36.6010 -39.368464 -144.141444 2
36.5267 -38.464509 -145.839783 2
36.3810 -37.508375 -147.507015 2
36.1594 -36.499307 -149.136011 2
35.8639 -35.443275 -150.723301 2
35.5010 -34.349951 -152.267571 2
35.0772 -33.228759 -153.767536 2
34.5996 -32.088812 -155.221909 2
34.0757 -30.938900 -156.629407 2
33.5131 -29.787485 -157.988743 2
32.9199 -28.642690 -159.298632 2
32.3045 -27.512293 -160.557789 2
31.6755 -26.403715 -161.764927 2
31.0416 -25.323635 -162.918895 2
30.4080 -24.275606 -164.019509 2
29.7787 -23.261745 -165.067026 2
29.1576 -22.284015 -166.061703 2
28.5488 -21.344227 -167.003796 2
27.9566 -20.444041 -167.893563 2
27.3852 -19.584964 -168.731260 2
26.8388 -18.768341 -169.517146 2
26.3220 -17.995362 -170.251476 2
25.8391 -17.267054 -170.934508 2
25.3948 -16.584280 -171.566500 2
24.9936 -15.947738 -172.147707 2
24.6403 -15.357959 -172.678388 2
24.3394 -14.815305 -173.158799 2
24.0959 -14.319965 -173.589198 2
23.9145 -13.871960 -173.969841 2
23.8000 -13.471132 -174.300986 2
23.7573 -13.117152 -174.582889 2
23.7915 -12.809512 -174.815808 2
23.9073 -12.547526 -175.000000 2

8.1559 -21.505374 -26.000000 2
8.4214 -21.516205 -29.187224 2
8.6553 -21.442801 -32.451090 2
8.8611 -21.300544 -35.774963 2
9.0426 -21.104619 -39.142206 2
9.2046 -20.869990 -42.536183 2
9.3522 -20.611389 -45.940257 2
9.4913 -20.343298 -49.337791 2
9.6283 -20.079930 -52.712150 2
9.7704 -19.835221 -56.046697 2
9.9250 -19.622806 -59.324796 2
10.1005 -19.456008 -62.529809 2
10.3056 -19.347821 -65.645101 2
10.5496 -19.310897 -68.654035 2
10.8425 -19.357528 -71.539976 2
11.1947 -19.499634 -74.286285 2
11.6172 -19.748746 -76.876327 2
12.1215 -20.115993 -79.293466 2
12.7195 -20.612087 -81.521066 2
13.4239 -21.247312 -83.542488 2
14.2476 -22.031449 -85.341166 2
15.1962 -22.962037 -86.914760 2
16.2578 -24.010363 -88.292688 2
17.4167 -25.144826 -89.508662 2
18.6561 -26.334574 -90.596395 2
19.9577 -27.549536 -91.589601 2
21.3025 -28.760459 -92.521991 2
22.6696 -29.938932 -93.427279 2
24.0376 -31.057426 -94.339177 2
25.3836 -32.089319 -95.291399 2
26.6836 -33.009084 -96.317419 2
27.9228 -33.804356 -97.432261 2
29.1031 -34.483818 -98.619679 2
30.2284 -35.057963 -99.860397 2
31.3029 -35.537047 -101.135139 2
32.3313 -35.931076 -102.424627 2
33.3187 -36.249797 -103.709586 2
34.2705 -36.502691 -104.970739 2
35.1925 -36.698959 -106.188810 2
36.0908 -36.847518 -107.344523 2
36.9719 -36.956878 -108.419006 2
37.8383 -37.031125 -109.409117 2
38.6872 -37.068917 -110.332149 2
39.5153 -37.068661 -111.206759 2
40.3193 -37.028884 -112.051605 2
41.0956 -36.948231 -112.885345 2
41.8409 -36.825472 -113.726637 2
42.5516 -36.659498 -114.594138 2
43.2239 -36.449330 -115.506507 2
43.8542 -36.194116 -116.482401 2
44.4389 -35.893204 -117.539966 2
44.9761 -35.547633 -118.685589 2
45.4661 -35.160029 -119.913895 2
45.9094 -34.733047 -121.218999 2
46.3064 -34.269297 -122.595016 2
46.6577 -33.771344 -124.036059 2
46.9639 -33.241704 -125.536243 2
47.2259 -32.682845 -127.089682 2
47.4443 -32.097182 -128.690492 2
47.6202 -31.487079 -130.332785 2
47.7542 -30.854709 -132.010620 2
47.8440 -30.200239 -133.717193 2
47.8850 -29.522435 -135.445037 2
47.8722 -28.820207 -137.186671 2
47.8008 -28.092661 -138.934611 2
47.6657 -27.339091 -140.681375 2
47.4618 -26.558989 -142.419480 2
47.1842 -25.752043 -144.141444 2
46.8274 -24.918137 -145.839783 2
46.3864 -24.057361 -147.507015 2
45.8566 -23.170410 -149.136011 2
45.2420 -22.262279 -150.723301 2
44.5515 -21.340156 -152.267571 2
43.7945 -20.410862 -153.767536 2
42.9805 -19.480808 -155.221909 2
42.1194 -18.555993 -156.629407 2
41.2211 -17.641994 -157.988743 2
40.2959 -16.743963 -159.298632 2
39.3542 -15.866624 -160.557789 2
38.4066 -15.014262 -161.764927 2
37.4633 -14.190512 -162.918895 2
36.5304 -13.397055 -164.019509 2
35.6124 -12.634661 -165.067026 2
34.7137 -11.903925 -166.061703 2
33.8387 -11.205271 -167.003796 2
32.9918 -10.538951 -167.893563 2
32.1778 -9.905046 -168.731260 2
31.4009 -9.303462 -169.517146 2
30.6659 -8.733930 -170.251476 2
29.9773 -8.196005 -170.934508 2
29.3396 -7.689068 -171.566500 2
28.7575 -7.212322 -172.147707 2
28.2356 -6.764794 -172.678388 2
27.7784 -6.345332 -173.158799 2
27.3905 -5.952607 -173.589198 2
27.0765 -5.585114 -173.969841 2
26.8410 -5.241169 -174.300986 2
26.6885 -4.918908 -174.582889 2
26.6234 -4.616292 -174.815808 2
26.6504 -4.331105 -175.000000 2

14.5462 -17.815914 -26.000000 2
14.8015 -17.742115 -29.187224 2
15.0002 -17.598410 -32.451090 2
15.1502 -17.398325 -35.774963 2
15.2604 -17.154996 -39.142206 2
15.3397 -16.881157 -42.536183 2
15.3978 -16.589122 -45.940257 2
15.4449 -16.290776 -49.337791 2
15.4915 -15.997563 -52.712150 2
15.5487 -15.720468 -56.046697 2
15.6282 -15.470010 -59.324796 2
15.7418 -15.256225 -62.529809 2
15.9021 -15.088660 -65.645101 2
16.1219 -14.976354 -68.654035 2
16.4145 -14.927833 -71.539976 2
16.7935 -14.951097 -74.286285 2
17.2731 -15.053605 -76.876327 2
17.8677 -15.242273 -79.293466 2
18.5921 -15.523453 -81.521066 2
19.4614 -15.902934 -83.542488 2
20.4910 -16.385883 -85.341166 2
21.6855 -16.968170 -86.914760 2
23.0244 -17.626378 -88.292688 2
24.4829 -18.335471 -89.508662 2
26.0353 -19.071528 -90.596395 2
27.6547 -19.811760 -91.589601 2
29.3137 -20.534539 -92.521991 2
30.9837 -21.219417 -93.427279 2
32.6355 -21.847153 -94.339177 2
34.2389 -22.399729 -95.291399 2
35.7633 -22.860488 -96.317419 2
37.1905 -23.222407 -97.432261 2
38.5253 -23.493134 -98.619679 2
39.7745 -23.681394 -99.860397 2
40.9454 -23.795559 -101.135139 2
42.0457 -23.843642 -102.424627 2
43.0832 -23.833287 -103.709586 2
44.0660 -23.771767 -104.970739 2
45.0027 -23.665974 -106.188810 2
45.9019 -23.522411 -107.344523 2
46.7723 -23.347123 -108.419006 2
47.6176 -23.143181 -109.409117 2
48.4348 -22.910210 -110.332149 2
49.2202 -22.647735 -111.206759 2
49.9702 -22.355421 -112.051605 2
50.6810 -22.033067 -112.885345 2
51.3491 -21.680617 -113.726637 2
51.9706 -21.298150 -114.594138 2
52.5418 -20.885891 -115.506507 2
53.0589 -20.444204 -116.482401 2
53.5181 -19.973636 -117.539966 2
53.9183 -19.475730 -118.685589 2
54.2603 -18.952896 -119.913895 2
54.5456 -18.407523 -121.218999 2
54.7753 -17.841926 -122.595016 2
54.9508 -17.258357 -124.036059 2
55.0736 -16.658994 -125.536243 2
55.1451 -16.045945 -127.089682 2
55.1668 -15.421245 -128.690492 2
55.1404 -14.786855 -130.332785 2
55.0673 -14.144601 -132.010620 2
54.9452 -13.495366 -133.717193 2
54.7694 -12.839473 -135.445037 2
54.5350 -12.177427 -137.186671 2
54.2368 -11.509941 -138.934611 2
53.8700 -10.837932 -140.681375 2
53.4297 -10.162521 -142.419480 2
52.9107 -9.485037 -144.141444 2
52.3083 -8.807014 -145.839783 2
51.6174 -8.130192 -147.507015 2
50.8340 -7.456650 -149.136011 2
49.9634 -6.789891 -150.723301 2
49.0165 -6.133880 -152.267571 2
48.0041 -5.492133 -153.767536 2
46.9375 -4.867700 -155.221909 2
45.8279 -4.263170 -156.629407 2
44.6864 -3.680663 -157.988743 2
43.5244 -3.121828 -159.298632 2
42.3534 -2.587848 -160.557789 2
41.1846 -2.079434 -161.764927 2
40.0290 -1.596800 -162.918895 2
38.8928 -1.139584 -164.019509 2
37.7807 -0.707128 -165.067026 2
36.6968 -0.298598 -166.061703 2
35.6455 0.087012 -167.003796 2
34.6313 0.450883 -167.893563 2
33.6584 0.794368 -168.731260 2
32.7310 1.118995 -169.517146 2
31.8535 1.426461 -170.251476 2
31.0300 1.718635 -170.934508 2
30.2646 1.997557 -171.566500 2
29.5615 2.265437 -172.147707 2
28.9247 2.524652 -172.678388 2
28.3582 2.777748 -173.158799 2
27.8659 3.027435 -173.589198 2
27.4517 3.276591 -173.969841 2
27.1194 3.528253 -174.300986 2
26.8727 3.785626 -174.582889 2
26.7151 4.052069 -174.815808 2
26.6504 4.331105 -175.000000 2

19.4394 -12.292714 -26.000000 2
19.6581 -12.141880 -29.187224 2
19.8010 -11.942665 -32.451090 2
19.8801 -11.705346 -35.774963 2
19.9075 -11.439660 -39.142206 2
19.8960 -11.154795 -42.536183 2
19.8587 -10.859384 -45.940257 2
19.8088 -10.561493 -49.337791 2
19.7602 -10.268613 -52.712150 2
19.7267 -9.987653 -56.046697 2
19.7227 -9.724930 -59.324796 2
19.7628 -9.486163 -62.529809 2
19.8618 -9.276466 -65.645101 2
20.0347 -9.100338 -68.654035 2
20.2969 -8.961659 -71.539976 2
20.6638 -8.863686 -74.286285 2
21.1512 -8.809041 -76.876327 2
21.7749 -8.799709 -79.293466 2
22.5511 -8.837035 -81.521066 2
23.4958 -8.921713 -83.542488 2
24.6253 -9.053764 -85.341166 2
25.9428 -9.227819 -86.914760 2
27.4212 -9.428160 -88.292688 2
29.0292 -9.638899 -89.508662 2
30.7347 -9.845505 -90.596395 2
32.5052 -10.034817 -91.589601 2
34.3077 -10.195058 -92.521991 2
36.1087 -10.315848 -93.427279 2
37.8742 -10.388214 -94.339177 2
39.5701 -10.404600 -95.291399 2
41.1619 -10.358927 -96.317419 2
42.6304 -10.250243 -97.432261 2
43.9822 -10.084370 -98.619679 2
45.2267 -9.867368 -99.860397 2
46.3735 -9.604863 -101.135139 2
47.4324 -9.302050 -102.424627 2
48.4132 -8.963685 -103.709586 2
49.3260 -8.594084 -104.970739 2
50.1810 -8.197117 -106.188810 2
50.9884 -7.776210 -107.344523 2
51.7585 -7.334316 -108.419006 2
52.4957 -6.873177 -109.409117 2
53.1971 -6.393421 -110.332149 2
53.8590 -5.895743 -111.206759 2
54.4778 -5.380978 -112.051605 2
55.0500 -4.850103 -112.885345 2
55.5721 -4.304238 -113.726637 2
56.0405 -3.744645 -114.594138 2
56.4517 -3.172727 -115.506507 2
56.8023 -2.590029 -116.482401 2
57.0889 -1.998240 -117.539966 2
57.3108 -1.399246 -118.685589 2
57.4697 -0.794997 -119.913895 2
57.5675 -0.187365 -121.218999 2
57.6063 0.421862 -122.595016 2
57.5880 1.030982 -124.036059 2
57.5147 1.638378 -125.536243 2
57.3884 2.242518 -127.089682 2
57.2112 2.841957 -128.690492 2
56.9852 3.435337 -130.332785 2
56.7124 4.021370 -132.010620 2
56.3911 4.598546 -133.717193 2
56.0167 5.165019 -135.445037 2
55.5846 5.718740 -137.186671 2
55.0904 6.257463 -138.934611 2
54.5297 6.778744 -140.681375 2
53.8981 7.279946 -142.419480 2
53.1914 7.758236 -144.141444 2
52.4052 8.210590 -145.839783 2
51.5356 8.633793 -147.507015 2
50.5792 9.024602 -149.136011 2
49.5423 9.381361 -150.723301 2
48.4363 9.703738 -152.267571 2
47.2729 9.991886 -153.767536 2
46.0634 10.246425 -155.221909 2
44.8194 10.468448 -156.629407 2
43.5522 10.659508 -157.988743 2
42.2731 10.821628 -159.298632 2
40.9932 10.957286 -160.557789 2
39.7236 11.069424 -161.764927 2
38.4746 11.161265 -162.918895 2
37.2521 11.235181 -164.019509 2
36.0603 11.293188 -165.067026 2
34.9028 11.337462 -166.061703 2
33.7835 11.370338 -167.003796 2
32.7063 11.394309 -167.893563 2
31.6747 11.412021 -168.731260 2
30.6922 11.426277 -169.517146 2
29.7625 11.440030 -170.251476 2
28.8888 11.456381 -170.934508 2
28.0745 11.478580 -171.566500 2
27.3227 11.510021 -172.147707 2
26.6366 11.554243 -172.678388 2
26.0191 11.614922 -173.158799 2
25.4731 11.695873 -173.589198 2
25.0014 11.801046 -173.969841 2
24.6065 11.934523 -174.300986 2
24.2909 12.100515 -174.582889 2
24.0571 12.303362 -174.815808 2
23.9073 12.547526 -175.000000 2

22.3317 -5.504260 -26.000000 2
22.4914 -5.291916 -29.187224 2
22.5639 -5.057697 -32.451090 2
22.5637 -4.807570 -35.774963 2
22.5055 -4.546872 -39.142206 2
22.4045 -4.280302 -42.536183 2
22.2755 -4.011921 -45.940257 2
22.1339 -3.745145 -49.337791 2
21.9950 -3.482744 -52.712150 2
21.8743 -3.226837 -56.046697 2
21.7873 -2.978891 -59.324796 2
21.7497 -2.739718 -62.529809 2
21.7772 -2.509472 -65.645101 2
21.8854 -2.287650 -68.654035 2
22.0902 -2.073088 -71.539976 2
22.4072 -1.863962 -74.286285 2
22.8522 -1.657787 -76.876327 2
23.4409 -1.451417 -79.293466 2
24.1889 -1.241046 -81.521066 2
25.1118 -1.022205 -83.542488 2
26.2251 -0.789768 -85.341166 2
27.5298 -0.537675 -86.914760 2
28.9956 -0.259530 -88.292688 2
30.5876 0.049777 -89.508662 2
32.2708 0.393888 -90.596395 2
34.0101 0.774982 -91.589601 2
35.7706 1.193771 -92.521991 2
37.5171 1.649501 -93.427279 2
39.2147 2.139953 -94.339177 2
40.8285 2.661445 -95.291399 2
42.3239 3.208848 -96.317419 2
43.6824 3.776949 -97.432261 2
44.9121 4.362349 -98.619679 2
46.0238 4.962278 -99.860397 2
47.0285 5.574434 -101.135139 2
47.9370 6.196974 -102.424627 2
48.7602 6.828523 -103.709586 2
49.5090 7.468164 -104.970739 2
50.1942 8.115445 -106.188810 2
50.8268 8.770374 -107.344523 2
51.4174 9.433391 -108.419006 2
51.9706 10.104264 -109.409117 2
52.4840 10.781424 -110.332149 2
52.9542 11.463081 -111.206759 2
53.3781 12.147313 -112.051605 2
53.7528 12.832068 -112.885345 2
54.0751 13.515163 -113.726637 2
54.3422 14.194285 -114.594138 2
54.5512 14.866996 -115.506507 2
54.6992 15.530730 -116.482401 2
54.7837 16.182830 -117.539966 2
54.8045 16.821258 -118.685589 2
54.7638 17.444729 -119.913895 2
54.6642 18.052077 -121.218999 2
54.5081 18.642229 -122.595016 2
54.2979 19.214206 -124.036059 2
54.0359 19.767117 -125.536243 2
53.7248 20.300165 -127.089682 2
53.3669 20.812645 -128.690492 2
52.9647 21.303940 -130.332785 2
52.5204 21.773433 -132.010620 2
52.0328 22.219143 -133.717193 2
51.4982 22.637890 -135.445037 2
50.9131 23.026295 -137.186671 2
50.2737 23.380805 -138.934611 2
49.5768 23.697704 -140.681375 2
48.8190 23.973109 -142.419480 2
47.9972 24.202976 -144.141444 2
47.1082 24.383101 -145.839783 2
46.1493 24.509128 -147.507015 2
45.1184 24.576978 -149.136011 2
44.0219 24.587016 -150.723301 2
42.8707 24.542579 -152.267571 2
41.6759 24.447468 -153.767536 2
40.4481 24.305916 -155.221909 2
39.1978 24.122579 -156.629407 2
37.9353 23.902527 -157.988743 2
36.6707 23.651245 -159.298632 2
35.4137 23.374619 -160.557789 2
34.1739 23.078937 -161.764927 2
32.9601 22.770534 -162.918895 2
31.7772 22.453541 -164.019509 2
30.6283 22.131128 -165.067026 2
29.5164 21.806590 -166.061703 2
28.4443 21.483349 -167.003796 2
27.4149 21.164951 -167.893563 2
26.4307 20.855068 -168.731260 2
25.4944 20.557486 -169.517146 2
24.6081 20.276109 -170.251476 2
23.7742 20.014954 -170.934508 2
22.9948 19.778145 -171.566500 2
22.2718 19.569913 -172.147707 2
21.6070 19.394589 -172.678388 2
21.0020 19.256606 -173.158799 2
20.4585 19.160488 -173.589198 2
19.9777 19.110853 -173.969841 2
19.5608 19.112406 -174.300986 2
19.2090 19.169934 -174.582889 2
18.9230 19.288306 -174.815808 2
18.7036 19.472466 -175.000000 2

22.9254 1.850731 -26.000000 2
23.0097 2.102729 -29.187224 2
23.0043 2.347846 -32.451090 2
22.9249 2.585036 -35.774963 2
22.7872 2.813913 -39.142206 2
22.6069 3.034750 -42.536183 2
22.3995 3.248478 -45.940257 2
22.1807 3.456680 -49.337791 2
21.9659 3.661594 -52.712150 2
21.7704 3.866108 -56.046697 2
21.6094 4.073756 -59.324796 2
21.4980 4.288718 -62.529809 2
21.4511 4.515814 -65.645101 2
21.4836 4.760499 -68.654035 2
21.6098 5.028861 -71.539976 2
21.8443 5.327614 -74.286285 2
22.2011 5.664098 -76.876327 2
22.6942 6.046265 -79.293466 2
23.3371 6.482681 -81.521066 2
24.1432 6.982515 -83.542488 2
25.1255 7.555516 -85.341166 2
26.2833 8.207810 -86.914760 2
27.5856 8.935814 -88.292688 2
28.9977 9.733329 -89.508662 2
30.4853 10.592738 -90.596395 2
32.0144 11.505013 -91.589601 2
33.5517 12.459728 -92.521991 2
35.0640 13.445072 -93.427279 2
36.5189 14.447861 -94.339177 2
37.8845 15.453554 -95.291399 2
39.1297 16.446346 -96.317419 2
40.2383 17.415391 -97.432261 2
41.2193 18.360064 -98.619679 2
42.0839 19.281172 -99.860397 2
42.8430 20.179970 -101.135139 2
43.5076 21.058162 -102.424627 2
44.0884 21.917890 -103.709586 2
44.5961 22.761735 -104.970739 2
45.0412 23.592707 -106.188810 2
45.4338 24.414248 -107.344523 2
45.7840 25.230146 -108.419006 2
46.0964 26.041702 -109.409117 2
46.3688 26.846568 -110.332149 2
46.5990 27.642043 -111.206759 2
46.7844 28.425317 -112.051605 2
46.9230 29.193472 -112.885345 2
47.0124 29.943487 -113.726637 2
47.0507 30.672239 -114.594138 2
47.0359 31.376502 -115.506507 2
46.9661 32.052956 -116.482401 2
46.8397 32.698247 -117.539966 2
46.6573 33.310399 -118.685589 2
46.4213 33.888919 -119.913895 2
46.1345 34.433471 -121.218999 2
45.7995 34.943806 -122.595016 2
45.4190 35.419767 -124.036059 2
44.9954 35.861283 -125.536243 2
44.5315 36.268375 -127.089682 2
44.0298 36.641147 -128.690492 2
43.4927 36.979790 -130.332785 2
42.9225 37.284419 -132.010620 2
42.3189 37.552788 -133.717193 2
41.6793 37.780709 -135.445037 2
41.0012 37.963819 -137.186671 2
40.2825 38.097628 -138.934611 2
39.5211 38.177528 -140.681375 2
38.7151 38.198789 -142.419480 2
37.8628 38.156573 -144.141444 2
36.9625 38.045930 -145.839783 2
36.0130 37.861808 -147.507015 2
35.0137 37.599716 -149.136011 2
33.9704 37.262001 -150.723301 2
32.8926 36.855322 -152.267571 2
31.7894 36.386743 -153.767536 2
30.6696 35.863669 -155.221909 2
29.5417 35.293842 -156.629407 2
28.4139 34.685327 -157.988743 2
27.2939 34.046507 -159.298632 2
26.1892 33.386070 -160.557789 2
25.1069 32.713003 -161.764927 2
24.0532 32.036097 -162.918895 2
23.0315 31.360823 -164.019509 2
22.0438 30.691176 -165.067026 2
21.0919 30.031229 -166.061703 2
20.1774 29.385140 -167.003796 2
19.3018 28.757147 -167.893563 2
18.4664 28.151562 -168.731260 2
17.6724 27.572772 -169.517146 2
16.9209 27.025228 -170.251476 2
16.2126 26.513446 -170.934508 2
15.5483 26.042003 -171.566500 2
14.9284 25.615529 -172.147707 2
14.3533 25.238706 -172.678388 2
13.8232 24.916262 -173.158799 2
13.3381 24.652969 -173.589198 2
12.8978 24.453636 -173.969841 2
12.5019 24.323104 -174.300986 2
12.1499 24.266246 -174.582889 2
11.8411 24.287960 -174.815808 2
11.5747 24.393162 -175.000000 2

21.1595 9.015232 -26.000000 2
21.1597 9.280947 -29.187224 2
21.0769 9.511732 -32.451090 2
20.9265 9.711571 -35.774963 2
20.7234 9.885069 -39.142206 2
20.4824 10.037444 -42.536183 2
20.2181 10.174520 -45.940257 2
19.9446 10.302719 -49.337791 2
19.6760 10.429054 -52.712150 2
19.4257 10.561125 -56.046697 2
19.2073 10.707103 -59.324796 2
19.0335 10.875729 -62.529809 2
18.9172 11.076301 -65.645101 2
18.8704 11.318663 -68.654035 2
18.9052 11.613203 -71.539976 2
19.0331 11.970835 -74.286285 2
19.2650 12.402994 -76.876327 2
19.6116 12.921622 -79.293466 2
20.0832 13.539163 -81.521066 2
20.6896 14.268545 -83.542488 2
21.4399 15.123134 -85.341166 2
22.3315 16.108489 -86.914760 2
23.3363 17.211420 -88.292688 2
24.4231 18.415059 -89.508662 2
25.5620 19.701309 -90.596395 2
26.7236 21.050867 -91.589601 2
27.8794 22.443241 -92.521991 2
29.0018 23.856780 -93.427279 2
30.0643 25.268692 -94.339177 2
31.0412 26.655074 -95.291399 2
31.9079 27.991068 -96.317419 2
32.6526 29.261317 -97.432261 2
33.2840 30.468031 -98.619679 2
33.8124 31.615510 -99.860397 2
34.2478 32.708441 -101.135139 2
34.6001 33.751894 -102.424627 2
34.8788 34.751313 -103.709586 2
35.0932 35.712506 -104.970739 2
35.2521 36.641641 -106.188810 2
35.3644 37.545235 -107.344523 2
35.4382 38.430035 -108.419006 2
35.4775 39.298743 -109.409117 2
35.4811 40.148472 -110.332149 2
35.4475 40.975889 -111.206759 2
35.3754 41.777584 -112.051605 2
35.2635 42.550076 -112.885345 2
35.1108 43.289815 -113.726637 2
34.9164 43.993187 -114.594138 2
34.6793 44.656515 -115.506507 2
34.3989 45.276064 -116.482401 2
34.0747 45.848129 -117.539966 2
33.7078 46.370996 -118.685589 2
33.3008 46.845021 -119.913895 2
32.8563 47.270727 -121.218999 2
32.3769 47.648717 -122.595016 2
31.8652 47.979673 -124.036059 2
31.3237 48.264351 -125.536243 2
30.7547 48.503585 -127.089682 2
30.1608 48.698281 -128.690492 2
29.5441 48.849416 -130.332785 2
28.9068 48.957828 -132.010620 2
28.2493 49.021232 -133.717193 2
27.5704 49.034868 -135.445037 2
26.8692 48.993836 -137.186671 2
26.1451 48.893172 -138.934611 2
25.3976 48.727848 -140.681375 2
24.6264 48.492778 -142.419480 2
23.8312 48.182825 -144.141444 2
23.0124 47.792802 -145.839783 2
22.1701 47.317482 -147.507015 2
21.3052 46.752424 -149.136011 2
20.4225 46.101715 -150.723301 2
19.5289 45.374654 -152.267571 2
18.6309 44.580836 -153.767536 2
17.7344 43.730078 -155.221909 2
16.8450 42.832412 -156.629407 2
15.9679 41.898067 -157.988743 2
15.1078 40.937461 -159.298632 2
14.2691 39.961189 -160.557789 2
13.4556 38.980013 -161.764927 2
12.6705 38.004277 -162.918895 2
11.9153 37.040226 -164.019509 2
11.1904 36.092269 -165.067026 2
10.4965 35.164840 -166.061703 2
9.8336 34.262403 -167.003796 2
9.2020 33.389452 -167.893563 2
8.6013 32.550498 -168.731260 2
8.0315 31.750072 -169.517146 2
7.4921 30.992717 -170.251476 2
6.9823 30.282986 -170.934508 2
6.5014 29.625433 -171.566500 2
6.0485 29.024613 -172.147707 2
5.6224 28.485076 -172.678388 2
5.2217 28.011360 -173.158799 2
4.8449 27.607992 -173.589198 2
4.4903 27.279476 -173.969841 2
4.1561 27.030295 -174.300986 2
3.8403 26.864904 -174.582889 2
3.5405 26.787724 -174.815808 2
3.2545 26.803140 -175.000000 2

17.2157 15.251821 -26.000000 2
17.1317 15.503903 -29.187224 2
16.9801 15.696602 -32.451090 2
16.7742 15.838522 -35.774963 2
16.5266 15.938784 -39.142206 2
16.2498 16.007013 -42.536183 2
15.9557 16.053328 -45.940257 2
15.6557 16.088328 -49.337791 2
15.3608 16.123082 -52.712150 2
15.0816 16.169116 -56.046697 2
14.8282 16.238400 -59.324796 2
14.6100 16.343333 -62.529809 2
14.4361 16.496735 -65.645101 2
14.3150 16.711830 -68.654035 2
14.2548 17.002232 -71.539976 2
14.2628 17.381932 -74.286285 2
14.3459 17.865285 -76.876327 2
14.5104 18.466995 -79.293466 2
14.7622 19.202099 -81.521066 2
15.1064 20.085955 -83.542488 2
15.5475 21.134170 -85.341166 2
16.0812 22.351168 -86.914760 2
16.6850 23.715504 -88.292688 2
17.3348 25.201379 -89.508662 2
18.0077 26.782081 -90.596395 2
18.6822 28.430016 -91.589601 2
19.3375 30.116737 -92.521991 2
19.9546 31.812979 -93.427279 2
20.5153 33.488690 -94.339177 2
21.0029 35.113064 -95.291399 2
21.4019 36.654751 -96.317419 2
21.7061 38.095459 -97.432261 2
21.9228 39.440011 -98.619679 2
22.0606 40.695754 -99.860397 2
22.1276 41.870326 -101.135139 2
22.1313 42.971641 -102.424627 2
22.0792 44.007883 -103.709586 2
21.9781 44.987492 -104.970739 2
21.8347 45.919155 -106.188810 2
21.6551 46.811798 -107.344523 2
21.4449 47.674431 -108.419006 2
21.2070 48.510877 -109.409117 2
20.9414 49.318010 -110.332149 2
20.6475 50.092205 -111.206759 2
20.3252 50.829805 -112.051605 2
19.9745 51.527123 -112.885345 2
19.5954 52.180447 -113.726637 2
19.1882 52.786044 -114.594138 2
18.7533 53.340162 -115.506507 2
18.2912 53.839036 -116.482401 2
17.8025 54.278994 -117.539966 2
17.2889 54.658760 -118.685589 2
16.7527 54.979500 -119.913895 2
16.1963 55.242544 -121.218999 2
15.6219 55.449284 -122.595016 2
15.0317 55.601170 -124.036059 2
14.4279 55.699709 -125.536243 2
13.8125 55.746462 -127.089682 2
13.1874 55.743042 -128.690492 2
12.5546 55.691113 -130.332785 2
11.9158 55.592148 -132.010620 2
11.2720 55.444063 -133.717193 2
10.6237 55.242009 -135.445037 2
9.9717 54.981060 -137.186671 2
9.3167 54.656283 -138.934611 2
8.6600 54.262752 -140.681375 2
8.0029 53.795545 -142.419480 2
7.3468 53.249757 -144.141444 2
6.6936 52.620498 -145.839783 2
6.0452 51.902904 -147.507015 2
5.4037 51.093040 -149.136011 2
4.7726 50.196313 -150.723301 2
4.1552 49.223703 -152.267571 2
3.5547 48.186351 -153.767536 2
2.9738 47.095477 -155.221909 2
2.4144 45.962366 -156.629407 2
1.8783 44.798360 -157.988743 2
1.3667 43.614840 -159.298632 2
0.8804 42.423218 -160.557789 2
0.4194 41.234923 -161.764927 2
-0.0163 40.060787 -162.918895 2
-0.4274 38.907186 -164.019509 2
-0.8147 37.778489 -165.067026 2
-1.1793 36.679035 -166.061703 2
-1.5222 35.613137 -167.003796 2
-1.8450 34.585077 -167.893563 2
-2.1490 33.599104 -168.731260 2
-2.4360 32.659428 -169.517146 2
-2.7079 31.770216 -170.251476 2
-2.9667 30.935585 -170.934508 2
-3.2146 30.159602 -171.566500 2
-3.4539 29.446277 -172.147707 2
-3.6873 28.799559 -172.678388 2
-3.9174 28.223329 -173.158799 2
-4.1470 27.721403 -173.589198 2
-4.3793 27.297518 -173.969841 2
-4.6174 26.955336 -174.300986 2
-4.8646 26.698435 -174.582889 2
-5.1245 26.530305 -174.815808 2
-5.4007 26.454348 -175.000000 2

11.5000 19.918584 -26.000000 2
11.3405 20.131088 -29.187224 2
11.1357 20.265867 -32.451090 2
10.8954 20.335260 -35.774963 2
10.6288 20.351966 -39.142206 2
10.3446 20.329026 -42.536183 2
10.0509 20.279813 -45.940257 2
9.7553 20.218012 -49.337791 2
9.4646 20.157608 -52.712150 2
9.1852 20.112867 -56.046697 2
8.9229 20.098324 -59.324796 2
8.6827 20.128765 -62.529809 2
8.4692 20.219209 -65.645101 2
8.2862 20.384897 -68.654035 2
8.1371 20.641270 -71.539976 2
8.0244 21.003957 -74.286285 2
7.9502 21.488754 -76.876327 2
7.9158 22.111612 -79.293466 2
7.9218 22.888618 -81.521066 2
7.9684 23.835975 -83.542488 2
8.0549 24.969928 -85.341166 2
8.1757 26.293305 -86.914760 2
8.3164 27.778619 -88.292688 2
8.4622 29.393794 -89.508662 2
8.6000 31.106251 -90.596395 2
8.7178 32.882945 -91.589601 2
8.8054 34.690403 -92.521991 2
8.8535 36.494760 -93.427279 2
8.8547 38.261794 -94.339177 2
8.8028 39.956968 -95.291399 2
8.6931 41.545666 -96.317419 2
8.5254 43.008546 -97.432261 2
8.3052 44.352545 -98.619679 2
8.0383 45.587302 -99.860397 2
7.7298 46.722619 -101.135139 2
7.3846 47.768441 -102.424627 2
7.0070 48.734848 -103.709586 2
6.6010 49.632045 -104.970739 2
6.1699 50.470344 -106.188810 2
5.7168 51.260158 -107.344523 2
5.2443 52.011836 -108.419006 2
4.7538 52.729927 -109.409117 2
4.2462 53.411387 -110.332149 2
3.7223 54.052675 -111.206759 2
3.1830 54.650261 -112.051605 2
2.6295 55.200632 -112.885345 2
2.0631 55.700296 -113.726637 2
1.4851 56.145785 -114.594138 2
0.8971 56.533660 -115.506507 2
0.3007 56.860513 -116.482401 2
-0.3021 57.123079 -117.539966 2
-0.9096 57.320656 -118.685589 2
-1.5197 57.455097 -119.913895 2
-2.1308 57.528404 -121.218999 2
-2.7411 57.542615 -122.595016 2
-3.3490 57.499799 -124.036059 2
-3.9529 57.402056 -125.536243 2
-4.5515 57.251515 -127.089682 2
-5.1433 57.050332 -128.690492 2
-5.7271 56.800685 -130.332785 2
-6.3017 56.504529 -132.010620 2
-6.8655 56.160196 -133.717193 2
-7.4164 55.763250 -135.445037 2
-7.9523 55.309241 -137.186671 2
-8.4707 54.793780 -138.934611 2
-8.9689 54.212547 -140.681375 2
-9.4443 53.561292 -142.419480 2
-9.8937 52.835845 -144.141444 2
-10.3141 52.032118 -145.839783 2
-10.7019 51.146109 -147.507015 2
-11.0539 50.174796 -149.136011 2
-11.3686 49.124349 -150.723301 2
-11.6462 48.006299 -152.267571 2
-11.8873 46.832185 -153.767536 2
-12.0929 45.613473 -155.221909 2
-12.2647 44.361546 -156.629407 2
-12.4045 43.087686 -157.988743 2
-12.5150 41.803069 -159.298632 2
-12.5990 40.518748 -160.557789 2
-12.6600 39.245642 -161.764927 2
-12.7014 37.993955 -162.918895 2
-12.7261 36.769541 -164.019509 2
-12.7360 35.576278 -165.067026 2
-12.7337 34.417963 -166.061703 2
-12.7214 33.298312 -167.003796 2
-12.7020 32.220960 -167.893563 2
-12.6782 31.189452 -168.731260 2
-12.6529 30.207244 -169.517146 2
-12.6292 29.277697 -170.251476 2
-12.6103 28.404073 -170.934508 2
-12.5997 27.589531 -171.566500 2
-12.6009 26.837121 -172.147707 2
-12.6174 26.149786 -172.678388 2
-12.6532 25.530353 -173.158799 2
-12.7121 24.981530 -173.589198 2
-12.7982 24.505906 -173.969841 2
-12.9156 24.105942 -174.300986 2
-13.0688 23.783973 -174.582889 2
-13.2621 23.542199 -174.815808 2
-13.5000 23.382686 -175.000000 2

4.6006 22.535185 -26.000000 2
4.3820 22.686237 -29.187224 2
4.1450 22.749224 -32.451090 2
3.8951 22.738948 -35.774963 2
3.6370 22.670378 -39.142206 2
3.3747 22.558631 -42.536183 2
3.1117 22.418956 -45.940257 2
2.8509 22.266715 -49.337791 2
2.5943 22.117369 -52.712150 2
2.3434 21.986459 -56.046697 2
2.0992 21.889586 -59.324796 2
1.8617 21.842400 -62.529809 2
1.6306 21.860578 -65.645101 2
1.4046 21.959805 -68.654035 2
1.1819 22.155762 -71.539976 2
0.9602 22.464105 -74.286285 2
0.7363 22.900448 -76.876327 2
0.5064 23.480346 -79.293466 2
0.2660 24.219277 -81.521066 2
0.0102 25.132627 -83.542488 2
-0.2668 26.235602 -85.341166 2
-0.5713 27.529149 -86.914760 2
-0.9082 28.982562 -88.292688 2
-1.2814 30.560791 -89.508662 2
-1.6930 32.228743 -90.596395 2
-2.1438 33.951328 -91.589601 2
-2.6331 35.693487 -92.521991 2
-3.1588 37.420240 -93.427279 2
-3.7172 39.096721 -94.339177 2
-4.3033 40.688216 -95.291399 2
-4.9105 42.160405 -96.317419 2
-5.5328 43.494888 -97.432261 2
-6.1672 44.699999 -98.619679 2
-6.8114 45.786681 -99.860397 2
-7.4636 46.765888 -101.135139 2
-8.1222 47.648573 -102.424627 2
-8.7864 48.445677 -103.709586 2
-9.4556 49.168115 -104.970739 2
-10.1300 49.826766 -106.188810 2
-10.8099 50.432458 -107.344523 2
-11.4961 50.995812 -108.419006 2
-12.1887 51.521637 -109.409117 2
-12.8860 52.007285 -110.332149 2
-13.5860 52.449659 -111.206759 2
-14.2868 52.845723 -112.051605 2
-14.9861 53.192499 -112.885345 2
-15.6816 53.487074 -113.726637 2
-16.3709 53.726603 -114.594138 2
-17.0515 53.908311 -115.506507 2
-17.7207 54.029500 -116.482401 2
-18.3756 54.087651 -117.539966 2
-19.0144 54.082702 -118.685589 2
-19.6357 54.017007 -119.913895 2
-20.2385 53.893032 -121.218999 2
-20.8219 53.713251 -122.595016 2
-21.3850 53.480139 -124.036059 2
-21.9269 53.196175 -125.536243 2
-22.4470 52.863836 -127.089682 2
-22.9446 52.485596 -128.690492 2
-23.4193 52.063926 -130.332785 2
-23.8706 51.601062 -132.010620 2
-24.2963 51.095922 -133.717193 2
-24.6932 50.544940 -135.445037 2
-25.0577 49.944602 -137.186671 2
-25.3862 49.291512 -138.934611 2
-25.6747 48.582401 -140.681375 2
-25.9194 47.814130 -142.419480 2
-26.1160 46.983693 -144.141444 2
-26.2602 46.088222 -145.839783 2
-26.3475 45.124993 -147.507015 2
-26.3738 44.092206 -149.136011 2
-26.3397 42.996158 -150.723301 2
-26.2489 41.847744 -152.267571 2
-26.1058 40.657716 -153.767536 2
-25.9149 39.436606 -155.221909 2
-25.6814 38.194719 -156.629407 2
-25.4106 36.942121 -157.988743 2
-25.1086 35.688629 -159.298632 2
-24.7816 34.443799 -160.557789 2
-24.4363 33.216919 -161.764927 2
-24.0792 32.016515 -162.918895 2
-23.7149 30.847313 -164.019509 2
-23.3465 29.712304 -165.067026 2
-22.9774 28.614350 -166.061703 2
-22.6113 27.556189 -167.003796 2
-22.2517 26.540432 -167.893563 2
-21.9024 25.569559 -168.731260 2
-21.5674 24.645915 -169.517146 2
-21.2505 23.771710 -170.251476 2
-20.9560 22.949013 -170.934508 2
-20.6880 22.179748 -171.566500 2
-20.4508 21.465697 -172.147707 2
-20.2489 20.808491 -172.678388 2
-20.0867 20.209610 -173.158799 2
-19.9687 19.670381 -173.589198 2
-19.8998 19.191971 -173.969841 2
-19.8845 18.775393 -174.300986 2
-19.9279 18.421495 -174.582889 2
-20.0346 18.130961 -174.815808 2
-20.2098 17.904312 -175.000000 2

-2.7723 22.832304 -26.000000 2
-3.0275 22.906358 -29.187224 2
-3.2722 22.891069 -32.451090 2
-3.5060 22.802182 -35.774963 2
-3.7292 22.655394 -39.142206 2
-3.9426 22.466342 -42.536183 2
-4.1478 22.250580 -45.940257 2
-4.3470 22.023569 -49.337791 2
-4.5431 21.800653 -52.712150 2
-4.7396 21.597047 -56.046697 2
-4.9406 21.427816 -59.324796 2
-5.1509 21.307861 -62.529809 2
-5.3759 21.251900 -65.645101 2
-5.6217 21.274453 -68.654035 2
-5.8949 21.389825 -71.539976 2
-6.2029 21.612087 -74.286285 2
-6.5535 21.955064 -76.876327 2
-6.9552 22.432315 -79.293466 2
-7.4171 23.057117 -81.521066 2
-7.9490 23.842451 -83.542488 2
-8.5611 24.800922 -85.341166 2
-9.2595 25.931496 -86.914760 2
-10.0393 27.203413 -88.292688 2
-10.8931 28.582253 -89.508662 2
-11.8117 30.034025 -90.596395 2
-12.7848 31.525198 -91.589601 2
-13.8006 33.022742 -92.521991 2
-14.8461 34.494163 -93.427279 2
-15.9066 35.907536 -94.339177 2
-16.9665 37.231543 -95.291399 2
-18.0086 38.435696 -96.317419 2
-19.0215 39.504426 -97.432261 2
-20.0049 40.446611 -98.619679 2
-20.9601 41.273368 -99.860397 2
-21.8887 41.995678 -101.135139 2
-22.7930 42.624374 -102.424627 2
-23.6754 43.170131 -103.709586 2
-24.5390 43.643453 -104.970739 2
-25.3872 44.054662 -106.188810 2
-26.2239 44.413891 -107.344523 2
-27.0532 44.730936 -108.419006 2
-27.8767 45.010374 -109.409117 2
-28.6919 45.250222 -110.332149 2
-29.4960 45.448151 -111.206759 2
-30.2861 45.601927 -112.051605 2
-31.0592 45.709416 -112.885345 2
-31.8122 45.768582 -113.726637 2
-32.5419 45.777496 -114.594138 2
-33.2450 45.734336 -115.506507 2
-33.9181 45.637387 -116.482401 2
-34.5578 45.485136 -117.539966 2
-35.1621 45.278171 -118.685589 2
-35.7306 45.019102 -119.913895 2
-36.2632 44.710606 -121.218999 2
-36.7596 44.355337 -122.595016 2
-37.2199 43.955923 -124.036059 2
-37.6440 43.514965 -125.536243 2
-38.0321 43.035034 -127.089682 2
-38.3843 42.518669 -128.690492 2
-38.7011 41.968377 -130.332785 2
-38.9825 41.386447 -132.010620 2
-39.2263 40.772492 -133.717193 2
-39.4283 40.124186 -135.445037 2
-39.5840 39.439309 -137.186671 2
-39.6887 38.715810 -138.934611 2
-39.7379 37.951809 -140.681375 2
-39.7267 37.145597 -142.419480 2
-39.6502 36.295644 -144.141444 2
-39.5034 35.400598 -145.839783 2
-39.2812 34.459292 -147.507015 2
-38.9791 33.471332 -149.136011 2
-38.5996 32.442496 -150.723301 2
-38.1499 31.381922 -152.267571 2
-37.6373 30.298467 -153.767536 2
-37.0695 29.200644 -155.221909 2
-36.4547 28.096621 -156.629407 2
-35.8013 26.994211 -157.988743 2
-35.1179 25.900861 -159.298632 2
-34.4135 24.823650 -160.557789 2
-33.6974 23.769275 -161.764927 2
-32.9786 22.743708 -162.918895 2
-32.2628 21.750060 -164.019509 2
-31.5539 20.790127 -165.067026 2
-30.8562 19.865544 -166.061703 2
-30.1738 18.977786 -167.003796 2
-29.5110 18.128174 -167.893563 2
-28.8723 17.317865 -168.731260 2
-28.2620 16.547854 -169.517146 2
-27.6846 15.818970 -170.251476 2
-27.1448 15.131876 -170.934508 2
-26.6469 14.487068 -171.566500 2
-26.1959 13.884871 -172.147707 2
-25.7962 13.325439 -172.678388 2
-25.4527 12.808751 -173.158799 2
-25.1700 12.334615 -173.589198 2
-24.9531 11.902662 -173.969841 2
-24.8068 11.512347 -174.300986 2
-24.7358 11.162946 -174.582889 2
-24.7451 10.853557 -174.815808 2
-24.8394 10.583098 -175.000000 2

-9.8599 20.779360 -26.000000 2
-10.1254 20.768793 -29.187224 2
-10.3527 20.676803 -32.451090 2
-10.5463 20.518453 -35.774963 2
-10.7115 20.308556 -39.142206 2
-10.8540 20.061656 -42.536183 2
-10.9804 19.792016 -45.940257 2
-11.0975 19.513600 -49.337791 2
-11.2129 19.240059 -52.712150 2
-11.3348 18.984714 -56.046697 2
-11.4718 18.760543 -59.324796 2
-11.6333 18.580165 -62.529809 2
-11.8290 18.455826 -65.645101 2
-12.0693 18.399384 -68.654035 2
-12.3650 18.422295 -71.539976 2
-12.7275 18.535600 -74.286285 2
-13.1687 18.749909 -76.876327 2
-13.7008 19.075390 -79.293466 2
-14.3369 19.521753 -81.521066 2
-15.0901 20.098240 -83.542488 2
-15.9742 20.813555 -85.341166 2
-16.9946 21.664790 -86.914760 2
-18.1371 22.624295 -88.292688 2
-19.3835 23.661827 -89.508662 2
-20.7146 24.747990 -90.596395 2
-22.1098 25.854270 -91.589601 2
-23.5476 26.953062 -92.521991 2
-25.0052 28.017701 -93.427279 2
-26.4588 29.022491 -94.339177 2
-27.8834 29.942735 -95.291399 2
-29.2532 30.754911 -96.317419 2
-30.5524 31.447887 -97.432261 2
-31.7835 32.030170 -98.619679 2
-32.9514 32.511907 -99.860397 2
-34.0609 32.902975 -101.135139 2
-35.1177 33.212972 -102.424627 2
-36.1276 33.451208 -103.709586 2
-37.0966 33.626696 -104.970739 2
-38.0314 33.748139 -106.188810 2
-38.9388 33.823930 -107.344523 2
-39.8258 33.862035 -108.419006 2
-40.6954 33.866323 -109.409117 2
-41.5446 33.835685 -110.332149 2
-42.3700 33.768796 -111.206759 2
-43.1681 33.664457 -112.051605 2
-43.9355 33.521594 -112.885345 2
-44.6685 33.339261 -113.726637 2
-45.3634 33.116644 -114.594138 2
-46.0167 32.853057 -115.506507 2
-46.6244 32.547949 -116.482401 2
-47.1830 32.200968 -117.539966 2
-47.6907 31.813289 -118.685589 2
-48.1479 31.387511 -119.913895 2
-48.5554 30.926246 -121.218999 2
-48.9138 30.432056 -122.595016 2
-49.2238 29.907450 -124.036059 2
-49.4865 29.354885 -125.536243 2
-49.7026 28.776760 -127.089682 2
-49.8732 28.175418 -128.690492 2
-49.9994 27.553144 -130.332785 2
-50.0821 26.912043 -132.010620 2
-50.1190 26.252467 -133.717193 2
-50.1052 25.573564 -135.445037 2
-50.0360 24.874641 -137.186671 2
-49.9063 24.155202 -138.934611 2
-49.7110 23.414946 -140.681375 2
-49.4451 22.653775 -142.419480 2
-49.1033 21.871789 -144.141444 2
-48.6807 21.069293 -145.839783 2
-48.1718 20.246795 -147.507015 2
-47.5724 19.405350 -149.136011 2
-46.8867 18.549621 -150.723301 2
-46.1242 17.686050 -152.267571 2
-45.2949 16.820683 -153.767536 2
-44.4087 15.959143 -155.221909 2
-43.4760 15.106618 -156.629407 2
-42.5070 14.267864 -157.988743 2
-41.5126 13.447192 -159.298632 2
-40.5033 12.648474 -160.557789 2
-39.4902 11.875128 -161.764927 2
-38.4836 11.129956 -162.918895 2
-37.4900 10.414136 -164.019509 2
-36.5136 9.728083 -165.067026 2
-35.5590 9.072034 -166.061703 2
-34.6306 8.446055 -167.003796 2
-33.7329 7.850036 -167.893563 2
-32.8704 7.283694 -168.731260 2
-32.0477 6.746569 -169.517146 2
-31.2693 6.238028 -170.251476 2
-30.5396 5.757259 -170.934508 2
-29.8632 5.303276 -171.566500 2
-29.2446 4.874916 -172.147707 2
-28.6884 4.470837 -172.678388 2
-28.1989 4.089524 -173.158799 2
-27.7807 3.729284 -173.589198 2
-27.4382 3.388247 -173.969841 2
-27.1757 3.064368 -174.300986 2
-26.9977 2.755426 -174.582889 2
-26.9086 2.459026 -174.815808 2
-26.9124 2.172597 -175.000000 2

-15.9327 16.587656 -26.000000 2
-16.1812 16.493556 -29.187224 2
-16.3676 16.334333 -32.451090 2
-16.5011 16.122819 -35.774963 2
-16.5913 15.871416 -39.142206 2
-16.6483 15.592082 -42.536183 2
-16.6828 15.296317 -45.940257 2
-16.7057 14.995153 -49.337791 2
-16.7285 14.699141 -52.712150 2
-16.7633 14.418339 -56.046697 2
-16.8223 14.162301 -59.324796 2
-16.9184 13.940066 -62.529809 2
-17.0646 13.760146 -65.645101 2
-17.2747 13.630519 -68.654035 2
-17.5624 13.558612 -71.539976 2
-17.9421 13.551297 -74.286285 2
-18.4284 13.614880 -76.876327 2
-19.0363 13.755091 -79.293466 2
-19.7809 13.977072 -81.521066 2
-20.6779 14.285374 -83.542488 2
-21.7431 14.683908 -85.341166 2
-22.9806 15.168189 -86.914760 2
-24.3681 15.716524 -88.292688 2
-25.8789 16.305957 -89.508662 2
-27.4855 16.914717 -90.596395 2
-29.1592 17.522238 -91.589601 2
-30.8710 18.109181 -92.521991 2
-32.5907 18.657458 -93.427279 2
-34.2876 19.150245 -94.339177 2
-35.9303 19.572008 -95.291399 2
-37.4868 19.908612 -96.317419 2
-38.9386 20.154508 -97.432261 2
-40.2908 20.316956 -98.619679 2
-41.5510 20.404089 -99.860397 2
-42.7274 20.423663 -101.135139 2
-43.8279 20.383054 -102.424627 2
-44.8612 20.289249 -103.709586 2
-45.8360 20.148840 -104.970739 2
-46.7611 19.968018 -106.188810 2
-47.6458 19.752569 -107.344523 2
-48.4993 19.507811 -108.419006 2
-49.3255 19.236509 -109.409117 2
-50.1212 18.938538 -110.332149 2
-50.8830 18.613716 -111.206759 2
-51.6070 18.262001 -112.051605 2
-52.2896 17.883491 -112.885345 2
-52.9272 17.478427 -113.726637 2
-53.5159 17.047191 -114.594138 2
-54.0520 16.590307 -115.506507 2
-54.5319 16.108445 -116.482401 2
-54.9518 15.602447 -117.539966 2
-55.3106 15.073957 -118.685589 2
-55.6095 14.525294 -119.913895 2
-55.8499 13.958737 -121.218999 2
-56.0333 13.376491 -122.595016 2
-56.1613 12.780690 -124.036059 2
-56.2355 12.173392 -125.536243 2
-56.2574 11.556577 -127.089682 2
-56.2288 10.932153 -128.690492 2
-56.1515 10.301945 -130.332785 2
-56.0269 9.667661 -132.010620 2
-55.8530 9.030352 -133.717193 2
-55.6250 8.390730 -135.445037 2
-55.3380 7.749699 -137.186671 2
-54.9871 7.108368 -138.934611 2
-54.5674 6.468050 -140.681375 2
-54.0742 5.830265 -142.419480 2
-53.5024 5.196734 -144.141444 2
-52.8473 4.569387 -145.839783 2
-52.1042 3.950354 -147.507015 2
-51.2692 3.342031 -149.136011 2
-50.3478 2.747487 -150.723301 2
-49.3511 2.169803 -152.267571 2
-48.2904 1.611595 -153.767536 2
-47.1770 1.075013 -155.221909 2
-46.0223 0.561735 -156.629407 2
-44.8377 0.072966 -157.988743 2
-43.6345 -0.390557 -159.298632 2
-42.4243 -0.828573 -160.557789 2
-41.2184 -1.241292 -161.764927 2
-40.0276 -1.629370 -162.918895 2
-38.8584 -1.993684 -164.019509 2
-37.7150 -2.335245 -165.067026 2
-36.6018 -2.655233 -166.061703 2
-35.5230 -2.955005 -167.003796 2
-34.4827 -3.236084 -167.893563 2
-33.4853 -3.500167 -168.731260 2
-32.5349 -3.749120 -169.517146 2
-31.6354 -3.984976 -170.251476 2
-30.7910 -4.209936 -170.934508 2
-30.0057 -4.426367 -171.566500 2
-29.2833 -4.636801 -172.147707 2
-28.6277 -4.843935 -172.678388 2
-28.0427 -5.050626 -173.158799 2
-27.5319 -5.259892 -173.589198 2
-27.0990 -5.474911 -173.969841 2
-26.7476 -5.699017 -174.300986 2
-26.4809 -5.935701 -174.582889 2
-26.3024 -6.188604 -174.815808 2
-26.2154 -6.461523 -175.000000 2

-20.3655 10.688633 -26.000000 2
-20.5714 10.520685 -29.187224 2
-20.6978 10.310617 -32.451090 2
-20.7575 10.067709 -35.774963 2
-20.7634 9.800677 -39.142206 2
-20.7291 9.517660 -42.536183 2
-20.6681 9.226212 -45.940257 2
-20.5944 8.933298 -49.337791 2
-20.5224 8.645283 -52.712150 2
-20.4664 8.367926 -56.046697 2
-20.4413 8.106374 -59.324796 2
-20.4621 7.865156 -62.529809 2
-20.5438 7.648175 -65.645101 2
-20.7020 7.458704 -68.654035 2
-20.9522 7.299379 -71.539976 2
-21.3100 7.172198 -74.286285 2
-21.7914 7.078511 -76.876327 2
-22.4124 7.019020 -79.293466 2
-23.1890 6.993771 -81.521066 2
-24.1375 7.002157 -83.542488 2
-25.2740 7.042889 -85.341166 2
-26.6012 7.110370 -86.914760 2
-28.0910 7.191096 -88.292688 2
-29.7107 7.271762 -89.508662 2
-31.4273 7.340460 -90.596395 2
-33.2073 7.386691 -91.589601 2
-35.0168 7.401375 -92.521991 2
-36.8217 7.376857 -93.427279 2
-38.5873 7.306920 -94.339177 2
-40.2790 7.186790 -95.291399 2
-41.8620 7.013177 -96.317419 2
-43.3169 6.786684 -97.432261 2
-44.6510 6.512577 -98.619679 2
-45.8740 6.196137 -99.860397 2
-46.9960 5.842203 -101.135139 2
-48.0270 5.455168 -102.424627 2
-48.9775 5.038976 -103.709586 2
-49.8576 4.597122 -104.970739 2
-50.6778 4.132646 -106.188810 2
-51.4488 3.648133 -107.344523 2
-52.1808 3.145705 -108.419006 2
-52.8786 2.626737 -109.409117 2
-53.5390 2.092102 -110.332149 2
-54.1587 1.542780 -111.206759 2
-54.7341 0.979890 -112.051605 2
-55.2617 0.404692 -112.885345 2
-55.7382 -0.181411 -113.726637 2
-56.1600 -0.776880 -114.594138 2
-56.5239 -1.380035 -115.506507 2
-56.8265 -1.989055 -116.482401 2
-57.0646 -2.601989 -117.539966 2
-57.2375 -3.216894 -118.685589 2
-57.3473 -3.831970 -119.913895 2
-57.3960 -4.445505 -121.218999 2
-57.3856 -5.055877 -122.595016 2
-57.3183 -5.661549 -124.036059 2
-57.1963 -6.261074 -125.536243 2
-57.0218 -6.853090 -127.089682 2
-56.7970 -7.436328 -128.690492 2
-56.5240 -8.009603 -130.332785 2
-56.2050 -8.571786 -132.010620 2
-55.8382 -9.121232 -133.717193 2
-55.4194 -9.655738 -135.445037 2
-54.9442 -10.172898 -137.186671 2
-54.4083 -10.670109 -138.934611 2
-53.8074 -11.144583 -140.681375 2
-53.1376 -11.593337 -142.419480 2
-52.3946 -12.013206 -144.141444 2
-51.5746 -12.400834 -145.839783 2
-50.6737 -12.752686 -147.507015 2
-49.6890 -13.065273 -149.136011 2
-48.6267 -13.337437 -150.723301 2
-47.4984 -13.569776 -152.267571 2
-46.3156 -13.763370 -153.767536 2
-45.0895 -13.919764 -155.221909 2
-43.8317 -14.040966 -156.629407 2
-42.5533 -14.129441 -157.988743 2
-41.2652 -14.188107 -159.298632 2
-39.9786 -14.220337 -160.557789 2
-38.7040 -14.229949 -161.764927 2
-37.4517 -14.220990 -162.918895 2
-36.2273 -14.196301 -164.019509 2
-35.0346 -14.158212 -165.067026 2
-33.8773 -14.109205 -166.061703 2
-32.7591 -14.051914 -167.003796 2
-31.6834 -13.989123 -167.893563 2
-30.6537 -13.923766 -168.731260 2
-29.6733 -13.858923 -169.517146 2
-28.7454 -13.797818 -170.251476 2
-27.8733 -13.743814 -170.934508 2
-27.0598 -13.700416 -171.566500 2
-26.3080 -13.671265 -172.147707 2
-25.6205 -13.660135 -172.678388 2
-25.0002 -13.670929 -173.158799 2
-24.4494 -13.707683 -173.589198 2
-23.9707 -13.774552 -173.969841 2
-23.5663 -13.875819 -174.300986 2
-23.2385 -14.015883 -174.582889 2
-22.9891 -14.199260 -174.815808 2
-22.8201 -14.430577 -175.000000 2

-22.7022 3.689459 -26.000000 2
-22.8443 3.464951 -29.187224 2
-22.8977 3.225659 -32.451090 2
-22.8773 2.976360 -35.774963 2
-22.7984 2.721183 -39.142206 2
-22.6762 2.463613 -42.536183 2
-22.5261 2.206480 -45.940257 2
-22.3634 1.951964 -49.337791 2
-22.2039 1.701591 -52.712150 2
-22.0630 1.456226 -56.046697 2
-21.9564 1.216082 -59.324796 2
-21.8997 0.980709 -62.529809 2
-21.9085 0.748999 -65.645101 2
-21.9986 0.519186 -68.654035 2
-22.1854 0.288843 -71.539976 2
-22.4845 0.054885 -74.286285 2
-22.9115 -0.186429 -76.876327 2
-23.4817 -0.439499 -79.293466 2
-24.2103 -0.709378 -81.521066 2
-25.1127 -1.001772 -83.542488 2
-26.2036 -1.323034 -85.341166 2
-27.4838 -1.679299 -86.914760 2
-28.9225 -2.074491 -88.292688 2
-30.4844 -2.510895 -89.508662 2
-32.1344 -2.989329 -90.596395 2
-33.8375 -3.509146 -91.589601 2
-35.5585 -4.068234 -92.521991 2
-37.2627 -4.663023 -93.427279 2
-38.9153 -5.288485 -94.339177 2
-40.4819 -5.938143 -95.291399 2
-41.9285 -6.604105 -96.317419 2
-43.2368 -7.279674 -97.432261 2
-44.4154 -7.962124 -98.619679 2
-45.4753 -8.649566 -99.860397 2
-46.4274 -9.340579 -101.135139 2
-47.2829 -10.034204 -102.424627 2
-48.0526 -10.729944 -103.709586 2
-48.7475 -11.427764 -104.970739 2
-49.3785 -12.128088 -106.188810 2
-49.9563 -12.831794 -107.344523 2
-50.4916 -13.540180 -108.419006 2
-50.9891 -14.253398 -109.409117 2
-51.4462 -14.969668 -110.332149 2
-51.8601 -15.686950 -111.206759 2
-52.2276 -16.403079 -112.051605 2
-52.5459 -17.115760 -112.885345 2
-52.8123 -17.822578 -113.726637 2
-53.0238 -18.520989 -114.594138 2
-53.1780 -19.208333 -115.506507 2
-53.2721 -19.881827 -116.482401 2
-53.3039 -20.538610 -117.539966 2
-53.2732 -21.176640 -118.685589 2
-53.1825 -21.794820 -119.913895 2
-53.0344 -22.392184 -121.218999 2
-52.8313 -22.967859 -122.595016 2
-52.5757 -23.521062 -124.036059 2
-52.2701 -24.051105 -125.536243 2
-51.9171 -24.557389 -127.089682 2
-51.5191 -25.039408 -128.690492 2
-51.0787 -25.496746 -130.332785 2
-50.5980 -25.928963 -132.010620 2
-50.0762 -26.333994 -133.717193 2
-49.5097 -26.708369 -135.445037 2
-48.8951 -27.048427 -137.186671 2
-48.2293 -27.350343 -138.934611 2
-47.5092 -27.610136 -140.681375 2
-46.7317 -27.823671 -142.419480 2
-45.8940 -27.986661 -144.141444 2
-44.9935 -28.094672 -145.839783 2
-44.0275 -28.143128 -147.507015 2
-42.9945 -28.127806 -149.136011 2
-41.9007 -28.049578 -150.723301 2
-40.7569 -27.912656 -152.267571 2
-39.5736 -27.721710 -153.767536 2
-38.3611 -27.481820 -155.221909 2
-37.1297 -27.198471 -156.629407 2
-35.8890 -26.877545 -157.988743 2
-34.6487 -26.525317 -159.298632 2
-33.4180 -26.148443 -160.557789 2
-32.2060 -25.753958 -161.764927 2
-31.0210 -25.348884 -162.918895 2
-29.8674 -24.937733 -164.019509 2
-28.7481 -24.523916 -165.067026 2
-27.6659 -24.110958 -166.061703 2
-26.6234 -23.702500 -167.003796 2
-25.6229 -23.302302 -167.893563 2
-24.6669 -22.914232 -168.731260 2
-23.7575 -22.542268 -169.517146 2
-22.8968 -22.190490 -170.251476 2
-22.0866 -21.863081 -170.934508 2
-21.3287 -21.564322 -171.566500 2
-20.6248 -21.298586 -172.147707 2
-19.9763 -21.070336 -172.678388 2
-19.3844 -20.884124 -173.158799 2
-18.8504 -20.744581 -173.589198 2
-18.3751 -20.656419 -173.969841 2
-17.9595 -20.624423 -174.300986 2
-17.6041 -20.653452 -174.582889 2
-17.3095 -20.748426 -174.815808 2
-17.0760 -20.914334 -175.000000 2

