0.0 0.0 0.226524758424985 0.07
0.0 0.3 0.0970820393249937 0.03
0.0 0.5 0.16180339887499 0.05

0.133147912281322 0.0 0.183262379212493 0.07
0.0570633909777092 0.3 0.0785410196624969 0.03
0.0951056516295154 0.5 0.130901699437495 0.05

0.215437847602268 0.0 0.07 0.07
0.0923305061152576 0.3 0.03 0.03
0.153884176858763 0.5 0.05 0.05

0.215437847602268 0.0 -0.07 0.07
0.0923305061152576 0.3 -0.03 0.03
0.153884176858763 0.5 -0.05 0.05

0.133147912281322 0.0 -0.183262379212493 0.07
0.0570633909777092 0.3 -0.0785410196624968 0.03
0.0951056516295154 0.5 -0.130901699437495 0.05

2.77412820332786e-17 0.0 -0.226524758424985 0.07
1.18891208714051e-17 0.3 -0.0970820393249937 0.03
1.98152014523418e-17 0.5 -0.16180339887499 0.05

-0.133147912281322 0.0 -0.183262379212493 0.07
-0.0570633909777092 0.3 -0.0785410196624969 0.03
-0.0951056516295154 0.5 -0.130901699437495 0.05

-0.215437847602268 0.0 -0.07 0.07
-0.0923305061152576 0.3 -0.03 0.03
-0.153884176858763 0.5 -0.05 0.05

-0.215437847602268 0.0 0.07 0.07
-0.0923305061152576 0.3 0.03 0.03
-0.153884176858763 0.5 0.05 0.05

-0.133147912281322 0.0 0.183262379212493 0.07
-0.0570633909777092 0.3 0.0785410196624968 0.03
-0.0951056516295154 0.5 0.130901699437495 0.05