9.725404 89.112065 94.217367
211.421459 219.838901 217.560359
211.474156 219.728292 217.467240
196.901087 203.657656 198.823037
81.957709 91.614653 82.670989
141.094799 116.141107 66.414243
210.884030 219.519011 218.640684
106.650418 110.733920 108.748218
17.714831 51.208104 75.103171
149.545582 155.918378 154.330063
35.048085 45.404580 56.259695
191.237768 199.199956 187.550337
208.647591 215.165775 213.614312
211.611513 220.264145 218.822697
27.814476 32.647399 29.599525
211.238395 219.521760 218.647969
116.535808 142.946841 137.221313
211.105810 219.356737 218.181706
98.680382 122.277584 136.951995
192.745852 200.153959 194.886583
206.163046 211.107104 210.397644
207.175981 212.941800 209.077037
90.879470 105.053178 103.533856
105.481629 109.656820 101.197646
166.971528 166.614690 163.298011
172.009905 174.904924 163.658287
197.981348 202.900554 197.437508
150.703068 118.235633 113.304760
143.306932 116.470945 61.404779
212.341818 219.238997 217.620313
212.207139 219.167139 217.733484
47.785175 90.313097 102.276068
211.291024 220.174264 219.016129
163.582799 93.590738 89.401996
167.403979 174.883969 171.017847
211.231995 219.879382 218.765137
90.016807 104.538143 111.922383
205.619739 214.161636 207.874778
183.654103 29.887776 29.649306
210.991385 219.735385 218.823077
12.648849 80.212365 105.171448
100.049473 143.185027 153.416262
211.645629 219.540883 218.660283
169.590618 155.268415 147.561592
76.232947 49.057038 50.448540
114.175871 125.751277 118.095302
97.974106 106.285604 114.924420
77.877561 102.045355 88.967699
180.470556 34.592968 28.762660
155.156873 92.852986 25.248218
205.022079 203.847517 187.604979
176.607346 107.190841 106.732651
157.855493 162.552005 147.893617
181.430164 182.831058 179.483234
199.767504 203.820958 199.872260
175.786667 169.112124 149.375293
78.554237 121.589117 129.995923
204.548408 205.932670 205.768080
20.803216 63.061696 80.935201
174.903503 181.318366 172.561043
165.907611 171.522325 145.301169
211.825665 219.299473 217.493625
50.086903 107.940065 135.536435
146.780031 164.286802 162.423991
211.566982 219.418639 217.586276
211.310543 218.874623 216.686559
69.376814 92.320404 96.367537
205.605049 213.494232 211.520925
136.534917 136.465248 130.873750
33.452695 102.733516 124.693823
196.209266 206.187967 195.422418
82.789727 108.824752 111.772284
170.558564 174.338431 168.095945
162.046926 156.753291 154.198485
174.764493 160.835442 151.140096
44.414487 137.829592 171.393608
156.295019 161.253479 147.830948
166.357782 170.303267 158.108653
176.602931 185.181398 182.828377
212.092129 219.497307 217.935840
211.586239 219.620013 218.754477
211.454044 220.454044 219.441176
50.060560 110.418228 127.911935
123.928411 62.680373 56.055082
169.894987 173.248455 165.138585
143.101071 103.378473 39.377522
13.973461 81.523824 105.965579
191.412738 195.250390 193.526309
181.705330 191.106219 186.090846
191.872861 195.559444 184.358371
156.218443 131.640383 129.947005
104.152254 119.380463 115.986130
212.016721 219.326986 217.555968
211.564146 220.004540 218.648852
71.419224 77.971671 83.723193
112.863109 116.812386 121.379520
148.444681 152.068219 141.018468
175.251199 177.005501 175.858953
211.841763 219.377066 217.171257
211.757917 219.951250 217.245000
