0.0000 0.000000 0.000000 0.08
-0.0123 -0.000130 0.029699 0.08
-0.0255 -0.000541 0.058223 0.08
-0.0397 -0.001261 0.085622 0.08
-0.0548 -0.002321 0.111945 0.08
-0.0707 -0.003744 0.137241 0.08
-0.0874 -0.005555 0.161561 0.08
-0.1048 -0.007777 0.184952 0.08
-0.1230 -0.010431 0.207466 0.08
-0.1417 -0.013534 0.229151 0.08
-0.1611 -0.017103 0.250057 0.08
-0.1810 -0.021154 0.270233 0.08
-0.2014 -0.025699 0.289729 0.08
-0.2222 -0.030749 0.308595 0.08
-0.2434 -0.036314 0.326879 0.08
-0.2650 -0.042402 0.344631 0.08
-0.2869 -0.049017 0.361901 0.08
-0.3090 -0.056163 0.378738 0.08
-0.3312 -0.063842 0.395192 0.08
-0.3537 -0.072054 0.411311 0.08
-0.3762 -0.080797 0.427147 0.08
-0.3988 -0.090068 0.442747 0.08
-0.4213 -0.099860 0.458162 0.08
-0.4439 -0.110166 0.473441 0.08
-0.4663 -0.120977 0.488633 0.08
-0.4885 -0.132281 0.503788 0.08
-0.5106 -0.144067 0.518955 0.08
-0.5324 -0.156318 0.534185 0.08
-0.5539 -0.169019 0.549525 0.08
-0.5751 -0.182152 0.565027 0.08
-0.5958 -0.195696 0.580739 0.08
-0.6162 -0.209629 0.596710 0.08
-0.6361 -0.223929 0.612990 0.08
-0.6555 -0.238570 0.629630 0.08
-0.6743 -0.253525 0.646677 0.08
-0.6925 -0.268765 0.664182 0.08
-0.7101 -0.284262 0.682194 0.08
-0.7269 -0.299982 0.700762 0.08
-0.7431 -0.315893 0.719937 0.08
-0.7585 -0.331959 0.739767 0.08
-0.7731 -0.348145 0.760302 0.08
-0.7869 -0.364412 0.781591 0.08
-0.7998 -0.380720 0.803684 0.08
-0.8119 -0.397030 0.826631 0.08
-0.8229 -0.413297 0.850480 0.08
-0.8331 -0.429480 0.875282 0.08
-0.8422 -0.445531 0.901085 0.08
-0.8503 -0.461406 0.927940 0.08
-0.8574 -0.477056 0.955895 0.08
-0.8634 -0.492431 0.985000 0.08
-0.8683 -0.507482 1.015304 0.08
-0.8722 -0.522170 1.046804 0.08
-0.8749 -0.536469 1.079455 0.08
-0.8766 -0.550352 1.113206 0.08
-0.8773 -0.563794 1.148009 0.08
-0.8769 -0.576771 1.183813 0.08
-0.8756 -0.589259 1.220570 0.08
-0.8733 -0.601235 1.258230 0.08
-0.8701 -0.612677 1.296743 0.08
-0.8659 -0.623561 1.336059 0.08
-0.8609 -0.633868 1.376130 0.08
-0.8550 -0.643577 1.416907 0.08
-0.8482 -0.652667 1.458338 0.08
-0.8407 -0.661119 1.500376 0.08
-0.8323 -0.668915 1.542970 0.08
-0.8232 -0.676036 1.586071 0.08
-0.8133 -0.682466 1.629630 0.08
-0.8027 -0.688187 1.673596 0.08
-0.7915 -0.693184 1.717922 0.08
-0.7795 -0.697442 1.762557 0.08
-0.7670 -0.700945 1.807451 0.08
-0.7538 -0.703680 1.852556 0.08
-0.7400 -0.705633 1.897821 0.08
-0.7257 -0.706792 1.943198 0.08
-0.7109 -0.707146 1.988636 0.08
-0.6956 -0.706682 2.034087 0.08
-0.6797 -0.705390 2.079501 0.08
-0.6635 -0.703261 2.124829 0.08
-0.6468 -0.700285 2.170020 0.08
-0.6298 -0.696453 2.215025 0.08
-0.6123 -0.691758 2.259796 0.08
-0.5946 -0.686193 2.304282 0.08
-0.5765 -0.679751 2.348435 0.08
-0.5582 -0.672427 2.392204 0.08
-0.5396 -0.664214 2.435540 0.08
-0.5208 -0.655109 2.478394 0.08
-0.5018 -0.645109 2.520716 0.08
-0.4827 -0.634208 2.562457 0.08
-0.4634 -0.622407 2.603567 0.08
-0.4440 -0.609701 2.643996 0.08
-0.4245 -0.596091 2.683696 0.08
-0.4049 -0.581575 2.722617 0.08
-0.3854 -0.566155 2.760710 0.08
-0.3658 -0.549830 2.797924 0.08
-0.3463 -0.532602 2.834211 0.08
-0.3268 -0.514473 2.869521 0.08
-0.3074 -0.495447 2.903804 0.08
-0.2881 -0.475525 2.937011 0.08
-0.2690 -0.454712 2.969093 0.08
-0.2500 -0.433013 3.000000 0.08

0.0000 0.000000 0.000000 0.08
-0.0116 -0.004014 0.029699 0.08
-0.0241 -0.008603 0.058223 0.08
-0.0373 -0.013781 0.085622 0.08
-0.0513 -0.019558 0.111945 0.08
-0.0659 -0.025945 0.137241 0.08
-0.0812 -0.032950 0.161561 0.08
-0.0970 -0.040578 0.184952 0.08
-0.1133 -0.048833 0.207466 0.08
-0.1301 -0.057718 0.229151 0.08
-0.1474 -0.067233 0.250057 0.08
-0.1650 -0.077376 0.270233 0.08
-0.1829 -0.088144 0.289729 0.08
-0.2010 -0.099531 0.308595 0.08
-0.2194 -0.111531 0.326879 0.08
-0.2379 -0.124134 0.344631 0.08
-0.2566 -0.137331 0.361901 0.08
-0.2753 -0.151108 0.378738 0.08
-0.2940 -0.165451 0.395192 0.08
-0.3127 -0.180345 0.411311 0.08
-0.3313 -0.195772 0.427147 0.08
-0.3497 -0.211713 0.442747 0.08
-0.3680 -0.228146 0.458162 0.08
-0.3861 -0.245050 0.473441 0.08
-0.4040 -0.262399 0.488633 0.08
-0.4215 -0.280169 0.503788 0.08
-0.4387 -0.298332 0.518955 0.08
-0.4555 -0.316858 0.534185 0.08
-0.4719 -0.335719 0.549525 0.08
-0.4878 -0.354880 0.565027 0.08
-0.5032 -0.374311 0.580739 0.08
-0.5181 -0.393974 0.596710 0.08
-0.5324 -0.413836 0.612990 0.08
-0.5462 -0.433857 0.629630 0.08
-0.5593 -0.453999 0.646677 0.08
-0.5717 -0.474221 0.664182 0.08
-0.5835 -0.494483 0.682194 0.08
-0.5945 -0.514742 0.700762 0.08
-0.6048 -0.534953 0.719937 0.08
-0.6144 -0.555072 0.739767 0.08
-0.6231 -0.575052 0.760302 0.08
-0.6310 -0.594847 0.781591 0.08
-0.6381 -0.614407 0.803684 0.08
-0.6443 -0.633684 0.826631 0.08
-0.6497 -0.652627 0.850480 0.08
-0.6542 -0.671185 0.875282 0.08
-0.6578 -0.689306 0.901085 0.08
-0.6605 -0.706936 0.927940 0.08
-0.6622 -0.724022 0.955895 0.08
-0.6631 -0.740509 0.985000 0.08
-0.6630 -0.756343 1.015304 0.08
-0.6619 -0.771486 1.046804 0.08
-0.6600 -0.785919 1.079455 0.08
-0.6572 -0.799624 1.113206 0.08
-0.6536 -0.812585 1.148009 0.08
-0.6492 -0.824786 1.183813 0.08
-0.6439 -0.836211 1.220570 0.08
-0.6380 -0.846845 1.258230 0.08
-0.6313 -0.856675 1.296743 0.08
-0.6239 -0.865686 1.336059 0.08
-0.6159 -0.873867 1.376130 0.08
-0.6072 -0.881206 1.416907 0.08
-0.5979 -0.887691 1.458338 0.08
-0.5881 -0.893312 1.500376 0.08
-0.5777 -0.898060 1.542970 0.08
-0.5668 -0.901925 1.586071 0.08
-0.5554 -0.904900 1.629630 0.08
-0.5435 -0.906976 1.673596 0.08
-0.5312 -0.908147 1.717922 0.08
-0.5186 -0.908407 1.762557 0.08
-0.5055 -0.907750 1.807451 0.08
-0.4922 -0.906171 1.852556 0.08
-0.4785 -0.903668 1.897821 0.08
-0.4646 -0.900235 1.943198 0.08
-0.4504 -0.895871 1.988636 0.08
-0.4360 -0.890574 2.034087 0.08
-0.4214 -0.884342 2.079501 0.08
-0.4066 -0.877175 2.124829 0.08
-0.3918 -0.869073 2.170020 0.08
-0.3768 -0.860037 2.215025 0.08
-0.3618 -0.850067 2.259796 0.08
-0.3467 -0.839167 2.304282 0.08
-0.3316 -0.827338 2.348435 0.08
-0.3165 -0.814585 2.392204 0.08
-0.3015 -0.800911 2.435540 0.08
-0.2866 -0.786321 2.478394 0.08
-0.2717 -0.770819 2.520716 0.08
-0.2570 -0.754413 2.562457 0.08
-0.2424 -0.737108 2.603567 0.08
-0.2280 -0.718912 2.643996 0.08
-0.2139 -0.699831 2.683696 0.08
-0.1999 -0.679876 2.722617 0.08
-0.1863 -0.659053 2.760710 0.08
-0.1729 -0.637374 2.797924 0.08
-0.1598 -0.614847 2.834211 0.08
-0.1471 -0.591484 2.869521 0.08
-0.1347 -0.567295 2.903804 0.08
-0.1227 -0.542293 2.937011 0.08
-0.1111 -0.516488 2.969093 0.08
-0.1000 -0.489895 3.000000 0.08

0.0000 0.000000 0.000000 0.08
-0.0097 -0.007485 0.029699 0.08
-0.0201 -0.015780 0.058223 0.08
-0.0310 -0.024882 0.085622 0.08
-0.0424 -0.034783 0.111945 0.08
-0.0543 -0.045476 0.137241 0.08
-0.0665 -0.056953 0.161561 0.08
-0.0791 -0.069202 0.184952 0.08
-0.0920 -0.082210 0.207466 0.08
-0.1052 -0.095962 0.229151 0.08
-0.1185 -0.110443 0.250057 0.08
-0.1320 -0.125634 0.270233 0.08
-0.1455 -0.141516 0.289729 0.08
-0.1592 -0.158068 0.308595 0.08
-0.1728 -0.175268 0.326879 0.08
-0.1864 -0.193090 0.344631 0.08
-0.1999 -0.211509 0.361901 0.08
-0.2132 -0.230499 0.378738 0.08
-0.2265 -0.250030 0.395192 0.08
-0.2395 -0.270073 0.411311 0.08
-0.2522 -0.290596 0.427147 0.08
-0.2647 -0.311566 0.442747 0.08
-0.2768 -0.332950 0.458162 0.08
-0.2887 -0.354711 0.473441 0.08
-0.3001 -0.376814 0.488633 0.08
-0.3111 -0.399220 0.503788 0.08
-0.3216 -0.421890 0.518955 0.08
-0.3317 -0.444785 0.534185 0.08
-0.3413 -0.467863 0.549525 0.08
-0.3503 -0.491082 0.565027 0.08
-0.3588 -0.514399 0.580739 0.08
-0.3667 -0.537769 0.596710 0.08
-0.3740 -0.561148 0.612990 0.08
-0.3807 -0.584488 0.629630 0.08
-0.3867 -0.607744 0.646677 0.08
-0.3921 -0.630867 0.664182 0.08
-0.3969 -0.653809 0.682194 0.08
-0.4009 -0.676521 0.700762 0.08
-0.4043 -0.698952 0.719937 0.08
-0.4070 -0.721053 0.739767 0.08
-0.4089 -0.742771 0.760302 0.08
-0.4102 -0.764056 0.781591 0.08
-0.4107 -0.784855 0.803684 0.08
-0.4105 -0.805116 0.826631 0.08
-0.4096 -0.824784 0.850480 0.08
-0.4080 -0.843808 0.875282 0.08
-0.4057 -0.862132 0.901085 0.08
-0.4026 -0.879703 0.927940 0.08
-0.3989 -0.896467 0.955895 0.08
-0.3944 -0.912369 0.985000 0.08
-0.3893 -0.927355 1.015304 0.08
-0.3836 -0.941394 1.046804 0.08
-0.3772 -0.954476 1.079455 0.08
-0.3702 -0.966594 1.113206 0.08
-0.3626 -0.977740 1.148009 0.08
-0.3546 -0.987909 1.183813 0.08
-0.3460 -0.997094 1.220570 0.08
-0.3370 -1.005292 1.258230 0.08
-0.3275 -1.012498 1.296743 0.08
-0.3177 -1.018708 1.336059 0.08
-0.3074 -1.023921 1.376130 0.08
-0.2969 -1.028135 1.416907 0.08
-0.2860 -1.031348 1.458338 0.08
-0.2749 -1.033559 1.500376 0.08
-0.2635 -1.034770 1.542970 0.08
-0.2520 -1.034982 1.586071 0.08
-0.2402 -1.034195 1.629630 0.08
-0.2283 -1.032412 1.673596 0.08
-0.2163 -1.029637 1.717922 0.08
-0.2042 -1.025872 1.762557 0.08
-0.1921 -1.021123 1.807451 0.08
-0.1799 -1.015394 1.852556 0.08
-0.1677 -1.008690 1.897821 0.08
-0.1556 -1.001019 1.943198 0.08
-0.1435 -0.992388 1.988636 0.08
-0.1315 -0.982802 2.034087 0.08
-0.1197 -0.972272 2.079501 0.08
-0.1079 -0.960805 2.124829 0.08
-0.0964 -0.948411 2.170020 0.08
-0.0851 -0.935099 2.215025 0.08
-0.0740 -0.920881 2.259796 0.08
-0.0631 -0.905768 2.304282 0.08
-0.0525 -0.889770 2.348435 0.08
-0.0423 -0.872901 2.392204 0.08
-0.0324 -0.855172 2.435540 0.08
-0.0228 -0.836598 2.478394 0.08
-0.0136 -0.817192 2.520716 0.08
-0.0049 -0.796968 2.562457 0.08
0.0035 -0.775941 2.603567 0.08
0.0114 -0.754127 2.643996 0.08
0.0188 -0.731540 2.683696 0.08
0.0257 -0.708198 2.722617 0.08
0.0320 -0.684117 2.760710 0.08
0.0379 -0.659315 2.797924 0.08
0.0431 -0.633808 2.834211 0.08
0.0478 -0.607615 2.869521 0.08
0.0519 -0.580754 2.903804 0.08
0.0553 -0.553244 2.937011 0.08
0.0581 -0.525104 2.969093 0.08
0.0603 -0.496354 3.000000 0.08

0.0000 0.000000 0.000000 0.08
-0.0069 -0.010186 0.029699 0.08
-0.0141 -0.021333 0.058223 0.08
-0.0215 -0.033421 0.085622 0.08
-0.0292 -0.046427 0.111945 0.08
-0.0371 -0.060327 0.137241 0.08
-0.0451 -0.075094 0.161561 0.08
-0.0532 -0.090703 0.184952 0.08
-0.0613 -0.107125 0.207466 0.08
-0.0694 -0.124329 0.229151 0.08
-0.0774 -0.142285 0.250057 0.08
-0.0854 -0.160961 0.270233 0.08
-0.0932 -0.180323 0.289729 0.08
-0.1009 -0.200336 0.308595 0.08
-0.1084 -0.220965 0.326879 0.08
-0.1156 -0.242171 0.344631 0.08
-0.1226 -0.263918 0.361901 0.08
-0.1293 -0.286166 0.378738 0.08
-0.1356 -0.308875 0.395192 0.08
-0.1416 -0.332004 0.411311 0.08
-0.1472 -0.355510 0.427147 0.08
-0.1524 -0.379351 0.442747 0.08
-0.1572 -0.403484 0.458162 0.08
-0.1615 -0.427863 0.473441 0.08
-0.1653 -0.452444 0.488633 0.08
-0.1686 -0.477180 0.503788 0.08
-0.1715 -0.502025 0.518955 0.08
-0.1738 -0.526931 0.534185 0.08
-0.1755 -0.551852 0.549525 0.08
-0.1768 -0.576738 0.565027 0.08
-0.1774 -0.601542 0.580739 0.08
-0.1775 -0.626213 0.596710 0.08
-0.1771 -0.650702 0.612990 0.08
-0.1760 -0.674960 0.629630 0.08
-0.1744 -0.698936 0.646677 0.08
-0.1722 -0.722579 0.664182 0.08
-0.1694 -0.745840 0.682194 0.08
-0.1661 -0.768667 0.700762 0.08
-0.1622 -0.791010 0.719937 0.08
-0.1577 -0.812818 0.739767 0.08
-0.1527 -0.834039 0.760302 0.08
-0.1471 -0.854624 0.781591 0.08
-0.1410 -0.874520 0.803684 0.08
-0.1344 -0.893679 0.826631 0.08
-0.1273 -0.912048 0.850480 0.08
-0.1198 -0.929579 0.875282 0.08
-0.1118 -0.946221 0.901085 0.08
-0.1033 -0.961925 0.927940 0.08
-0.0945 -0.976641 0.955895 0.08
-0.0852 -0.990321 0.985000 0.08
-0.0756 -1.002918 1.015304 0.08
-0.0657 -1.014408 1.046804 0.08
-0.0555 -1.024792 1.079455 0.08
-0.0450 -1.034075 1.113206 0.08
-0.0344 -1.042259 1.148009 0.08
-0.0235 -1.049349 1.183813 0.08
-0.0125 -1.055349 1.220570 0.08
-0.0013 -1.060267 1.258230 0.08
0.0100 -1.064107 1.296743 0.08
0.0213 -1.066878 1.336059 0.08
0.0326 -1.068586 1.376130 0.08
0.0440 -1.069241 1.416907 0.08
0.0553 -1.068851 1.458338 0.08
0.0665 -1.067425 1.500376 0.08
0.0777 -1.064975 1.542970 0.08
0.0887 -1.061510 1.586071 0.08
0.0996 -1.057043 1.629630 0.08
0.1104 -1.051585 1.673596 0.08
0.1209 -1.045149 1.717922 0.08
0.1311 -1.037747 1.762557 0.08
0.1412 -1.029394 1.807451 0.08
0.1509 -1.020104 1.852556 0.08
0.1603 -1.009892 1.897821 0.08
0.1694 -0.998772 1.943198 0.08
0.1781 -0.986760 1.988636 0.08
0.1865 -0.973873 2.034087 0.08
0.1944 -0.960128 2.079501 0.08
0.2019 -0.945541 2.124829 0.08
0.2089 -0.930131 2.170020 0.08
0.2154 -0.913915 2.215025 0.08
0.2215 -0.896912 2.259796 0.08
0.2270 -0.879140 2.304282 0.08
0.2319 -0.860620 2.348435 0.08
0.2363 -0.841371 2.392204 0.08
0.2401 -0.821413 2.435540 0.08
0.2433 -0.800767 2.478394 0.08
0.2458 -0.779453 2.520716 0.08
0.2478 -0.757493 2.562457 0.08
0.2490 -0.734909 2.603567 0.08
0.2496 -0.711721 2.643996 0.08
0.2494 -0.687954 2.683696 0.08
0.2486 -0.663628 2.722617 0.08
0.2470 -0.638767 2.760710 0.08
0.2447 -0.613394 2.797924 0.08
0.2416 -0.587533 2.834211 0.08
0.2378 -0.561206 2.869521 0.08
0.2331 -0.534437 2.903804 0.08
0.2277 -0.507252 2.937011 0.08
0.2214 -0.479673 2.969093 0.08
0.2143 -0.451725 3.000000 0.08

0.0000 0.000000 0.000000 0.08
-0.0033 -0.011838 0.029699 0.08
-0.0066 -0.024691 0.058223 0.08
-0.0098 -0.038521 0.085622 0.08
-0.0130 -0.053293 0.111945 0.08
-0.0161 -0.068968 0.137241 0.08
-0.0190 -0.085506 0.161561 0.08
-0.0217 -0.102869 0.184952 0.08
-0.0242 -0.121013 0.207466 0.08
-0.0264 -0.139899 0.229151 0.08
-0.0284 -0.159483 0.250057 0.08
-0.0300 -0.179721 0.270233 0.08
-0.0313 -0.200570 0.289729 0.08
-0.0323 -0.221984 0.308595 0.08
-0.0328 -0.243918 0.326879 0.08
-0.0330 -0.266327 0.344631 0.08
-0.0327 -0.289163 0.361901 0.08
-0.0320 -0.312379 0.378738 0.08
-0.0308 -0.335928 0.395192 0.08
-0.0292 -0.359762 0.411311 0.08
-0.0271 -0.383833 0.427147 0.08
-0.0244 -0.408091 0.442747 0.08
-0.0213 -0.432489 0.458162 0.08
-0.0177 -0.456976 0.473441 0.08
-0.0135 -0.481505 0.488633 0.08
-0.0089 -0.506025 0.503788 0.08
-0.0037 -0.530487 0.518955 0.08
0.0020 -0.554842 0.534185 0.08
0.0082 -0.579040 0.549525 0.08
0.0150 -0.603033 0.565027 0.08
0.0222 -0.626770 0.580739 0.08
0.0299 -0.650202 0.596710 0.08
0.0381 -0.673282 0.612990 0.08
0.0468 -0.695960 0.629630 0.08
0.0559 -0.718188 0.646677 0.08
0.0655 -0.739919 0.664182 0.08
0.0755 -0.761104 0.682194 0.08
0.0859 -0.781697 0.700762 0.08
0.0967 -0.801652 0.719937 0.08
0.1078 -0.820922 0.739767 0.08
0.1193 -0.839462 0.760302 0.08
0.1311 -0.857227 0.781591 0.08
0.1432 -0.874174 0.803684 0.08
0.1555 -0.890258 0.826631 0.08
0.1680 -0.905438 0.850480 0.08
0.1807 -0.919672 0.875282 0.08
0.1936 -0.932919 0.901085 0.08
0.2066 -0.945139 0.927940 0.08
0.2197 -0.956292 0.955895 0.08
0.2328 -0.966342 0.985000 0.08
0.2459 -0.975253 1.015304 0.08
0.2589 -0.983011 1.046804 0.08
0.2719 -0.989629 1.079455 0.08
0.2847 -0.995121 1.113206 0.08
0.2975 -0.999501 1.148009 0.08
0.3100 -1.002782 1.183813 0.08
0.3224 -1.004980 1.220570 0.08
0.3345 -1.006111 1.258230 0.08
0.3464 -1.006191 1.296743 0.08
0.3580 -1.005237 1.336059 0.08
0.3693 -1.003265 1.376130 0.08
0.3803 -1.000293 1.416907 0.08
0.3909 -0.996340 1.458338 0.08
0.4011 -0.991424 1.500376 0.08
0.4109 -0.985565 1.542970 0.08
0.4203 -0.978781 1.586071 0.08
0.4292 -0.971093 1.629630 0.08
0.4377 -0.962522 1.673596 0.08
0.4456 -0.953087 1.717922 0.08
0.4530 -0.942810 1.762557 0.08
0.4599 -0.931714 1.807451 0.08
0.4662 -0.919819 1.852556 0.08
0.4719 -0.907148 1.897821 0.08
0.4770 -0.893723 1.943198 0.08
0.4814 -0.879568 1.988636 0.08
0.4853 -0.864707 2.034087 0.08
0.4884 -0.849161 2.079501 0.08
0.4909 -0.832956 2.124829 0.08
0.4927 -0.816115 2.170020 0.08
0.4937 -0.798664 2.215025 0.08
0.4941 -0.780625 2.259796 0.08
0.4937 -0.762025 2.304282 0.08
0.4925 -0.742889 2.348435 0.08
0.4906 -0.723241 2.392204 0.08
0.4879 -0.703108 2.435540 0.08
0.4843 -0.682515 2.478394 0.08
0.4800 -0.661488 2.520716 0.08
0.4749 -0.640052 2.562457 0.08
0.4689 -0.618234 2.603567 0.08
0.4621 -0.596061 2.643996 0.08
0.4545 -0.573558 2.683696 0.08
0.4460 -0.550753 2.722617 0.08
0.4366 -0.527671 2.760710 0.08
0.4263 -0.504339 2.797924 0.08
0.4152 -0.480784 2.834211 0.08
0.4032 -0.457033 2.869521 0.08
0.3904 -0.433112 2.903804 0.08
0.3766 -0.409049 2.937011 0.08
0.3619 -0.384870 2.969093 0.08
0.3464 -0.360601 3.000000 0.08

0.0000 0.000000 0.000000 0.08
0.0006 -0.012272 0.029699 0.08
0.0016 -0.025506 0.058223 0.08
0.0029 -0.039656 0.085622 0.08
0.0045 -0.054674 0.111945 0.08
0.0066 -0.070510 0.137241 0.08
0.0091 -0.087118 0.161561 0.08
0.0120 -0.104446 0.184952 0.08
0.0154 -0.122447 0.207466 0.08
0.0192 -0.141070 0.229151 0.08
0.0236 -0.160265 0.250057 0.08
0.0284 -0.179982 0.270233 0.08
0.0338 -0.200172 0.289729 0.08
0.0397 -0.220783 0.308595 0.08
0.0461 -0.241766 0.326879 0.08
0.0530 -0.263070 0.344631 0.08
0.0605 -0.284644 0.361901 0.08
0.0686 -0.306439 0.378738 0.08
0.0771 -0.328405 0.395192 0.08
0.0862 -0.350491 0.411311 0.08
0.0959 -0.372648 0.427147 0.08
0.1061 -0.394827 0.442747 0.08
0.1167 -0.416979 0.458162 0.08
0.1279 -0.439055 0.473441 0.08
0.1397 -0.461006 0.488633 0.08
0.1518 -0.482787 0.503788 0.08
0.1645 -0.504348 0.518955 0.08
0.1776 -0.525645 0.534185 0.08
0.1912 -0.546630 0.549525 0.08
0.2052 -0.567258 0.565027 0.08
0.2195 -0.587486 0.580739 0.08
0.2343 -0.607268 0.596710 0.08
0.2494 -0.626563 0.612990 0.08
0.2648 -0.645327 0.629630 0.08
0.2805 -0.663519 0.646677 0.08
0.2964 -0.681100 0.664182 0.08
0.3126 -0.698030 0.682194 0.08
0.3290 -0.714269 0.700762 0.08
0.3456 -0.729782 0.719937 0.08
0.3622 -0.744530 0.739767 0.08
0.3790 -0.758481 0.760302 0.08
0.3958 -0.771598 0.781591 0.08
0.4126 -0.783850 0.803684 0.08
0.4294 -0.795206 0.826631 0.08
0.4461 -0.805634 0.850480 0.08
0.4627 -0.815106 0.875282 0.08
0.4791 -0.823594 0.901085 0.08
0.4953 -0.831072 0.927940 0.08
0.5112 -0.837515 0.955895 0.08
0.5268 -0.842901 0.985000 0.08
0.5420 -0.847208 1.015304 0.08
0.5569 -0.850436 1.046804 0.08
0.5713 -0.852607 1.079455 0.08
0.5852 -0.853743 1.113206 0.08
0.5987 -0.853867 1.148009 0.08
0.6116 -0.853002 1.183813 0.08
0.6240 -0.851172 1.220570 0.08
0.6359 -0.848400 1.258230 0.08
0.6472 -0.844711 1.296743 0.08
0.6579 -0.840129 1.336059 0.08
0.6680 -0.834680 1.376130 0.08
0.6775 -0.828388 1.416907 0.08
0.6863 -0.821279 1.458338 0.08
0.6944 -0.813379 1.500376 0.08
0.7019 -0.804713 1.542970 0.08
0.7086 -0.795309 1.586071 0.08
0.7147 -0.785191 1.629630 0.08
0.7200 -0.774388 1.673596 0.08
0.7245 -0.762926 1.717922 0.08
0.7283 -0.750833 1.762557 0.08
0.7313 -0.738134 1.807451 0.08
0.7335 -0.724859 1.852556 0.08
0.7349 -0.711033 1.897821 0.08
0.7354 -0.696686 1.943198 0.08
0.7352 -0.681845 1.988636 0.08
0.7341 -0.666538 2.034087 0.08
0.7322 -0.650792 2.079501 0.08
0.7294 -0.634637 2.124829 0.08
0.7258 -0.618099 2.170020 0.08
0.7212 -0.601208 2.215025 0.08
0.7159 -0.583991 2.259796 0.08
0.7096 -0.566477 2.304282 0.08
0.7024 -0.548695 2.348435 0.08
0.6944 -0.530671 2.392204 0.08
0.6854 -0.512434 2.435540 0.08
0.6755 -0.494014 2.478394 0.08
0.6648 -0.475437 2.520716 0.08
0.6531 -0.456732 2.562457 0.08
0.6406 -0.437927 2.603567 0.08
0.6271 -0.419050 2.643996 0.08
0.6127 -0.400128 2.683696 0.08
0.5974 -0.381190 2.722617 0.08
0.5812 -0.362262 2.760710 0.08
0.5641 -0.343373 2.797924 0.08
0.5461 -0.324550 2.834211 0.08
0.5272 -0.305819 2.869521 0.08
0.5074 -0.287209 2.903804 0.08
0.4867 -0.268744 2.937011 0.08
0.4652 -0.250453 2.969093 0.08
0.4427 -0.232362 3.000000 0.08

0.0000 0.000000 0.000000 0.08
0.0045 -0.011443 0.029699 0.08
0.0096 -0.023697 0.058223 0.08
0.0153 -0.036710 0.085622 0.08
0.0216 -0.050427 0.111945 0.08
0.0286 -0.064795 0.137241 0.08
0.0362 -0.079762 0.161561 0.08
0.0445 -0.095273 0.184952 0.08
0.0534 -0.111277 0.207466 0.08
0.0629 -0.127720 0.229151 0.08
0.0731 -0.144552 0.250057 0.08
0.0840 -0.161719 0.270233 0.08
0.0954 -0.179172 0.289729 0.08
0.1075 -0.196859 0.308595 0.08
0.1203 -0.214730 0.326879 0.08
0.1336 -0.232736 0.344631 0.08
0.1476 -0.250829 0.361901 0.08
0.1621 -0.268959 0.378738 0.08
0.1772 -0.287080 0.395192 0.08
0.1928 -0.305145 0.411311 0.08
0.2090 -0.323108 0.427147 0.08
0.2256 -0.340925 0.442747 0.08
0.2428 -0.358550 0.458162 0.08
0.2604 -0.375942 0.473441 0.08
0.2785 -0.393058 0.488633 0.08
0.2969 -0.409857 0.503788 0.08
0.3158 -0.426298 0.518955 0.08
0.3349 -0.442344 0.534185 0.08
0.3544 -0.457956 0.549525 0.08
0.3742 -0.473098 0.565027 0.08
0.3943 -0.487734 0.580739 0.08
0.4145 -0.501830 0.596710 0.08
0.4349 -0.515353 0.612990 0.08
0.4555 -0.528272 0.629630 0.08
0.4762 -0.540557 0.646677 0.08
0.4969 -0.552178 0.664182 0.08
0.5176 -0.563109 0.682194 0.08
0.5383 -0.573324 0.700762 0.08
0.5589 -0.582797 0.719937 0.08
0.5794 -0.591507 0.739767 0.08
0.5997 -0.599432 0.760302 0.08
0.6198 -0.606551 0.781591 0.08
0.6396 -0.612848 0.803684 0.08
0.6591 -0.618305 0.826631 0.08
0.6783 -0.622908 0.850480 0.08
0.6970 -0.626643 0.875282 0.08
0.7152 -0.629498 0.901085 0.08
0.7330 -0.631465 0.927940 0.08
0.7501 -0.632535 0.955895 0.08
0.7666 -0.632702 0.985000 0.08
0.7824 -0.631962 1.015304 0.08
0.7975 -0.630328 1.046804 0.08
0.8119 -0.627828 1.079455 0.08
0.8254 -0.624491 1.113206 0.08
0.8382 -0.620347 1.148009 0.08
0.8503 -0.615425 1.183813 0.08
0.8615 -0.609754 1.220570 0.08
0.8718 -0.603365 1.258230 0.08
0.8814 -0.596287 1.296743 0.08
0.8901 -0.588550 1.336059 0.08
0.8980 -0.580184 1.376130 0.08
0.9049 -0.571219 1.416907 0.08
0.9110 -0.561686 1.458338 0.08
0.9163 -0.551614 1.500376 0.08
0.9206 -0.541035 1.542970 0.08
0.9240 -0.529977 1.586071 0.08
0.9265 -0.518472 1.629630 0.08
0.9281 -0.506550 1.673596 0.08
0.9288 -0.494240 1.717922 0.08
0.9286 -0.481574 1.762557 0.08
0.9274 -0.468581 1.807451 0.08
0.9253 -0.455291 1.852556 0.08
0.9222 -0.441735 1.897821 0.08
0.9182 -0.427942 1.943198 0.08
0.9133 -0.413942 1.988636 0.08
0.9074 -0.399764 2.034087 0.08
0.9006 -0.385440 2.079501 0.08
0.8928 -0.370996 2.124829 0.08
0.8841 -0.356464 2.170020 0.08
0.8745 -0.341872 2.215025 0.08
0.8639 -0.327249 2.259796 0.08
0.8524 -0.312624 2.304282 0.08
0.8400 -0.298024 2.348435 0.08
0.8267 -0.283480 2.392204 0.08
0.8124 -0.269017 2.435540 0.08
0.7972 -0.254665 2.478394 0.08
0.7811 -0.240451 2.520716 0.08
0.7641 -0.226402 2.562457 0.08
0.7463 -0.212545 2.603567 0.08
0.7275 -0.198907 2.643996 0.08
0.7079 -0.185514 2.683696 0.08
0.6874 -0.172392 2.722617 0.08
0.6660 -0.159567 2.760710 0.08
0.6438 -0.147065 2.797924 0.08
0.6208 -0.134911 2.834211 0.08
0.5969 -0.123129 2.869521 0.08
0.5723 -0.111743 2.903804 0.08
0.5468 -0.100779 2.937011 0.08
0.5205 -0.090258 2.969093 0.08
0.4935 -0.080206 3.000000 0.08

0.0000 0.000000 0.000000 0.08
0.0079 -0.009435 0.029699 0.08
0.0166 -0.019448 0.058223 0.08
0.0261 -0.029984 0.085622 0.08
0.0365 -0.040990 0.111945 0.08
0.0476 -0.052411 0.137241 0.08
0.0596 -0.064196 0.161561 0.08
0.0723 -0.076294 0.184952 0.08
0.0858 -0.088654 0.207466 0.08
0.1001 -0.101225 0.229151 0.08
0.1151 -0.113960 0.250057 0.08
0.1308 -0.126810 0.270233 0.08
0.1473 -0.139729 0.289729 0.08
0.1643 -0.152671 0.308595 0.08
0.1821 -0.165592 0.326879 0.08
0.2004 -0.178447 0.344631 0.08
0.2194 -0.191196 0.361901 0.08
0.2389 -0.203795 0.378738 0.08
0.2589 -0.216207 0.395192 0.08
0.2795 -0.228391 0.411311 0.08
0.3005 -0.240312 0.427147 0.08
0.3220 -0.251932 0.442747 0.08
0.3438 -0.263217 0.458162 0.08
0.3660 -0.274135 0.473441 0.08
0.3886 -0.284653 0.488633 0.08
0.4114 -0.294741 0.503788 0.08
0.4345 -0.304371 0.518955 0.08
0.4578 -0.313514 0.534185 0.08
0.4812 -0.322146 0.549525 0.08
0.5048 -0.330243 0.565027 0.08
0.5284 -0.337781 0.580739 0.08
0.5521 -0.344739 0.596710 0.08
0.5758 -0.351100 0.612990 0.08
0.5993 -0.356844 0.629630 0.08
0.6228 -0.361956 0.646677 0.08
0.6461 -0.366422 0.664182 0.08
0.6693 -0.370229 0.682194 0.08
0.6921 -0.373367 0.700762 0.08
0.7147 -0.375827 0.719937 0.08
0.7369 -0.377601 0.739767 0.08
0.7586 -0.378685 0.760302 0.08
0.7800 -0.379074 0.781591 0.08
0.8008 -0.378767 0.803684 0.08
0.8210 -0.377764 0.826631 0.08
0.8406 -0.376068 0.850480 0.08
0.8596 -0.373681 0.875282 0.08
0.8778 -0.370611 0.901085 0.08
0.8952 -0.366864 0.927940 0.08
0.9118 -0.362450 0.955895 0.08
0.9275 -0.357381 0.985000 0.08
0.9423 -0.351670 1.015304 0.08
0.9561 -0.345342 1.046804 0.08
0.9689 -0.338429 1.079455 0.08
0.9807 -0.330963 1.113206 0.08
0.9915 -0.322977 1.148009 0.08
1.0014 -0.314504 1.183813 0.08
1.0102 -0.305577 1.220570 0.08
1.0180 -0.296228 1.258230 0.08
1.0249 -0.286489 1.296743 0.08
1.0307 -0.276393 1.336059 0.08
1.0355 -0.265971 1.376130 0.08
1.0393 -0.255257 1.416907 0.08
1.0420 -0.244280 1.458338 0.08
1.0438 -0.233074 1.500376 0.08
1.0445 -0.221669 1.542970 0.08
1.0443 -0.210097 1.586071 0.08
1.0430 -0.198388 1.629630 0.08
1.0408 -0.186573 1.673596 0.08
1.0375 -0.174683 1.717922 0.08
1.0333 -0.162748 1.762557 0.08
1.0280 -0.150798 1.807451 0.08
1.0218 -0.138862 1.852556 0.08
1.0146 -0.126969 1.897821 0.08
1.0065 -0.115150 1.943198 0.08
0.9974 -0.103432 1.988636 0.08
0.9873 -0.091844 2.034087 0.08
0.9763 -0.080415 2.079501 0.08
0.9644 -0.069170 2.124829 0.08
0.9515 -0.058139 2.170020 0.08
0.9378 -0.047348 2.215025 0.08
0.9231 -0.036824 2.259796 0.08
0.9076 -0.026592 2.304282 0.08
0.8912 -0.016680 2.348435 0.08
0.8739 -0.007111 2.392204 0.08
0.8558 0.002089 2.435540 0.08
0.8368 0.010895 2.478394 0.08
0.8171 0.019284 2.520716 0.08
0.7965 0.027231 2.562457 0.08
0.7752 0.034714 2.603567 0.08
0.7531 0.041709 2.643996 0.08
0.7302 0.048195 2.683696 0.08
0.7066 0.054149 2.722617 0.08
0.6823 0.059551 2.760710 0.08
0.6573 0.064380 2.797924 0.08
0.6316 0.068614 2.834211 0.08
0.6052 0.072235 2.869521 0.08
0.5782 0.075223 2.903804 0.08
0.5506 0.077560 2.937011 0.08
0.5223 0.079227 2.969093 0.08
0.4935 0.080206 3.000000 0.08

0.0000 0.000000 0.000000 0.08
0.0105 -0.006457 0.029699 0.08
0.0219 -0.013198 0.058223 0.08
0.0343 -0.020173 0.085622 0.08
0.0476 -0.027334 0.111945 0.08
0.0618 -0.034632 0.137241 0.08
0.0768 -0.042024 0.161561 0.08
0.0928 -0.049462 0.184952 0.08
0.1095 -0.056906 0.207466 0.08
0.1270 -0.064311 0.229151 0.08
0.1453 -0.071639 0.250057 0.08
0.1643 -0.078849 0.270233 0.08
0.1839 -0.085905 0.289729 0.08
0.2042 -0.092770 0.308595 0.08
0.2251 -0.099410 0.326879 0.08
0.2466 -0.105792 0.344631 0.08
0.2686 -0.111884 0.361901 0.08
0.2911 -0.117656 0.378738 0.08
0.3141 -0.123080 0.395192 0.08
0.3374 -0.128130 0.411311 0.08
0.3611 -0.132780 0.427147 0.08
0.3852 -0.137008 0.442747 0.08
0.4095 -0.140792 0.458162 0.08
0.4340 -0.144112 0.473441 0.08
0.4587 -0.146950 0.488633 0.08
0.4836 -0.149289 0.503788 0.08
0.5085 -0.151115 0.518955 0.08
0.5335 -0.152415 0.534185 0.08
0.5585 -0.153179 0.549525 0.08
0.5834 -0.153397 0.565027 0.08
0.6082 -0.153061 0.580739 0.08
0.6329 -0.152166 0.596710 0.08
0.6573 -0.150709 0.612990 0.08
0.6815 -0.148687 0.629630 0.08
0.7054 -0.146100 0.646677 0.08
0.7289 -0.142951 0.664182 0.08
0.7521 -0.139243 0.682194 0.08
0.7747 -0.134982 0.700762 0.08
0.7969 -0.130174 0.719937 0.08
0.8185 -0.124830 0.739767 0.08
0.8395 -0.118961 0.760302 0.08
0.8599 -0.112579 0.781591 0.08
0.8795 -0.105700 0.803684 0.08
0.8984 -0.098341 0.826631 0.08
0.9164 -0.090520 0.850480 0.08
0.9336 -0.082258 0.875282 0.08
0.9500 -0.073577 0.901085 0.08
0.9653 -0.064502 0.927940 0.08
0.9797 -0.055059 0.955895 0.08
0.9929 -0.045276 0.985000 0.08
1.0051 -0.035182 1.015304 0.08
1.0162 -0.024811 1.046804 0.08
1.0262 -0.014196 1.079455 0.08
1.0350 -0.003369 1.113206 0.08
1.0428 0.007637 1.148009 0.08
1.0494 0.018788 1.183813 0.08
1.0550 0.030053 1.220570 0.08
1.0595 0.041400 1.258230 0.08
1.0628 0.052797 1.296743 0.08
1.0652 0.064213 1.336059 0.08
1.0664 0.075617 1.376130 0.08
1.0666 0.086979 1.416907 0.08
1.0658 0.098268 1.458338 0.08
1.0639 0.109456 1.500376 0.08
1.0610 0.120512 1.542970 0.08
1.0571 0.131408 1.586071 0.08
1.0522 0.142116 1.629630 0.08
1.0463 0.152607 1.673596 0.08
1.0394 0.162853 1.717922 0.08
1.0316 0.172829 1.762557 0.08
1.0229 0.182507 1.807451 0.08
1.0132 0.191860 1.852556 0.08
1.0026 0.200864 1.897821 0.08
0.9911 0.209494 1.943198 0.08
0.9788 0.217723 1.988636 0.08
0.9656 0.225529 2.034087 0.08
0.9515 0.232887 2.079501 0.08
0.9366 0.239775 2.124829 0.08
0.9210 0.246170 2.170020 0.08
0.9045 0.252049 2.215025 0.08
0.8873 0.257391 2.259796 0.08
0.8693 0.262176 2.304282 0.08
0.8506 0.266382 2.348435 0.08
0.8312 0.269990 2.392204 0.08
0.8111 0.272980 2.435540 0.08
0.7903 0.275334 2.478394 0.08
0.7689 0.277034 2.520716 0.08
0.7469 0.278061 2.562457 0.08
0.7243 0.278399 2.603567 0.08
0.7011 0.278032 2.643996 0.08
0.6774 0.276943 2.683696 0.08
0.6531 0.275117 2.722617 0.08
0.6283 0.272541 2.760710 0.08
0.6030 0.269198 2.797924 0.08
0.5773 0.265077 2.834211 0.08
0.5512 0.260164 2.869521 0.08
0.5246 0.254448 2.903804 0.08
0.4977 0.247916 2.937011 0.08
0.4704 0.240557 2.969093 0.08
0.4427 0.232362 3.000000 0.08

0.0000 0.000000 0.000000 0.08
0.0120 -0.002814 0.029699 0.08
0.0249 -0.005589 0.058223 0.08
0.0389 -0.008285 0.085622 0.08
0.0538 -0.010864 0.111945 0.08
0.0696 -0.013289 0.137241 0.08
0.0862 -0.015525 0.161561 0.08
0.1037 -0.017540 0.184952 0.08
0.1219 -0.019300 0.207466 0.08
0.1408 -0.020778 0.229151 0.08
0.1605 -0.021944 0.250057 0.08
0.1808 -0.022773 0.270233 0.08
0.2017 -0.023239 0.289729 0.08
0.2231 -0.023321 0.308595 0.08
0.2450 -0.022996 0.326879 0.08
0.2674 -0.022247 0.344631 0.08
0.2902 -0.021056 0.361901 0.08
0.3134 -0.019406 0.378738 0.08
0.3369 -0.017285 0.395192 0.08
0.3606 -0.014680 0.411311 0.08
0.3846 -0.011583 0.427147 0.08
0.4087 -0.007983 0.442747 0.08
0.4330 -0.003876 0.458162 0.08
0.4573 0.000744 0.473441 0.08
0.4817 0.005879 0.488633 0.08
0.5060 0.011529 0.503788 0.08
0.5302 0.017695 0.518955 0.08
0.5543 0.024371 0.534185 0.08
0.5782 0.031555 0.549525 0.08
0.6019 0.039238 0.565027 0.08
0.6254 0.047413 0.580739 0.08
0.6485 0.056069 0.596710 0.08
0.6712 0.065194 0.612990 0.08
0.6935 0.074774 0.629630 0.08
0.7154 0.084793 0.646677 0.08
0.7367 0.095233 0.664182 0.08
0.7574 0.106075 0.682194 0.08
0.7776 0.117297 0.700762 0.08
0.7971 0.128877 0.719937 0.08
0.8159 0.140789 0.739767 0.08
0.8340 0.153007 0.760302 0.08
0.8513 0.165503 0.781591 0.08
0.8677 0.178246 0.803684 0.08
0.8833 0.191204 0.826631 0.08
0.8979 0.204345 0.850480 0.08
0.9116 0.217632 0.875282 0.08
0.9244 0.231030 0.901085 0.08
0.9361 0.244499 0.927940 0.08
0.9467 0.257999 0.955895 0.08
0.9562 0.271490 0.985000 0.08
0.9646 0.284927 1.015304 0.08
0.9718 0.298273 1.046804 0.08
0.9779 0.311498 1.079455 0.08
0.9828 0.324572 1.113206 0.08
0.9867 0.337464 1.148009 0.08
0.9895 0.350146 1.183813 0.08
0.9912 0.362589 1.220570 0.08
0.9918 0.374766 1.258230 0.08
0.9914 0.386648 1.296743 0.08
0.9900 0.398209 1.336059 0.08
0.9876 0.409422 1.376130 0.08
0.9842 0.420262 1.416907 0.08
0.9798 0.430703 1.458338 0.08
0.9745 0.440720 1.500376 0.08
0.9682 0.450289 1.542970 0.08
0.9611 0.459388 1.586071 0.08
0.9530 0.467992 1.629630 0.08
0.9441 0.476079 1.673596 0.08
0.9344 0.483628 1.717922 0.08
0.9238 0.490617 1.762557 0.08
0.9124 0.497026 1.807451 0.08
0.9003 0.502835 1.852556 0.08
0.8874 0.508024 1.897821 0.08
0.8738 0.512575 1.943198 0.08
0.8595 0.516469 1.988636 0.08
0.8445 0.519689 2.034087 0.08
0.8288 0.522219 2.079501 0.08
0.8125 0.524041 2.124829 0.08
0.7956 0.525141 2.170020 0.08
0.7781 0.525504 2.215025 0.08
0.7601 0.525114 2.259796 0.08
0.7415 0.523959 2.304282 0.08
0.7225 0.522026 2.348435 0.08
0.7029 0.519301 2.392204 0.08
0.6829 0.515775 2.435540 0.08
0.6625 0.511434 2.478394 0.08
0.6416 0.506270 2.520716 0.08
0.6204 0.500271 2.562457 0.08
0.5989 0.493430 2.603567 0.08
0.5770 0.485738 2.643996 0.08
0.5548 0.477186 2.683696 0.08
0.5323 0.467768 2.722617 0.08
0.5097 0.457478 2.760710 0.08
0.4868 0.446309 2.797924 0.08
0.4637 0.434256 2.834211 0.08
0.4404 0.421315 2.869521 0.08
0.4170 0.407482 2.903804 0.08
0.3936 0.392754 2.937011 0.08
0.3700 0.377128 2.969093 0.08
0.3464 0.360601 3.000000 0.08

0.0000 0.000000 0.000000 0.08
0.0122 0.001118 0.029699 0.08
0.0254 0.002595 0.058223 0.08
0.0395 0.004455 0.085622 0.08
0.0544 0.006724 0.111945 0.08
0.0702 0.009422 0.137241 0.08
0.0867 0.012571 0.161561 0.08
0.1039 0.016189 0.184952 0.08
0.1217 0.020291 0.207466 0.08
0.1402 0.024894 0.229151 0.08
0.1592 0.030009 0.250057 0.08
0.1787 0.035648 0.270233 0.08
0.1986 0.041819 0.289729 0.08
0.2190 0.048529 0.308595 0.08
0.2397 0.055784 0.326879 0.08
0.2607 0.063587 0.344631 0.08
0.2820 0.071940 0.361901 0.08
0.3034 0.080841 0.378738 0.08
0.3250 0.090289 0.395192 0.08
0.3467 0.100280 0.411311 0.08
0.3685 0.110807 0.427147 0.08
0.3902 0.121864 0.442747 0.08
0.4119 0.133440 0.458162 0.08
0.4335 0.145524 0.473441 0.08
0.4550 0.158102 0.488633 0.08
0.4763 0.171161 0.503788 0.08
0.4973 0.184683 0.518955 0.08
0.5181 0.198649 0.534185 0.08
0.5385 0.213040 0.549525 0.08
0.5585 0.227834 0.565027 0.08
0.5782 0.243007 0.580739 0.08
0.5973 0.258534 0.596710 0.08
0.6160 0.274387 0.612990 0.08
0.6341 0.290539 0.629630 0.08
0.6517 0.306959 0.646677 0.08
0.6686 0.323616 0.664182 0.08
0.6849 0.340475 0.682194 0.08
0.7004 0.357503 0.700762 0.08
0.7153 0.374664 0.719937 0.08
0.7293 0.391918 0.739767 0.08
0.7426 0.409227 0.760302 0.08
0.7550 0.426550 0.781591 0.08
0.7666 0.443845 0.803684 0.08
0.7773 0.461069 0.826631 0.08
0.7870 0.478177 0.850480 0.08
0.7958 0.495122 0.875282 0.08
0.8036 0.511857 0.901085 0.08
0.8105 0.528334 0.927940 0.08
0.8163 0.544502 0.955895 0.08
0.8210 0.560311 0.985000 0.08
0.8247 0.575709 1.015304 0.08
0.8273 0.590658 1.046804 0.08
0.8289 0.605131 1.079455 0.08
0.8295 0.619105 1.113206 0.08
0.8291 0.632557 1.148009 0.08
0.8277 0.645465 1.183813 0.08
0.8254 0.657806 1.220570 0.08
0.8221 0.669558 1.258230 0.08
0.8180 0.680703 1.296743 0.08
0.8130 0.691219 1.336059 0.08
0.8071 0.701087 1.376130 0.08
0.8004 0.710288 1.416907 0.08
0.7930 0.718806 1.458338 0.08
0.7848 0.726622 1.500376 0.08
0.7758 0.733720 1.542970 0.08
0.7661 0.740084 1.586071 0.08
0.7558 0.745699 1.629630 0.08
0.7448 0.750550 1.673596 0.08
0.7331 0.754624 1.717922 0.08
0.7209 0.757908 1.762557 0.08
0.7081 0.760388 1.807451 0.08
0.6947 0.762054 1.852556 0.08
0.6809 0.762894 1.897821 0.08
0.6665 0.762898 1.943198 0.08
0.6517 0.762056 1.988636 0.08
0.6364 0.760359 2.034087 0.08
0.6208 0.757800 2.079501 0.08
0.6048 0.754369 2.124829 0.08
0.5884 0.750061 2.170020 0.08
0.5717 0.744870 2.215025 0.08
0.5547 0.738788 2.259796 0.08
0.5374 0.731813 2.304282 0.08
0.5200 0.723939 2.348435 0.08
0.5023 0.715163 2.392204 0.08
0.4844 0.705482 2.435540 0.08
0.4664 0.694893 2.478394 0.08
0.4483 0.683396 2.520716 0.08
0.4301 0.670990 2.562457 0.08
0.4118 0.657674 2.603567 0.08
0.3935 0.643448 2.643996 0.08
0.3751 0.628314 2.683696 0.08
0.3568 0.612273 2.722617 0.08
0.3386 0.595329 2.760710 0.08
0.3204 0.577483 2.797924 0.08
0.3023 0.558739 2.834211 0.08
0.2843 0.539102 2.869521 0.08
0.2665 0.518576 2.903804 0.08
0.2489 0.497167 2.937011 0.08
0.2315 0.474881 2.969093 0.08
0.2143 0.451725 3.000000 0.08

0.0000 0.000000 0.000000 0.08
0.0113 0.004936 0.029699 0.08
0.0233 0.010512 0.058223 0.08
0.0361 0.016737 0.085622 0.08
0.0495 0.023619 0.111945 0.08
0.0636 0.031163 0.137241 0.08
0.0782 0.039373 0.161561 0.08
0.0934 0.048250 0.184952 0.08
0.1090 0.057795 0.207466 0.08
0.1251 0.068004 0.229151 0.08
0.1415 0.078874 0.250057 0.08
0.1582 0.090399 0.270233 0.08
0.1752 0.102573 0.289729 0.08
0.1924 0.115384 0.308595 0.08
0.2097 0.128823 0.326879 0.08
0.2272 0.142877 0.344631 0.08
0.2447 0.157530 0.361901 0.08
0.2622 0.172767 0.378738 0.08
0.2797 0.188570 0.395192 0.08
0.2971 0.204919 0.411311 0.08
0.3144 0.221792 0.427147 0.08
0.3316 0.239168 0.442747 0.08
0.3485 0.257021 0.458162 0.08
0.3652 0.275325 0.473441 0.08
0.3815 0.294053 0.488633 0.08
0.3976 0.313175 0.503788 0.08
0.4132 0.332662 0.518955 0.08
0.4285 0.352481 0.534185 0.08
0.4433 0.372599 0.549525 0.08
0.4576 0.392980 0.565027 0.08
0.4715 0.413589 0.580739 0.08
0.4847 0.434388 0.596710 0.08
0.4974 0.455338 0.612990 0.08
0.5095 0.476399 0.629630 0.08
0.5209 0.497531 0.646677 0.08
0.5317 0.518689 0.664182 0.08
0.5418 0.539831 0.682194 0.08
0.5512 0.560913 0.700762 0.08
0.5598 0.581887 0.719937 0.08
0.5677 0.602707 0.739767 0.08
0.5748 0.623326 0.760302 0.08
0.5811 0.643694 0.781591 0.08
0.5866 0.663761 0.803684 0.08
0.5913 0.683478 0.826631 0.08
0.5951 0.702791 0.850480 0.08
0.5981 0.721650 0.875282 0.08
0.6002 0.740001 0.901085 0.08
0.6014 0.757789 0.927940 0.08
0.6018 0.774961 0.955895 0.08
0.6013 0.791462 0.985000 0.08
0.5999 0.807236 1.015304 0.08
0.5977 0.822247 1.046804 0.08
0.5946 0.836479 1.079455 0.08
0.5907 0.849916 1.113206 0.08
0.5861 0.862543 1.148009 0.08
0.5807 0.874348 1.183813 0.08
0.5746 0.885316 1.220570 0.08
0.5678 0.895435 1.258230 0.08
0.5603 0.904695 1.296743 0.08
0.5522 0.913083 1.336059 0.08
0.5436 0.920590 1.376130 0.08
0.5343 0.927207 1.416907 0.08
0.5245 0.932925 1.458338 0.08
0.5143 0.937735 1.500376 0.08
0.5035 0.941631 1.542970 0.08
0.4923 0.944605 1.586071 0.08
0.4807 0.946653 1.629630 0.08
0.4688 0.947769 1.673596 0.08
0.4564 0.947949 1.717922 0.08
0.4438 0.947189 1.762557 0.08
0.4309 0.945485 1.807451 0.08
0.4177 0.942837 1.852556 0.08
0.4042 0.939241 1.897821 0.08
0.3906 0.934698 1.943198 0.08
0.3768 0.929207 1.988636 0.08
0.3629 0.922768 2.034087 0.08
0.3489 0.915383 2.079501 0.08
0.3347 0.907052 2.124829 0.08
0.3206 0.897780 2.170020 0.08
0.3064 0.887568 2.215025 0.08
0.2922 0.876421 2.259796 0.08
0.2780 0.864343 2.304282 0.08
0.2640 0.851339 2.348435 0.08
0.2500 0.837414 2.392204 0.08
0.2361 0.822575 2.435540 0.08
0.2224 0.806829 2.478394 0.08
0.2088 0.790183 2.520716 0.08
0.1954 0.772645 2.562457 0.08
0.1823 0.754225 2.603567 0.08
0.1695 0.734930 2.643996 0.08
0.1569 0.714771 2.683696 0.08
0.1446 0.693759 2.722617 0.08
0.1326 0.671904 2.760710 0.08
0.1210 0.649217 2.797924 0.08
0.1098 0.625712 2.834211 0.08
0.0990 0.601400 2.869521 0.08
0.0886 0.576294 2.903804 0.08
0.0787 0.550409 2.937011 0.08
0.0692 0.523757 2.969093 0.08
0.0603 0.496354 3.000000 0.08

0.0000 0.000000 0.000000 0.08
0.0091 0.008245 0.029699 0.08
0.0188 0.017347 0.058223 0.08
0.0289 0.027296 0.085622 0.08
0.0395 0.038084 0.111945 0.08
0.0505 0.049697 0.137241 0.08
0.0617 0.062123 0.161561 0.08
0.0733 0.075346 0.184952 0.08
0.0851 0.089349 0.207466 0.08
0.0971 0.104114 0.229151 0.08
0.1092 0.119620 0.250057 0.08
0.1214 0.135846 0.270233 0.08
0.1337 0.152769 0.289729 0.08
0.1459 0.170363 0.308595 0.08
0.1581 0.188603 0.326879 0.08
0.1702 0.207461 0.344631 0.08
0.1822 0.226907 0.361901 0.08
0.1940 0.246911 0.378738 0.08
0.2056 0.267442 0.395192 0.08
0.2170 0.288466 0.411311 0.08
0.2280 0.309949 0.427147 0.08
0.2388 0.331855 0.442747 0.08
0.2492 0.354147 0.458162 0.08
0.2592 0.376788 0.473441 0.08
0.2688 0.399737 0.488633 0.08
0.2779 0.422956 0.503788 0.08
0.2866 0.446402 0.518955 0.08
0.2948 0.470033 0.534185 0.08
0.3025 0.493806 0.549525 0.08
0.3096 0.517677 0.565027 0.08
0.3162 0.541601 0.580739 0.08
0.3222 0.565532 0.596710 0.08
0.3276 0.589422 0.612990 0.08
0.3324 0.613225 0.629630 0.08
0.3366 0.636893 0.646677 0.08
0.3401 0.660376 0.664182 0.08
0.3430 0.683624 0.682194 0.08
0.3452 0.706589 0.700762 0.08
0.3467 0.729218 0.719937 0.08
0.3476 0.751462 0.739767 0.08
0.3478 0.773268 0.760302 0.08
0.3474 0.794584 0.781591 0.08
0.3462 0.815358 0.803684 0.08
0.3444 0.835538 0.826631 0.08
0.3419 0.855070 0.850480 0.08
0.3388 0.873901 0.875282 0.08
0.3350 0.891978 0.901085 0.08
0.3305 0.909247 0.927940 0.08
0.3254 0.925656 0.955895 0.08
0.3197 0.941149 0.985000 0.08
0.3134 0.955676 1.015304 0.08
0.3066 0.969205 1.046804 0.08
0.2991 0.981730 1.079455 0.08
0.2912 0.993247 1.113206 0.08
0.2828 1.003750 1.148009 0.08
0.2739 1.013236 1.183813 0.08
0.2647 1.021703 1.220570 0.08
0.2550 1.029148 1.258230 0.08
0.2450 1.035569 1.296743 0.08
0.2347 1.040967 1.336059 0.08
0.2241 1.045340 1.376130 0.08
0.2132 1.048691 1.416907 0.08
0.2021 1.051020 1.458338 0.08
0.1909 1.052329 1.500376 0.08
0.1794 1.052622 1.542970 0.08
0.1679 1.051901 1.586071 0.08
0.1562 1.050171 1.629630 0.08
0.1445 1.047437 1.673596 0.08
0.1328 1.043704 1.717922 0.08
0.1210 1.038978 1.762557 0.08
0.1093 1.033267 1.807451 0.08
0.0976 1.026576 1.852556 0.08
0.0860 1.018916 1.897821 0.08
0.0745 1.010293 1.943198 0.08
0.0632 1.000717 1.988636 0.08
0.0520 0.990199 2.034087 0.08
0.0410 0.978748 2.079501 0.08
0.0303 0.966375 2.124829 0.08
0.0198 0.953093 2.170020 0.08
0.0095 0.938912 2.215025 0.08
-0.0004 0.923847 2.259796 0.08
-0.0100 0.907909 2.304282 0.08
-0.0192 0.891113 2.348435 0.08
-0.0281 0.873473 2.392204 0.08
-0.0365 0.855004 2.435540 0.08
-0.0446 0.835721 2.478394 0.08
-0.0522 0.815639 2.520716 0.08
-0.0593 0.794775 2.562457 0.08
-0.0659 0.773145 2.603567 0.08
-0.0720 0.750768 2.643996 0.08
-0.0776 0.727659 2.683696 0.08
-0.0826 0.703838 2.722617 0.08
-0.0870 0.679322 2.760710 0.08
-0.0908 0.654130 2.797924 0.08
-0.0940 0.628282 2.834211 0.08
-0.0965 0.601798 2.869521 0.08
-0.0984 0.574696 2.903804 0.08
-0.0997 0.546998 2.937011 0.08
-0.1002 0.518724 2.969093 0.08
-0.1000 0.489895 3.000000 0.08

0.0000 0.000000 0.000000 0.08
0.0060 0.010706 0.029699 0.08
0.0123 0.022396 0.058223 0.08
0.0188 0.035046 0.085622 0.08
0.0254 0.048629 0.111945 0.08
0.0321 0.063116 0.137241 0.08
0.0389 0.078479 0.161561 0.08
0.0457 0.094687 0.184952 0.08
0.0525 0.111707 0.207466 0.08
0.0591 0.129508 0.229151 0.08
0.0657 0.148054 0.250057 0.08
0.0722 0.167311 0.270233 0.08
0.0784 0.187241 0.289729 0.08
0.0845 0.207807 0.308595 0.08
0.0903 0.228970 0.326879 0.08
0.0958 0.250691 0.344631 0.08
0.1010 0.272928 0.361901 0.08
0.1058 0.295641 0.378738 0.08
0.1103 0.318787 0.395192 0.08
0.1144 0.342322 0.411311 0.08
0.1181 0.366203 0.427147 0.08
0.1214 0.390385 0.442747 0.08
0.1242 0.414822 0.458162 0.08
0.1265 0.439469 0.473441 0.08
0.1284 0.464278 0.488633 0.08
0.1297 0.489202 0.503788 0.08
0.1305 0.514194 0.518955 0.08
0.1308 0.539206 0.534185 0.08
0.1306 0.564188 0.549525 0.08
0.1298 0.589092 0.565027 0.08
0.1284 0.613868 0.580739 0.08
0.1266 0.638467 0.596710 0.08
0.1241 0.662839 0.612990 0.08
0.1211 0.686934 0.629630 0.08
0.1176 0.710701 0.646677 0.08
0.1135 0.734091 0.664182 0.08
0.1088 0.757054 0.682194 0.08
0.1037 0.779538 0.700762 0.08
0.0980 0.801493 0.719937 0.08
0.0918 0.822871 0.739767 0.08
0.0851 0.843619 0.760302 0.08
0.0779 0.863690 0.781591 0.08
0.0702 0.883033 0.803684 0.08
0.0621 0.901598 0.826631 0.08
0.0535 0.919338 0.850480 0.08
0.0446 0.936204 0.875282 0.08
0.0353 0.952147 0.901085 0.08
0.0256 0.967119 0.927940 0.08
0.0156 0.981075 0.955895 0.08
0.0053 0.993967 0.985000 0.08
-0.0053 1.005751 1.015304 0.08
-0.0161 1.016406 1.046804 0.08
-0.0271 1.025935 1.079455 0.08
-0.0383 1.034346 1.113206 0.08
-0.0496 1.041644 1.148009 0.08
-0.0610 1.047836 1.183813 0.08
-0.0725 1.052929 1.220570 0.08
-0.0840 1.056933 1.258230 0.08
-0.0956 1.059855 1.296743 0.08
-0.1071 1.061707 1.336059 0.08
-0.1185 1.062497 1.376130 0.08
-0.1299 1.062236 1.416907 0.08
-0.1411 1.060937 1.458338 0.08
-0.1522 1.058611 1.500376 0.08
-0.1631 1.055270 1.542970 0.08
-0.1739 1.050928 1.586071 0.08
-0.1844 1.045598 1.629630 0.08
-0.1946 1.039295 1.673596 0.08
-0.2046 1.032034 1.717922 0.08
-0.2142 1.023829 1.762557 0.08
-0.2235 1.014697 1.807451 0.08
-0.2325 1.004653 1.852556 0.08
-0.2411 0.993716 1.897821 0.08
-0.2492 0.981901 1.943198 0.08
-0.2570 0.969227 1.988636 0.08
-0.2642 0.955711 2.034087 0.08
-0.2710 0.941373 2.079501 0.08
-0.2773 0.926232 2.124829 0.08
-0.2831 0.910306 2.170020 0.08
-0.2883 0.893617 2.215025 0.08
-0.2929 0.876183 2.259796 0.08
-0.2970 0.858027 2.304282 0.08
-0.3004 0.839168 2.348435 0.08
-0.3032 0.819628 2.392204 0.08
-0.3054 0.799429 2.435540 0.08
-0.3069 0.778594 2.478394 0.08
-0.3078 0.757143 2.520716 0.08
-0.3079 0.735100 2.562457 0.08
-0.3073 0.712489 2.603567 0.08
-0.3060 0.689331 2.643996 0.08
-0.3040 0.665651 2.683696 0.08
-0.3012 0.641472 2.722617 0.08
-0.2976 0.616819 2.760710 0.08
-0.2933 0.591715 2.797924 0.08
-0.2881 0.566185 2.834211 0.08
-0.2821 0.540254 2.869521 0.08
-0.2754 0.513946 2.903804 0.08
-0.2678 0.487286 2.937011 0.08
-0.2593 0.460300 2.969093 0.08
-0.2500 0.433013 3.000000 0.08

0.0000 0.000000 0.000000 0.08
0.0023 0.012065 0.029699 0.08
0.0046 0.025141 0.058223 0.08
0.0067 0.039189 0.085622 0.08
0.0087 0.054168 0.111945 0.08
0.0105 0.070038 0.137241 0.08
0.0120 0.086757 0.161561 0.08
0.0134 0.104281 0.184952 0.08
0.0144 0.122568 0.207466 0.08
0.0151 0.141572 0.229151 0.08
0.0155 0.161250 0.250057 0.08
0.0155 0.181555 0.270233 0.08
0.0151 0.202441 0.289729 0.08
0.0143 0.223862 0.308595 0.08
0.0131 0.245770 0.326879 0.08
0.0115 0.268118 0.344631 0.08
0.0094 0.290858 0.361901 0.08
0.0068 0.313942 0.378738 0.08
0.0037 0.337320 0.395192 0.08
0.0001 0.360944 0.411311 0.08
-0.0039 0.384765 0.427147 0.08
-0.0085 0.408734 0.442747 0.08
-0.0136 0.432801 0.458162 0.08
-0.0192 0.456917 0.473441 0.08
-0.0253 0.481032 0.488633 0.08
-0.0319 0.505097 0.503788 0.08
-0.0390 0.529062 0.518955 0.08
-0.0467 0.552880 0.534185 0.08
-0.0548 0.576499 0.549525 0.08
-0.0634 0.599873 0.565027 0.08
-0.0726 0.622951 0.580739 0.08
-0.0821 0.645687 0.596710 0.08
-0.0922 0.668032 0.612990 0.08
-0.1026 0.689938 0.629630 0.08
-0.1135 0.711360 0.646677 0.08
-0.1248 0.732249 0.664182 0.08
-0.1365 0.752561 0.682194 0.08
-0.1485 0.772251 0.700762 0.08
-0.1609 0.791273 0.719937 0.08
-0.1735 0.809584 0.739767 0.08
-0.1865 0.827140 0.760302 0.08
-0.1996 0.843899 0.781591 0.08
-0.2130 0.859819 0.803684 0.08
-0.2266 0.874860 0.826631 0.08
-0.2403 0.888982 0.850480 0.08
-0.2542 0.902146 0.875282 0.08
-0.2681 0.914313 0.901085 0.08
-0.2820 0.925449 0.927940 0.08
-0.2959 0.935515 0.955895 0.08
-0.3098 0.944479 0.985000 0.08
-0.3235 0.952307 1.015304 0.08
-0.3372 0.958990 1.046804 0.08
-0.3506 0.964544 1.079455 0.08
-0.3639 0.968983 1.113206 0.08
-0.3769 0.972324 1.148009 0.08
-0.3897 0.974584 1.183813 0.08
-0.4022 0.975780 1.220570 0.08
-0.4144 0.975931 1.258230 0.08
-0.4263 0.975054 1.296743 0.08
-0.4377 0.973168 1.336059 0.08
-0.4489 0.970293 1.376130 0.08
-0.4595 0.966449 1.416907 0.08
-0.4698 0.961655 1.458338 0.08
-0.4796 0.955932 1.500376 0.08
-0.4889 0.949302 1.542970 0.08
-0.4977 0.941786 1.586071 0.08
-0.5060 0.933405 1.629630 0.08
-0.5137 0.924182 1.673596 0.08
-0.5209 0.914139 1.717922 0.08
-0.5274 0.903300 1.762557 0.08
-0.5334 0.891687 1.807451 0.08
-0.5387 0.879324 1.852556 0.08
-0.5433 0.866235 1.897821 0.08
-0.5473 0.852445 1.943198 0.08
-0.5507 0.837976 1.988636 0.08
-0.5533 0.822855 2.034087 0.08
-0.5552 0.807106 2.079501 0.08
-0.5563 0.790754 2.124829 0.08
-0.5568 0.773825 2.170020 0.08
-0.5564 0.756344 2.215025 0.08
-0.5553 0.738337 2.259796 0.08
-0.5534 0.719830 2.304282 0.08
-0.5507 0.700849 2.348435 0.08
-0.5472 0.681421 2.392204 0.08
-0.5429 0.661572 2.435540 0.08
-0.5377 0.641328 2.478394 0.08
-0.5317 0.620717 2.520716 0.08
-0.5248 0.599764 2.562457 0.08
-0.5171 0.578497 2.603567 0.08
-0.5086 0.556944 2.643996 0.08
-0.4991 0.535130 2.683696 0.08
-0.4888 0.513082 2.722617 0.08
-0.4776 0.490829 2.760710 0.08
-0.4655 0.468397 2.797924 0.08
-0.4526 0.445813 2.834211 0.08
-0.4387 0.423104 2.869521 0.08
-0.4239 0.400297 2.903804 0.08
-0.4083 0.377420 2.937011 0.08
-0.3917 0.354499 2.969093 0.08
-0.3743 0.331561 3.000000 0.08

0.0000 0.000000 0.000000 0.08
-0.0016 0.012182 0.029699 0.08
-0.0036 0.025298 0.058223 0.08
-0.0060 0.039298 0.085622 0.08
-0.0089 0.054132 0.111945 0.08
-0.0122 0.069752 0.137241 0.08
-0.0161 0.086105 0.161561 0.08
-0.0204 0.103142 0.184952 0.08
-0.0252 0.120813 0.207466 0.08
-0.0305 0.139065 0.229151 0.08
-0.0364 0.157848 0.250057 0.08
-0.0428 0.177112 0.270233 0.08
-0.0498 0.196804 0.289729 0.08
-0.0573 0.216875 0.308595 0.08
-0.0654 0.237274 0.326879 0.08
-0.0740 0.257949 0.344631 0.08
-0.0832 0.278851 0.361901 0.08
-0.0930 0.299929 0.378738 0.08
-0.1033 0.321134 0.395192 0.08
-0.1142 0.342415 0.411311 0.08
-0.1256 0.363725 0.427147 0.08
-0.1375 0.385013 0.442747 0.08
-0.1499 0.406233 0.458162 0.08
-0.1629 0.427335 0.473441 0.08
-0.1763 0.448274 0.488633 0.08
-0.1902 0.469003 0.503788 0.08
-0.2046 0.489476 0.518955 0.08
-0.2193 0.509647 0.534185 0.08
-0.2346 0.529473 0.549525 0.08
-0.2501 0.548910 0.565027 0.08
-0.2661 0.567916 0.580739 0.08
-0.2824 0.586448 0.596710 0.08
-0.2990 0.604466 0.612990 0.08
-0.3158 0.621929 0.629630 0.08
-0.3330 0.638799 0.646677 0.08
-0.3503 0.655039 0.664182 0.08
-0.3678 0.670610 0.682194 0.08
-0.3854 0.685479 0.700762 0.08
-0.4032 0.699609 0.719937 0.08
-0.4210 0.712969 0.739767 0.08
-0.4388 0.725525 0.760302 0.08
-0.4566 0.737247 0.781591 0.08
-0.4744 0.748107 0.803684 0.08
-0.4920 0.758075 0.826631 0.08
-0.5095 0.767125 0.850480 0.08
-0.5268 0.775232 0.875282 0.08
-0.5438 0.782373 0.901085 0.08
-0.5605 0.788524 0.927940 0.08
-0.5769 0.793666 0.955895 0.08
-0.5929 0.797778 0.985000 0.08
-0.6084 0.800845 1.015304 0.08
-0.6235 0.802869 1.046804 0.08
-0.6380 0.803875 1.079455 0.08
-0.6520 0.803885 1.113206 0.08
-0.6654 0.802926 1.148009 0.08
-0.6783 0.801022 1.183813 0.08
-0.6905 0.798197 1.220570 0.08
-0.7021 0.794479 1.258230 0.08
-0.7131 0.789893 1.296743 0.08
-0.7234 0.784464 1.336059 0.08
-0.7330 0.778220 1.376130 0.08
-0.7419 0.771187 1.416907 0.08
-0.7502 0.763392 1.458338 0.08
-0.7576 0.754863 1.500376 0.08
-0.7644 0.745625 1.542970 0.08
-0.7703 0.735708 1.586071 0.08
-0.7755 0.725139 1.629630 0.08
-0.7799 0.713945 1.673596 0.08
-0.7835 0.702155 1.717922 0.08
-0.7863 0.689797 1.762557 0.08
-0.7883 0.676899 1.807451 0.08
-0.7894 0.663489 1.852556 0.08
-0.7897 0.649596 1.897821 0.08
-0.7891 0.635249 1.943198 0.08
-0.7877 0.620475 1.988636 0.08
-0.7854 0.605305 2.034087 0.08
-0.7822 0.589765 2.079501 0.08
-0.7781 0.573886 2.124829 0.08
-0.7731 0.557696 2.170020 0.08
-0.7673 0.541222 2.215025 0.08
-0.7605 0.524495 2.259796 0.08
-0.7529 0.507543 2.304282 0.08
-0.7443 0.490394 2.348435 0.08
-0.7348 0.473077 2.392204 0.08
-0.7244 0.455621 2.435540 0.08
-0.7131 0.438053 2.478394 0.08
-0.7009 0.420402 2.520716 0.08
-0.6878 0.402696 2.562457 0.08
-0.6737 0.384963 2.603567 0.08
-0.6588 0.367232 2.643996 0.08
-0.6429 0.349529 2.683696 0.08
-0.6261 0.331882 2.722617 0.08
-0.6085 0.314319 2.760710 0.08
-0.5899 0.296868 2.797924 0.08
-0.5705 0.279554 2.834211 0.08
-0.5501 0.262405 2.869521 0.08
-0.5289 0.245447 2.903804 0.08
-0.5068 0.228707 2.937011 0.08
-0.4838 0.212210 2.969093 0.08
-0.4600 0.195983 3.000000 0.08

0.0000 0.000000 0.000000 0.08
-0.0054 0.011045 0.029699 0.08
-0.0114 0.022850 0.058223 0.08
-0.0182 0.035362 0.085622 0.08
-0.0256 0.048525 0.111945 0.08
-0.0337 0.062286 0.137241 0.08
-0.0425 0.076591 0.161561 0.08
-0.0520 0.091388 0.184952 0.08
-0.0621 0.106623 0.207466 0.08
-0.0730 0.122244 0.229151 0.08
-0.0845 0.138200 0.250057 0.08
-0.0967 0.154439 0.270233 0.08
-0.1095 0.170911 0.289729 0.08
-0.1230 0.187566 0.308595 0.08
-0.1372 0.204355 0.326879 0.08
-0.1519 0.221230 0.344631 0.08
-0.1673 0.238142 0.361901 0.08
-0.1832 0.255046 0.378738 0.08
-0.1997 0.271894 0.395192 0.08
-0.2167 0.288642 0.411311 0.08
-0.2343 0.305247 0.427147 0.08
-0.2523 0.321664 0.442747 0.08
-0.2708 0.337852 0.458162 0.08
-0.2898 0.353770 0.473441 0.08
-0.3092 0.369377 0.488633 0.08
-0.3289 0.384636 0.503788 0.08
-0.3490 0.399509 0.518955 0.08
-0.3694 0.413958 0.534185 0.08
-0.3901 0.427950 0.549525 0.08
-0.4111 0.441450 0.565027 0.08
-0.4322 0.454427 0.580739 0.08
-0.4536 0.466848 0.596710 0.08
-0.4750 0.478684 0.612990 0.08
-0.4965 0.489907 0.629630 0.08
-0.5181 0.500490 0.646677 0.08
-0.5397 0.510407 0.664182 0.08
-0.5612 0.519635 0.682194 0.08
-0.5827 0.528152 0.700762 0.08
-0.6040 0.535937 0.719937 0.08
-0.6251 0.542970 0.739767 0.08
-0.6460 0.549234 0.760302 0.08
-0.6666 0.554713 0.781591 0.08
-0.6868 0.559394 0.803684 0.08
-0.7067 0.563263 0.826631 0.08
-0.7262 0.566311 0.850480 0.08
-0.7451 0.568527 0.875282 0.08
-0.7636 0.569905 0.901085 0.08
-0.7814 0.570439 0.927940 0.08
-0.7986 0.570126 0.955895 0.08
-0.8150 0.568964 0.985000 0.08
-0.8307 0.566954 1.015304 0.08
-0.8456 0.564111 1.046804 0.08
-0.8597 0.560465 1.079455 0.08
-0.8730 0.556046 1.113206 0.08
-0.8854 0.550885 1.148009 0.08
-0.8970 0.545012 1.183813 0.08
-0.9077 0.538458 1.220570 0.08
-0.9176 0.531254 1.258230 0.08
-0.9265 0.523430 1.296743 0.08
-0.9346 0.515018 1.336059 0.08
-0.9417 0.506047 1.376130 0.08
-0.9480 0.496550 1.416907 0.08
-0.9533 0.486556 1.458338 0.08
-0.9577 0.476097 1.500376 0.08
-0.9611 0.465204 1.542970 0.08
-0.9637 0.453906 1.586071 0.08
-0.9652 0.442236 1.629630 0.08
-0.9659 0.430224 1.673596 0.08
-0.9656 0.417900 1.717922 0.08
-0.9643 0.405295 1.762557 0.08
-0.9621 0.392439 1.807451 0.08
-0.9589 0.379363 1.852556 0.08
-0.9548 0.366096 1.897821 0.08
-0.9497 0.352669 1.943198 0.08
-0.9436 0.339111 1.988636 0.08
-0.9366 0.325452 2.034087 0.08
-0.9287 0.311722 2.079501 0.08
-0.9198 0.297950 2.124829 0.08
-0.9100 0.284164 2.170020 0.08
-0.8992 0.270395 2.215025 0.08
-0.8875 0.256669 2.259796 0.08
-0.8748 0.243017 2.304282 0.08
-0.8613 0.229465 2.348435 0.08
-0.8468 0.216041 2.392204 0.08
-0.8314 0.202774 2.435540 0.08
-0.8151 0.189690 2.478394 0.08
-0.7980 0.176816 2.520716 0.08
-0.7799 0.164179 2.562457 0.08
-0.7610 0.151806 2.603567 0.08
-0.7412 0.139721 2.643996 0.08
-0.7205 0.127952 2.683696 0.08
-0.6990 0.116522 2.722617 0.08
-0.6767 0.105458 2.760710 0.08
-0.6536 0.094783 2.797924 0.08
-0.6296 0.084521 2.834211 0.08
-0.6049 0.074697 2.869521 0.08
-0.5794 0.065333 2.903804 0.08
-0.5531 0.056453 2.937011 0.08
-0.5261 0.048079 2.969093 0.08
-0.4984 0.040233 3.000000 0.08

0.0000 0.000000 0.000000 0.08
-0.0086 0.008771 0.029699 0.08
-0.0181 0.018051 0.058223 0.08
-0.0284 0.027786 0.085622 0.08
-0.0396 0.037923 0.111945 0.08
-0.0517 0.048409 0.137241 0.08
-0.0646 0.059194 0.161561 0.08
-0.0782 0.070226 0.184952 0.08
-0.0927 0.081458 0.207466 0.08
-0.1079 0.092841 0.229151 0.08
-0.1239 0.104327 0.250057 0.08
-0.1406 0.115870 0.270233 0.08
-0.1580 0.127427 0.289729 0.08
-0.1761 0.138952 0.308595 0.08
-0.1948 0.150403 0.326879 0.08
-0.2141 0.161740 0.344631 0.08
-0.2341 0.172922 0.361901 0.08
-0.2545 0.183911 0.378738 0.08
-0.2755 0.194669 0.395192 0.08
-0.2970 0.205161 0.411311 0.08
-0.3189 0.215351 0.427147 0.08
-0.3412 0.225207 0.442747 0.08
-0.3639 0.234697 0.458162 0.08
-0.3869 0.243791 0.473441 0.08
-0.4102 0.252461 0.488633 0.08
-0.4338 0.260680 0.503788 0.08
-0.4576 0.268421 0.518955 0.08
-0.4815 0.275662 0.534185 0.08
-0.5056 0.282379 0.549525 0.08
-0.5297 0.288553 0.565027 0.08
-0.5539 0.294165 0.580739 0.08
-0.5780 0.299196 0.596710 0.08
-0.6021 0.303632 0.612990 0.08
-0.6261 0.307460 0.629630 0.08
-0.6499 0.310666 0.646677 0.08
-0.6735 0.313241 0.664182 0.08
-0.6969 0.315176 0.682194 0.08
-0.7199 0.316464 0.700762 0.08
-0.7426 0.317102 0.719937 0.08
-0.7648 0.317085 0.739767 0.08
-0.7866 0.316412 0.760302 0.08
-0.8079 0.315084 0.781591 0.08
-0.8286 0.313105 0.803684 0.08
-0.8487 0.310477 0.826631 0.08
-0.8681 0.307207 0.850480 0.08
-0.8868 0.303304 0.875282 0.08
-0.9047 0.298778 0.901085 0.08
-0.9218 0.293640 0.927940 0.08
-0.9380 0.287905 0.955895 0.08
-0.9533 0.281588 0.985000 0.08
-0.9675 0.274708 1.015304 0.08
-0.9808 0.267290 1.046804 0.08
-0.9930 0.259368 1.079455 0.08
-1.0042 0.250975 1.113206 0.08
-1.0143 0.242143 1.148009 0.08
-1.0234 0.232906 1.183813 0.08
-1.0315 0.223297 1.220570 0.08
-1.0386 0.213348 1.258230 0.08
-1.0446 0.203093 1.296743 0.08
-1.0496 0.192562 1.336059 0.08
-1.0535 0.181788 1.376130 0.08
-1.0564 0.170804 1.416907 0.08
-1.0583 0.159640 1.458338 0.08
-1.0592 0.148328 1.500376 0.08
-1.0590 0.136900 1.542970 0.08
-1.0578 0.125385 1.586071 0.08
-1.0556 0.113816 1.629630 0.08
-1.0524 0.102221 1.673596 0.08
-1.0482 0.090632 1.717922 0.08
-1.0430 0.079077 1.762557 0.08
-1.0368 0.067587 1.807451 0.08
-1.0297 0.056190 1.852556 0.08
-1.0216 0.044914 1.897821 0.08
-1.0125 0.033789 1.943198 0.08
-1.0024 0.022843 1.988636 0.08
-0.9915 0.012102 2.034087 0.08
-0.9796 0.001594 2.079501 0.08
-0.9668 -0.008654 2.124829 0.08
-0.9531 -0.018615 2.170020 0.08
-0.9385 -0.028264 2.215025 0.08
-0.9231 -0.037575 2.259796 0.08
-0.9068 -0.046523 2.304282 0.08
-0.8896 -0.055083 2.348435 0.08
-0.8716 -0.063232 2.392204 0.08
-0.8528 -0.070944 2.435540 0.08
-0.8332 -0.078197 2.478394 0.08
-0.8129 -0.084969 2.520716 0.08
-0.7917 -0.091236 2.562457 0.08
-0.7699 -0.096977 2.603567 0.08
-0.7473 -0.102170 2.643996 0.08
-0.7239 -0.106795 2.683696 0.08
-0.6999 -0.110831 2.722617 0.08
-0.6753 -0.114258 2.760710 0.08
-0.6499 -0.117058 2.797924 0.08
-0.6240 -0.119211 2.834211 0.08
-0.5974 -0.120699 2.869521 0.08
-0.5703 -0.121505 2.903804 0.08
-0.5425 -0.121611 2.937011 0.08
-0.5143 -0.121000 2.969093 0.08
-0.4855 -0.119658 3.000000 0.08

0.0000 0.000000 0.000000 0.08
-0.0109 0.005595 0.029699 0.08
-0.0229 0.011395 0.058223 0.08
-0.0358 0.017351 0.085622 0.08
-0.0496 0.023418 0.111945 0.08
-0.0644 0.029550 0.137241 0.08
-0.0800 0.035704 0.161561 0.08
-0.0964 0.041837 0.184952 0.08
-0.1137 0.047910 0.207466 0.08
-0.1318 0.053882 0.229151 0.08
-0.1506 0.059716 0.250057 0.08
-0.1701 0.065375 0.270233 0.08
-0.1902 0.070826 0.289729 0.08
-0.2110 0.076035 0.308595 0.08
-0.2324 0.080971 0.326879 0.08
-0.2543 0.085603 0.344631 0.08
-0.2768 0.089904 0.361901 0.08
-0.2997 0.093847 0.378738 0.08
-0.3230 0.097407 0.395192 0.08
-0.3467 0.100562 0.411311 0.08
-0.3707 0.103289 0.427147 0.08
-0.3950 0.105570 0.442747 0.08
-0.4195 0.107386 0.458162 0.08
-0.4442 0.108721 0.473441 0.08
-0.4691 0.109560 0.488633 0.08
-0.4940 0.109892 0.503788 0.08
-0.5190 0.109706 0.518955 0.08
-0.5440 0.108992 0.534185 0.08
-0.5690 0.107744 0.549525 0.08
-0.5938 0.105956 0.565027 0.08
-0.6185 0.103625 0.580739 0.08
-0.6430 0.100749 0.596710 0.08
-0.6673 0.097329 0.612990 0.08
-0.6913 0.093367 0.629630 0.08
-0.7149 0.088866 0.646677 0.08
-0.7381 0.083833 0.664182 0.08
-0.7608 0.078276 0.682194 0.08
-0.7831 0.072204 0.700762 0.08
-0.8048 0.065628 0.719937 0.08
-0.8259 0.058563 0.739767 0.08
-0.8464 0.051023 0.760302 0.08
-0.8661 0.043025 0.781591 0.08
-0.8851 0.034588 0.803684 0.08
-0.9034 0.025734 0.826631 0.08
-0.9207 0.016484 0.850480 0.08
-0.9372 0.006864 0.875282 0.08
-0.9528 -0.003101 0.901085 0.08
-0.9674 -0.013382 0.927940 0.08
-0.9809 -0.023949 0.955895 0.08
-0.9934 -0.034770 0.985000 0.08
-1.0047 -0.045813 1.015304 0.08
-1.0149 -0.057042 1.046804 0.08
-1.0240 -0.068425 1.079455 0.08
-1.0320 -0.079929 1.113206 0.08
-1.0388 -0.091522 1.148009 0.08
-1.0445 -0.103172 1.183813 0.08
-1.0492 -0.114847 1.220570 0.08
-1.0527 -0.126516 1.258230 0.08
-1.0551 -0.138149 1.296743 0.08
-1.0565 -0.149714 1.336059 0.08
-1.0569 -0.161182 1.376130 0.08
-1.0561 -0.172523 1.416907 0.08
-1.0544 -0.183708 1.458338 0.08
-1.0516 -0.194708 1.500376 0.08
-1.0478 -0.205495 1.542970 0.08
-1.0431 -0.216041 1.586071 0.08
-1.0373 -0.226320 1.629630 0.08
-1.0306 -0.236303 1.673596 0.08
-1.0230 -0.245965 1.717922 0.08
-1.0144 -0.255280 1.762557 0.08
-1.0049 -0.264222 1.807451 0.08
-0.9945 -0.272767 1.852556 0.08
-0.9832 -0.280890 1.897821 0.08
-0.9711 -0.288568 1.943198 0.08
-0.9581 -0.295777 1.988636 0.08
-0.9443 -0.302494 2.034087 0.08
-0.9297 -0.308698 2.079501 0.08
-0.9143 -0.314366 2.124829 0.08
-0.8982 -0.319478 2.170020 0.08
-0.8813 -0.324014 2.215025 0.08
-0.8637 -0.327952 2.259796 0.08
-0.8454 -0.331274 2.304282 0.08
-0.8264 -0.333962 2.348435 0.08
-0.8068 -0.335996 2.392204 0.08
-0.7865 -0.337360 2.435540 0.08
-0.7656 -0.338036 2.478394 0.08
-0.7441 -0.338008 2.520716 0.08
-0.7221 -0.337260 2.562457 0.08
-0.6995 -0.335777 2.603567 0.08
-0.6764 -0.333545 2.643996 0.08
-0.6529 -0.330549 2.683696 0.08
-0.6288 -0.326776 2.722617 0.08
-0.6043 -0.322214 2.760710 0.08
-0.5794 -0.316850 2.797924 0.08
-0.5541 -0.310673 2.834211 0.08
-0.5285 -0.303672 2.869521 0.08
-0.5024 -0.295837 2.903804 0.08
-0.4761 -0.287158 2.937011 0.08
-0.4495 -0.277626 2.969093 0.08
-0.4226 -0.267233 3.000000 0.08

0.0000 0.000000 0.000000 0.08
-0.0121 0.001843 0.029699 0.08
-0.0253 0.003565 0.058223 0.08
-0.0394 0.005129 0.085622 0.08
-0.0545 0.006502 0.111945 0.08
-0.0704 0.007649 0.137241 0.08
-0.0872 0.008539 0.161561 0.08
-0.1047 0.009142 0.184952 0.08
-0.1230 0.009430 0.207466 0.08
-0.1421 0.009377 0.229151 0.08
-0.1617 0.008958 0.250057 0.08
-0.1820 0.008152 0.270233 0.08
-0.2029 0.006936 0.289729 0.08
-0.2243 0.005293 0.308595 0.08
-0.2461 0.003204 0.326879 0.08
-0.2684 0.000655 0.344631 0.08
-0.2910 -0.002368 0.361901 0.08
-0.3140 -0.005876 0.378738 0.08
-0.3372 -0.009880 0.395192 0.08
-0.3607 -0.014387 0.411311 0.08
-0.3843 -0.019403 0.427147 0.08
-0.4081 -0.024933 0.442747 0.08
-0.4319 -0.030979 0.458162 0.08
-0.4558 -0.037541 0.473441 0.08
-0.4796 -0.044617 0.488633 0.08
-0.5034 -0.052206 0.503788 0.08
-0.5271 -0.060301 0.518955 0.08
-0.5506 -0.068896 0.534185 0.08
-0.5738 -0.077981 0.549525 0.08
-0.5968 -0.087547 0.565027 0.08
-0.6195 -0.097581 0.580739 0.08
-0.6419 -0.108068 0.596710 0.08
-0.6638 -0.118992 0.612990 0.08
-0.6852 -0.130336 0.629630 0.08
-0.7062 -0.142080 0.646677 0.08
-0.7266 -0.154203 0.664182 0.08
-0.7465 -0.166680 0.682194 0.08
-0.7656 -0.179488 0.700762 0.08
-0.7842 -0.192600 0.719937 0.08
-0.8019 -0.205987 0.739767 0.08
-0.8190 -0.219618 0.760302 0.08
-0.8352 -0.233464 0.781591 0.08
-0.8505 -0.247489 0.803684 0.08
-0.8650 -0.261658 0.826631 0.08
-0.8786 -0.275936 0.850480 0.08
-0.8912 -0.290284 0.875282 0.08
-0.9028 -0.304661 0.901085 0.08
-0.9133 -0.319027 0.927940 0.08
-0.9228 -0.333338 0.955895 0.08
-0.9312 -0.347550 0.985000 0.08
-0.9385 -0.361618 1.015304 0.08
-0.9446 -0.375503 1.046804 0.08
-0.9496 -0.389175 1.079455 0.08
-0.9535 -0.402606 1.113206 0.08
-0.9564 -0.415767 1.148009 0.08
-0.9581 -0.428631 1.183813 0.08
-0.9588 -0.441171 1.220570 0.08
-0.9585 -0.453359 1.258230 0.08
-0.9571 -0.465171 1.296743 0.08
-0.9548 -0.476580 1.336059 0.08
-0.9514 -0.487562 1.376130 0.08
-0.9472 -0.498092 1.416907 0.08
-0.9420 -0.508146 1.458338 0.08
-0.9358 -0.517703 1.500376 0.08
-0.9288 -0.526739 1.542970 0.08
-0.9210 -0.535232 1.586071 0.08
-0.9123 -0.543161 1.629630 0.08
-0.9027 -0.550505 1.673596 0.08
-0.8924 -0.557245 1.717922 0.08
-0.8813 -0.563362 1.762557 0.08
-0.8695 -0.568835 1.807451 0.08
-0.8569 -0.573648 1.852556 0.08
-0.8437 -0.577783 1.897821 0.08
-0.8297 -0.581224 1.943198 0.08
-0.8151 -0.583953 1.988636 0.08
-0.7999 -0.585955 2.034087 0.08
-0.7841 -0.587217 2.079501 0.08
-0.7677 -0.587722 2.124829 0.08
-0.7508 -0.587459 2.170020 0.08
-0.7333 -0.586413 2.215025 0.08
-0.7154 -0.584574 2.259796 0.08
-0.6970 -0.581928 2.304282 0.08
-0.6781 -0.578466 2.348435 0.08
-0.6588 -0.574178 2.392204 0.08
-0.6392 -0.569052 2.435540 0.08
-0.6192 -0.563081 2.478394 0.08
-0.5988 -0.556257 2.520716 0.08
-0.5781 -0.548571 2.562457 0.08
-0.5572 -0.540018 2.603567 0.08
-0.5360 -0.530589 2.643996 0.08
-0.5146 -0.520281 2.683696 0.08
-0.4930 -0.509088 2.722617 0.08
-0.4712 -0.497005 2.760710 0.08
-0.4493 -0.484030 2.797924 0.08
-0.4272 -0.470158 2.834211 0.08
-0.4051 -0.455389 2.869521 0.08
-0.3829 -0.439719 2.903804 0.08
-0.3607 -0.423148 2.937011 0.08
-0.3384 -0.405676 2.969093 0.08
-0.3162 -0.387302 3.000000 0.08

