0.0000 0.000000 0.000000 0.03
-0.0121 -0.002099 0.029699 0.03
-0.0251 -0.004632 0.058223 0.03
-0.0390 -0.007620 0.085622 0.03
-0.0537 -0.011083 0.111945 0.03
-0.0692 -0.015039 0.137241 0.03
-0.0854 -0.019505 0.161561 0.03
-0.1022 -0.024495 0.184952 0.03
-0.1197 -0.030021 0.207466 0.03
-0.1377 -0.036093 0.229151 0.03
-0.1563 -0.042721 0.250057 0.03
-0.1752 -0.049911 0.270233 0.03
-0.1946 -0.057668 0.289729 0.03
-0.2144 -0.065995 0.308595 0.03
-0.2344 -0.074892 0.326879 0.03
-0.2548 -0.084360 0.344631 0.03
-0.2753 -0.094396 0.361901 0.03
-0.2959 -0.104995 0.378738 0.03
-0.3167 -0.116151 0.395192 0.03
-0.3375 -0.127855 0.411311 0.03
-0.3584 -0.140099 0.427147 0.03
-0.3792 -0.152870 0.442747 0.03
-0.3999 -0.166154 0.458162 0.03
-0.4204 -0.179938 0.473441 0.03
-0.4408 -0.194203 0.488633 0.03
-0.4610 -0.208931 0.503788 0.03
-0.4808 -0.224101 0.518955 0.03
-0.5004 -0.239692 0.534185 0.03
-0.5196 -0.255680 0.549525 0.03
-0.5384 -0.272039 0.565027 0.03
-0.5567 -0.288742 0.580739 0.03
-0.5746 -0.305761 0.596710 0.03
-0.5919 -0.323066 0.612990 0.03
-0.6087 -0.340624 0.629630 0.03
-0.6249 -0.358403 0.646677 0.03
-0.6404 -0.376367 0.664182 0.03
-0.6553 -0.394481 0.682194 0.03
-0.6694 -0.412706 0.700762 0.03
-0.6828 -0.431004 0.719937 0.03
-0.6954 -0.449334 0.739767 0.03
-0.7073 -0.467655 0.760302 0.03
-0.7183 -0.485922 0.781591 0.03
-0.7284 -0.504092 0.803684 0.03
-0.7376 -0.522118 0.826631 0.03
-0.7460 -0.539955 0.850480 0.03
-0.7534 -0.557553 0.875282 0.03
-0.7598 -0.574863 0.901085 0.03
-0.7653 -0.591835 0.927940 0.03
-0.7698 -0.608418 0.955895 0.03
-0.7733 -0.624558 0.985000 0.03
-0.7757 -0.640203 1.015304 0.03
-0.7771 -0.655314 1.046804 0.03
-0.7775 -0.669868 1.079455 0.03
-0.7770 -0.683843 1.113206 0.03
-0.7755 -0.697218 1.148009 0.03
-0.7731 -0.709972 1.183813 0.03
-0.7697 -0.722086 1.220570 0.03
-0.7656 -0.733539 1.258230 0.03
-0.7605 -0.744314 1.296743 0.03
-0.7547 -0.754393 1.336059 0.03
-0.7481 -0.763758 1.376130 0.03
-0.7407 -0.772394 1.416907 0.03
-0.7326 -0.780283 1.458338 0.03
-0.7237 -0.787412 1.500376 0.03
-0.7142 -0.793766 1.542970 0.03
-0.7041 -0.799332 1.586071 0.03
-0.6933 -0.804096 1.629630 0.03
-0.6820 -0.808045 1.673596 0.03
-0.6700 -0.811170 1.717922 0.03
-0.6576 -0.813458 1.762557 0.03
-0.6446 -0.814900 1.807451 0.03
-0.6312 -0.815486 1.852556 0.03
-0.6173 -0.815207 1.897821 0.03
-0.6030 -0.814056 1.943198 0.03
-0.5883 -0.812024 1.988636 0.03
-0.5732 -0.809106 2.034087 0.03
-0.5578 -0.805295 2.079501 0.03
-0.5421 -0.800586 2.124829 0.03
-0.5261 -0.794974 2.170020 0.03
-0.5099 -0.788455 2.215025 0.03
-0.4934 -0.781027 2.259796 0.03
-0.4768 -0.772686 2.304282 0.03
-0.4600 -0.763431 2.348435 0.03
-0.4431 -0.753260 2.392204 0.03
-0.4261 -0.742174 2.435540 0.03
-0.4090 -0.730171 2.478394 0.03
-0.3918 -0.717252 2.520716 0.03
-0.3747 -0.703420 2.562457 0.03
-0.3575 -0.688675 2.603567 0.03
-0.3404 -0.673022 2.643996 0.03
-0.3234 -0.656462 2.683696 0.03
-0.3064 -0.639000 2.722617 0.03
-0.2896 -0.620641 2.760710 0.03
-0.2729 -0.601390 2.797924 0.03
-0.2564 -0.581252 2.834211 0.03
-0.2400 -0.560234 2.869521 0.03
-0.2240 -0.538342 2.903804 0.03
-0.2081 -0.515585 2.937011 0.03
-0.1926 -0.491971 2.969093 0.03
-0.1773 -0.467508 3.000000 0.03

0.0000 0.000000 0.000000 0.03
-0.0108 -0.005825 0.029699 0.03
-0.0224 -0.012352 0.058223 0.03
-0.0346 -0.019585 0.085622 0.03
-0.0475 -0.027527 0.111945 0.03
-0.0609 -0.036179 0.137241 0.03
-0.0748 -0.045541 0.161561 0.03
-0.0892 -0.055610 0.184952 0.03
-0.1040 -0.066381 0.207466 0.03
-0.1192 -0.077848 0.229151 0.03
-0.1347 -0.090003 0.250057 0.03
-0.1504 -0.102837 0.270233 0.03
-0.1664 -0.116336 0.289729 0.03
-0.1825 -0.130489 0.308595 0.03
-0.1987 -0.145280 0.326879 0.03
-0.2149 -0.160693 0.344631 0.03
-0.2312 -0.176708 0.361901 0.03
-0.2475 -0.193307 0.378738 0.03
-0.2636 -0.210466 0.395192 0.03
-0.2797 -0.228164 0.411311 0.03
-0.2956 -0.246374 0.427147 0.03
-0.3112 -0.265072 0.442747 0.03
-0.3267 -0.284228 0.458162 0.03
-0.3418 -0.303815 0.473441 0.03
-0.3566 -0.323799 0.488633 0.03
-0.3711 -0.344151 0.503788 0.03
-0.3851 -0.364835 0.518955 0.03
-0.3987 -0.385818 0.534185 0.03
-0.4119 -0.407062 0.549525 0.03
-0.4245 -0.428531 0.565027 0.03
-0.4367 -0.450185 0.580739 0.03
-0.4482 -0.471984 0.596710 0.03
-0.4592 -0.493887 0.612990 0.03
-0.4695 -0.515852 0.629630 0.03
-0.4792 -0.537836 0.646677 0.03
-0.4883 -0.559793 0.664182 0.03
-0.4966 -0.581679 0.682194 0.03
-0.5043 -0.603446 0.700762 0.03
-0.5112 -0.625047 0.719937 0.03
-0.5174 -0.646434 0.739767 0.03
-0.5228 -0.667557 0.760302 0.03
-0.5274 -0.688366 0.781591 0.03
-0.5313 -0.708810 0.803684 0.03
-0.5343 -0.728838 0.826631 0.03
-0.5366 -0.748397 0.850480 0.03
-0.5381 -0.767435 0.875282 0.03
-0.5387 -0.785896 0.901085 0.03
-0.5385 -0.803728 0.927940 0.03
-0.5375 -0.820875 0.955895 0.03
-0.5357 -0.837281 0.985000 0.03
-0.5330 -0.852894 1.015304 0.03
-0.5296 -0.867676 1.046804 0.03
-0.5254 -0.881614 1.079455 0.03
-0.5204 -0.894695 1.113206 0.03
-0.5148 -0.906907 1.148009 0.03
-0.5085 -0.918238 1.183813 0.03
-0.5015 -0.928679 1.220570 0.03
-0.4939 -0.938218 1.258230 0.03
-0.4857 -0.946848 1.296743 0.03
-0.4770 -0.954558 1.336059 0.03
-0.4677 -0.961343 1.376130 0.03
-0.4580 -0.967195 1.416907 0.03
-0.4478 -0.972108 1.458338 0.03
-0.4371 -0.976076 1.500376 0.03
-0.4261 -0.979094 1.542970 0.03
-0.4147 -0.981159 1.586071 0.03
-0.4030 -0.982267 1.629630 0.03
-0.3910 -0.982416 1.673596 0.03
-0.3787 -0.981603 1.717922 0.03
-0.3661 -0.979828 1.762557 0.03
-0.3534 -0.977089 1.807451 0.03
-0.3404 -0.973388 1.852556 0.03
-0.3274 -0.968724 1.897821 0.03
-0.3141 -0.963099 1.943198 0.03
-0.3008 -0.956516 1.988636 0.03
-0.2875 -0.948977 2.034087 0.03
-0.2741 -0.940486 2.079501 0.03
-0.2607 -0.931047 2.124829 0.03
-0.2473 -0.920664 2.170020 0.03
-0.2340 -0.909344 2.215025 0.03
-0.2207 -0.897091 2.259796 0.03
-0.2076 -0.883914 2.304282 0.03
-0.1946 -0.869818 2.348435 0.03
-0.1818 -0.854812 2.392204 0.03
-0.1691 -0.838905 2.435540 0.03
-0.1567 -0.822105 2.478394 0.03
-0.1445 -0.804423 2.520716 0.03
-0.1326 -0.785867 2.562457 0.03
-0.1210 -0.766450 2.603567 0.03
-0.1098 -0.746182 2.643996 0.03
-0.0988 -0.725075 2.683696 0.03
-0.0883 -0.703143 2.722617 0.03
-0.0781 -0.680396 2.760710 0.03
-0.0684 -0.656850 2.797924 0.03
-0.0591 -0.632519 2.834211 0.03
-0.0503 -0.607415 2.869521 0.03
-0.0420 -0.581556 2.903804 0.03
-0.0341 -0.554955 2.937011 0.03
-0.0269 -0.527629 2.969093 0.03
-0.0201 -0.499594 3.000000 0.03

0.0000 0.000000 0.000000 0.03
-0.0084 -0.008952 0.029699 0.03
-0.0173 -0.018800 0.058223 0.03
-0.0266 -0.029534 0.085622 0.03
-0.0363 -0.041138 0.111945 0.03
-0.0463 -0.053596 0.137241 0.03
-0.0565 -0.066890 0.161561 0.03
-0.0670 -0.081002 0.184952 0.03
-0.0777 -0.095909 0.207466 0.03
-0.0884 -0.111591 0.229151 0.03
-0.0993 -0.128022 0.250057 0.03
-0.1101 -0.145178 0.270233 0.03
-0.1210 -0.163031 0.289729 0.03
-0.1317 -0.181553 0.308595 0.03
-0.1424 -0.200715 0.326879 0.03
-0.1530 -0.220486 0.344631 0.03
-0.1634 -0.240833 0.361901 0.03
-0.1735 -0.261722 0.378738 0.03
-0.1834 -0.283119 0.395192 0.03
-0.1930 -0.304988 0.411311 0.03
-0.2023 -0.327291 0.427147 0.03
-0.2113 -0.349991 0.442747 0.03
-0.2199 -0.373048 0.458162 0.03
-0.2280 -0.396421 0.473441 0.03
-0.2357 -0.420068 0.488633 0.03
-0.2430 -0.443949 0.503788 0.03
-0.2498 -0.468018 0.518955 0.03
-0.2560 -0.492233 0.534185 0.03
-0.2618 -0.516547 0.549525 0.03
-0.2670 -0.540915 0.565027 0.03
-0.2716 -0.565291 0.580739 0.03
-0.2757 -0.589627 0.596710 0.03
-0.2791 -0.613874 0.612990 0.03
-0.2820 -0.637986 0.629630 0.03
-0.2842 -0.661911 0.646677 0.03
-0.2859 -0.685601 0.664182 0.03
-0.2869 -0.709006 0.682194 0.03
-0.2872 -0.732074 0.700762 0.03
-0.2869 -0.754755 0.719937 0.03
-0.2860 -0.776997 0.739767 0.03
-0.2845 -0.798749 0.760302 0.03
-0.2823 -0.819958 0.781591 0.03
-0.2795 -0.840573 0.803684 0.03
-0.2761 -0.860541 0.826631 0.03
-0.2720 -0.879810 0.850480 0.03
-0.2673 -0.898327 0.875282 0.03
-0.2621 -0.916039 0.901085 0.03
-0.2563 -0.932895 0.927940 0.03
-0.2499 -0.948841 0.955895 0.03
-0.2430 -0.963826 0.985000 0.03
-0.2355 -0.977799 1.015304 0.03
-0.2276 -0.990730 1.046804 0.03
-0.2192 -1.002618 1.079455 0.03
-0.2103 -1.013458 1.113206 0.03
-0.2011 -1.023250 1.148009 0.03
-0.1915 -1.031993 1.183813 0.03
-0.1816 -1.039685 1.220570 0.03
-0.1714 -1.046329 1.258230 0.03
-0.1609 -1.051925 1.296743 0.03
-0.1501 -1.056474 1.336059 0.03
-0.1392 -1.059980 1.376130 0.03
-0.1281 -1.062446 1.416907 0.03
-0.1169 -1.063876 1.458338 0.03
-0.1056 -1.064274 1.500376 0.03
-0.0941 -1.063647 1.542970 0.03
-0.0827 -1.061999 1.586071 0.03
-0.0712 -1.059337 1.629630 0.03
-0.0598 -1.055669 1.673596 0.03
-0.0484 -1.051003 1.717922 0.03
-0.0370 -1.045347 1.762557 0.03
-0.0258 -1.038710 1.807451 0.03
-0.0147 -1.031101 1.852556 0.03
-0.0037 -1.022533 1.897821 0.03
0.0070 -1.013014 1.943198 0.03
0.0175 -1.002557 1.988636 0.03
0.0278 -0.991173 2.034087 0.03
0.0379 -0.978876 2.079501 0.03
0.0476 -0.965678 2.124829 0.03
0.0570 -0.951594 2.170020 0.03
0.0660 -0.936636 2.215025 0.03
0.0747 -0.920821 2.259796 0.03
0.0830 -0.904163 2.304282 0.03
0.0909 -0.886677 2.348435 0.03
0.0983 -0.868381 2.392204 0.03
0.1052 -0.849291 2.435540 0.03
0.1117 -0.829423 2.478394 0.03
0.1176 -0.808796 2.520716 0.03
0.1230 -0.787427 2.562457 0.03
0.1279 -0.765336 2.603567 0.03
0.1322 -0.742540 2.643996 0.03
0.1359 -0.719059 2.683696 0.03
0.1389 -0.694912 2.722617 0.03
0.1414 -0.670120 2.760710 0.03
0.1431 -0.644703 2.797924 0.03
0.1442 -0.618682 2.834211 0.03
0.1447 -0.592077 2.869521 0.03
0.1444 -0.564911 2.903804 0.03
0.1434 -0.537204 2.937011 0.03
0.1416 -0.508980 2.969093 0.03
0.1391 -0.480259 3.000000 0.03

0.0000 0.000000 0.000000 0.03
-0.0051 -0.011157 0.029699 0.03
-0.0105 -0.023314 0.058223 0.03
-0.0159 -0.036443 0.085622 0.03
-0.0214 -0.050514 0.111945 0.03
-0.0269 -0.065496 0.137241 0.03
-0.0325 -0.081354 0.161561 0.03
-0.0379 -0.098056 0.184952 0.03
-0.0433 -0.115566 0.207466 0.03
-0.0485 -0.133847 0.229151 0.03
-0.0536 -0.152863 0.250057 0.03
-0.0585 -0.172576 0.270233 0.03
-0.0631 -0.192945 0.289729 0.03
-0.0675 -0.213930 0.308595 0.03
-0.0715 -0.235491 0.326879 0.03
-0.0753 -0.257585 0.344631 0.03
-0.0787 -0.280169 0.361901 0.03
-0.0817 -0.303199 0.378738 0.03
-0.0843 -0.326631 0.395192 0.03
-0.0865 -0.350421 0.411311 0.03
-0.0883 -0.374521 0.427147 0.03
-0.0896 -0.398887 0.442747 0.03
-0.0904 -0.423470 0.458162 0.03
-0.0907 -0.448224 0.473441 0.03
-0.0906 -0.473101 0.488633 0.03
-0.0899 -0.498052 0.503788 0.03
-0.0887 -0.523029 0.518955 0.03
-0.0870 -0.547983 0.534185 0.03
-0.0847 -0.572865 0.549525 0.03
-0.0820 -0.597625 0.565027 0.03
-0.0786 -0.622213 0.580739 0.03
-0.0748 -0.646581 0.596710 0.03
-0.0704 -0.670677 0.612990 0.03
-0.0655 -0.694453 0.629630 0.03
-0.0600 -0.717858 0.646677 0.03
-0.0540 -0.740843 0.664182 0.03
-0.0476 -0.763357 0.682194 0.03
-0.0406 -0.785352 0.700762 0.03
-0.0332 -0.806778 0.719937 0.03
-0.0253 -0.827587 0.739767 0.03
-0.0169 -0.847728 0.760302 0.03
-0.0081 -0.867155 0.781591 0.03
0.0011 -0.885818 0.803684 0.03
0.0107 -0.903671 0.826631 0.03
0.0206 -0.920666 0.850480 0.03
0.0309 -0.936756 0.875282 0.03
0.0415 -0.951897 0.901085 0.03
0.0523 -0.966042 0.927940 0.03
0.0634 -0.979146 0.955895 0.03
0.0747 -0.991167 0.985000 0.03
0.0862 -1.002061 1.015304 0.03
0.0979 -1.011812 1.046804 0.03
0.1096 -1.020425 1.079455 0.03
0.1214 -1.027909 1.113206 0.03
0.1333 -1.034273 1.148009 0.03
0.1451 -1.039527 1.183813 0.03
0.1570 -1.043680 1.220570 0.03
0.1688 -1.046744 1.258230 0.03
0.1805 -1.048730 1.296743 0.03
0.1921 -1.049650 1.336059 0.03
0.2036 -1.049516 1.376130 0.03
0.2149 -1.048343 1.416907 0.03
0.2260 -1.046143 1.458338 0.03
0.2369 -1.042931 1.500376 0.03
0.2475 -1.038721 1.542970 0.03
0.2579 -1.033530 1.586071 0.03
0.2679 -1.027372 1.629630 0.03
0.2776 -1.020265 1.673596 0.03
0.2870 -1.012226 1.717922 0.03
0.2959 -1.003271 1.762557 0.03
0.3045 -0.993419 1.807451 0.03
0.3126 -0.982687 1.852556 0.03
0.3203 -0.971095 1.897821 0.03
0.3274 -0.958662 1.943198 0.03
0.3341 -0.945407 1.988636 0.03
0.3403 -0.931351 2.034087 0.03
0.3459 -0.916513 2.079501 0.03
0.3509 -0.900915 2.124829 0.03
0.3554 -0.884578 2.170020 0.03
0.3592 -0.867523 2.215025 0.03
0.3625 -0.849773 2.259796 0.03
0.3650 -0.831349 2.304282 0.03
0.3670 -0.812273 2.348435 0.03
0.3682 -0.792570 2.392204 0.03
0.3688 -0.772261 2.435540 0.03
0.3686 -0.751371 2.478394 0.03
0.3677 -0.729923 2.520716 0.03
0.3661 -0.707940 2.562457 0.03
0.3637 -0.685448 2.603567 0.03
0.3605 -0.662470 2.643996 0.03
0.3566 -0.639031 2.683696 0.03
0.3518 -0.615156 2.722617 0.03
0.3463 -0.590871 2.760710 0.03
0.3399 -0.566199 2.797924 0.03
0.3327 -0.541166 2.834211 0.03
0.3247 -0.515799 2.869521 0.03
0.3158 -0.490122 2.903804 0.03
0.3061 -0.464161 2.937011 0.03
0.2955 -0.437942 2.969093 0.03
0.2840 -0.411492 3.000000 0.03

0.0000 0.000000 0.000000 0.03
-0.0014 -0.012213 0.029699 0.03
-0.0025 -0.025428 0.058223 0.03
-0.0035 -0.039602 0.085622 0.03
-0.0043 -0.054692 0.111945 0.03
-0.0048 -0.070654 0.137241 0.03
-0.0050 -0.087444 0.161561 0.03
-0.0049 -0.105017 0.184952 0.03
-0.0045 -0.123327 0.207466 0.03
-0.0036 -0.142327 0.229151 0.03
-0.0024 -0.161971 0.250057 0.03
-0.0008 -0.182211 0.270233 0.03
0.0012 -0.203000 0.289729 0.03
0.0037 -0.224288 0.308595 0.03
0.0067 -0.246028 0.326879 0.03
0.0102 -0.268171 0.344631 0.03
0.0141 -0.290668 0.361901 0.03
0.0185 -0.313468 0.378738 0.03
0.0234 -0.336524 0.395192 0.03
0.0289 -0.359786 0.411311 0.03
0.0349 -0.383203 0.427147 0.03
0.0413 -0.406726 0.442747 0.03
0.0483 -0.430306 0.458162 0.03
0.0559 -0.453893 0.473441 0.03
0.0639 -0.477438 0.488633 0.03
0.0724 -0.500892 0.503788 0.03
0.0815 -0.524206 0.518955 0.03
0.0910 -0.547331 0.534185 0.03
0.1010 -0.570219 0.549525 0.03
0.1115 -0.592822 0.565027 0.03
0.1224 -0.615093 0.580739 0.03
0.1338 -0.636984 0.596710 0.03
0.1456 -0.658449 0.612990 0.03
0.1578 -0.679442 0.629630 0.03
0.1704 -0.699918 0.646677 0.03
0.1833 -0.719831 0.664182 0.03
0.1966 -0.739138 0.682194 0.03
0.2102 -0.757796 0.700762 0.03
0.2240 -0.775763 0.719937 0.03
0.2381 -0.792995 0.739767 0.03
0.2524 -0.809453 0.760302 0.03
0.2669 -0.825097 0.781591 0.03
0.2815 -0.839888 0.803684 0.03
0.2963 -0.853788 0.826631 0.03
0.3111 -0.866760 0.850480 0.03
0.3259 -0.878769 0.875282 0.03
0.3408 -0.889779 0.901085 0.03
0.3555 -0.899757 0.927940 0.03
0.3702 -0.908671 0.955895 0.03
0.3848 -0.916490 0.985000 0.03
0.3991 -0.923185 1.015304 0.03
0.4132 -0.928751 1.046804 0.03
0.4271 -0.933203 1.079455 0.03
0.4407 -0.936560 1.113206 0.03
0.4539 -0.938842 1.148009 0.03
0.4669 -0.940066 1.183813 0.03
0.4794 -0.940252 1.220570 0.03
0.4916 -0.939421 1.258230 0.03
0.5033 -0.937593 1.296743 0.03
0.5146 -0.934788 1.336059 0.03
0.5255 -0.931029 1.376130 0.03
0.5358 -0.926336 1.416907 0.03
0.5457 -0.920733 1.458338 0.03
0.5550 -0.914241 1.500376 0.03
0.5637 -0.906883 1.542970 0.03
0.5719 -0.898683 1.586071 0.03
0.5795 -0.889663 1.629630 0.03
0.5864 -0.879849 1.673596 0.03
0.5927 -0.869263 1.717922 0.03
0.5984 -0.857931 1.762557 0.03
0.6034 -0.845878 1.807451 0.03
0.6077 -0.833127 1.852556 0.03
0.6113 -0.819705 1.897821 0.03
0.6142 -0.805638 1.943198 0.03
0.6163 -0.790949 1.988636 0.03
0.6177 -0.775667 2.034087 0.03
0.6183 -0.759816 2.079501 0.03
0.6182 -0.743424 2.124829 0.03
0.6172 -0.726516 2.170020 0.03
0.6155 -0.709119 2.215025 0.03
0.6129 -0.691260 2.259796 0.03
0.6095 -0.672966 2.304282 0.03
0.6053 -0.654264 2.348435 0.03
0.6002 -0.635182 2.392204 0.03
0.5943 -0.615745 2.435540 0.03
0.5876 -0.595982 2.478394 0.03
0.5799 -0.575920 2.520716 0.03
0.5714 -0.555587 2.562457 0.03
0.5620 -0.535009 2.603567 0.03
0.5517 -0.514214 2.643996 0.03
0.5406 -0.493230 2.683696 0.03
0.5285 -0.472085 2.722617 0.03
0.5156 -0.450804 2.760710 0.03
0.5017 -0.429417 2.797924 0.03
0.4870 -0.407950 2.834211 0.03
0.4713 -0.386430 2.869521 0.03
0.4548 -0.364886 2.903804 0.03
0.4373 -0.343343 2.937011 0.03
0.4190 -0.321829 2.969093 0.03
0.3997 -0.300371 3.000000 0.03

0.0000 0.000000 0.000000 0.03
0.0026 -0.012013 0.029699 0.03
0.0056 -0.024924 0.058223 0.03
0.0092 -0.038684 0.085622 0.03
0.0132 -0.053240 0.111945 0.03
0.0178 -0.068540 0.137241 0.03
0.0229 -0.084534 0.161561 0.03
0.0286 -0.101170 0.184952 0.03
0.0348 -0.118395 0.207466 0.03
0.0416 -0.136158 0.229151 0.03
0.0490 -0.154408 0.250057 0.03
0.0569 -0.173092 0.270233 0.03
0.0655 -0.192160 0.289729 0.03
0.0746 -0.211561 0.308595 0.03
0.0843 -0.231243 0.326879 0.03
0.0946 -0.251155 0.344631 0.03
0.1054 -0.271249 0.361901 0.03
0.1168 -0.291474 0.378738 0.03
0.1288 -0.311780 0.395192 0.03
0.1413 -0.332119 0.411311 0.03
0.1544 -0.352442 0.427147 0.03
0.1680 -0.372702 0.442747 0.03
0.1821 -0.392852 0.458162 0.03
0.1967 -0.412845 0.473441 0.03
0.2118 -0.432635 0.488633 0.03
0.2273 -0.452177 0.503788 0.03
0.2433 -0.471428 0.518955 0.03
0.2596 -0.490344 0.534185 0.03
0.2764 -0.508883 0.549525 0.03
0.2935 -0.527003 0.565027 0.03
0.3109 -0.544663 0.580739 0.03
0.3287 -0.561824 0.596710 0.03
0.3466 -0.578449 0.612990 0.03
0.3649 -0.594498 0.629630 0.03
0.3833 -0.609937 0.646677 0.03
0.4018 -0.624729 0.664182 0.03
0.4205 -0.638842 0.682194 0.03
0.4393 -0.652243 0.700762 0.03
0.4581 -0.664900 0.719937 0.03
0.4770 -0.676783 0.739767 0.03
0.4958 -0.687864 0.760302 0.03
0.5144 -0.698115 0.781591 0.03
0.5330 -0.707511 0.803684 0.03
0.5514 -0.716028 0.826631 0.03
0.5696 -0.723642 0.850480 0.03
0.5874 -0.730332 0.875282 0.03
0.6050 -0.736078 0.901085 0.03
0.6222 -0.740862 0.927940 0.03
0.6389 -0.744669 0.955895 0.03
0.6552 -0.747481 0.985000 0.03
0.6709 -0.749288 1.015304 0.03
0.6861 -0.750095 1.046804 0.03
0.7006 -0.749929 1.079455 0.03
0.7146 -0.748814 1.113206 0.03
0.7279 -0.746778 1.148009 0.03
0.7405 -0.743846 1.183813 0.03
0.7525 -0.740046 1.220570 0.03
0.7638 -0.735406 1.258230 0.03
0.7743 -0.729952 1.296743 0.03
0.7842 -0.723712 1.336059 0.03
0.7933 -0.716713 1.376130 0.03
0.8016 -0.708985 1.416907 0.03
0.8091 -0.700555 1.458338 0.03
0.8159 -0.691451 1.500376 0.03
0.8219 -0.681702 1.542970 0.03
0.8270 -0.671337 1.586071 0.03
0.8314 -0.660384 1.629630 0.03
0.8348 -0.648872 1.673596 0.03
0.8375 -0.636830 1.717922 0.03
0.8393 -0.624288 1.762557 0.03
0.8402 -0.611273 1.807451 0.03
0.8402 -0.597816 1.852556 0.03
0.8394 -0.583946 1.897821 0.03
0.8377 -0.569691 1.943198 0.03
0.8351 -0.555082 1.988636 0.03
0.8315 -0.540146 2.034087 0.03
0.8271 -0.524913 2.079501 0.03
0.8218 -0.509413 2.124829 0.03
0.8155 -0.493675 2.170020 0.03
0.8083 -0.477727 2.215025 0.03
0.8003 -0.461598 2.259796 0.03
0.7913 -0.445317 2.304282 0.03
0.7813 -0.428914 2.348435 0.03
0.7705 -0.412416 2.392204 0.03
0.7587 -0.395852 2.435540 0.03
0.7460 -0.379251 2.478394 0.03
0.7324 -0.362640 2.520716 0.03
0.7179 -0.346048 2.562457 0.03
0.7025 -0.329503 2.603567 0.03
0.6862 -0.313032 2.643996 0.03
0.6690 -0.296663 2.683696 0.03
0.6508 -0.280422 2.722617 0.03
0.6318 -0.264338 2.760710 0.03
0.6119 -0.248437 2.797924 0.03
0.5911 -0.232744 2.834211 0.03
0.5694 -0.217288 2.869521 0.03
0.5469 -0.202093 2.903804 0.03
0.5235 -0.187186 2.937011 0.03
0.4993 -0.172591 2.969093 0.03
0.4743 -0.158334 3.000000 0.03

0.0000 0.000000 0.000000 0.03
0.0063 -0.010576 0.029699 0.03
0.0132 -0.021856 0.058223 0.03
0.0210 -0.033785 0.085622 0.03
0.0294 -0.046308 0.111945 0.03
0.0386 -0.059372 0.137241 0.03
0.0485 -0.072924 0.161561 0.03
0.0592 -0.086909 0.184952 0.03
0.0705 -0.101277 0.207466 0.03
0.0826 -0.115975 0.229151 0.03
0.0954 -0.130952 0.250057 0.03
0.1088 -0.146157 0.270233 0.03
0.1229 -0.161542 0.289729 0.03
0.1377 -0.177058 0.308595 0.03
0.1532 -0.192656 0.326879 0.03
0.1692 -0.208289 0.344631 0.03
0.1859 -0.223912 0.361901 0.03
0.2031 -0.239478 0.378738 0.03
0.2209 -0.254945 0.395192 0.03
0.2392 -0.270268 0.411311 0.03
0.2581 -0.285406 0.427147 0.03
0.2774 -0.300317 0.442747 0.03
0.2972 -0.314962 0.458162 0.03
0.3173 -0.329303 0.473441 0.03
0.3379 -0.343301 0.488633 0.03
0.3588 -0.356921 0.503788 0.03
0.3800 -0.370128 0.518955 0.03
0.4016 -0.382888 0.534185 0.03
0.4233 -0.395169 0.549525 0.03
0.4453 -0.406940 0.565027 0.03
0.4674 -0.418172 0.580739 0.03
0.4896 -0.428838 0.596710 0.03
0.5120 -0.438910 0.612990 0.03
0.5343 -0.448364 0.629630 0.03
0.5567 -0.457177 0.646677 0.03
0.5790 -0.465326 0.664182 0.03
0.6012 -0.472792 0.682194 0.03
0.6233 -0.479556 0.700762 0.03
0.6451 -0.485600 0.719937 0.03
0.6667 -0.490911 0.739767 0.03
0.6881 -0.495474 0.760302 0.03
0.7090 -0.499278 0.781591 0.03
0.7296 -0.502312 0.803684 0.03
0.7498 -0.504569 0.826631 0.03
0.7694 -0.506041 0.850480 0.03
0.7885 -0.506724 0.875282 0.03
0.8069 -0.506615 0.901085 0.03
0.8248 -0.505713 0.927940 0.03
0.8419 -0.504020 0.955895 0.03
0.8582 -0.501536 0.985000 0.03
0.8737 -0.498269 1.015304 0.03
0.8883 -0.494235 1.046804 0.03
0.9021 -0.489467 1.079455 0.03
0.9149 -0.483995 1.113206 0.03
0.9269 -0.477850 1.148009 0.03
0.9380 -0.471065 1.183813 0.03
0.9481 -0.463670 1.220570 0.03
0.9573 -0.455698 1.258230 0.03
0.9656 -0.447179 1.296743 0.03
0.9730 -0.438145 1.336059 0.03
0.9794 -0.428628 1.376130 0.03
0.9849 -0.418660 1.416907 0.03
0.9893 -0.408270 1.458338 0.03
0.9929 -0.397492 1.500376 0.03
0.9955 -0.386355 1.542970 0.03
0.9971 -0.374892 1.586071 0.03
0.9977 -0.363132 1.629630 0.03
0.9974 -0.351108 1.673596 0.03
0.9961 -0.338850 1.717922 0.03
0.9938 -0.326388 1.762557 0.03
0.9905 -0.313752 1.807451 0.03
0.9863 -0.300974 1.852556 0.03
0.9811 -0.288083 1.897821 0.03
0.9750 -0.275108 1.943198 0.03
0.9679 -0.262081 1.988636 0.03
0.9598 -0.249029 2.034087 0.03
0.9508 -0.235983 2.079501 0.03
0.9408 -0.222971 2.124829 0.03
0.9299 -0.210022 2.170020 0.03
0.9180 -0.197164 2.215025 0.03
0.9053 -0.184425 2.259796 0.03
0.8916 -0.171833 2.304282 0.03
0.8769 -0.159416 2.348435 0.03
0.8614 -0.147201 2.392204 0.03
0.8450 -0.135215 2.435540 0.03
0.8277 -0.123484 2.478394 0.03
0.8096 -0.112034 2.520716 0.03
0.7906 -0.100892 2.562457 0.03
0.7707 -0.090082 2.603567 0.03
0.7500 -0.079630 2.643996 0.03
0.7285 -0.069560 2.683696 0.03
0.7061 -0.059897 2.722617 0.03
0.6830 -0.050664 2.760710 0.03
0.6591 -0.041885 2.797924 0.03
0.6344 -0.033583 2.834211 0.03
0.6089 -0.025781 2.869521 0.03
0.5828 -0.018500 2.903804 0.03
0.5559 -0.011762 2.937011 0.03
0.5283 -0.005588 2.969093 0.03
0.5000 -0.000000 3.000000 0.03

0.0000 0.000000 0.000000 0.03
0.0093 -0.008051 0.029699 0.03
0.0195 -0.016537 0.058223 0.03
0.0306 -0.025408 0.085622 0.03
0.0426 -0.034610 0.111945 0.03
0.0554 -0.044093 0.137241 0.03
0.0691 -0.053807 0.161561 0.03
0.0836 -0.063703 0.184952 0.03
0.0990 -0.073734 0.207466 0.03
0.1151 -0.083854 0.229151 0.03
0.1319 -0.094017 0.250057 0.03
0.1495 -0.104179 0.270233 0.03
0.1678 -0.114297 0.289729 0.03
0.1867 -0.124331 0.308595 0.03
0.2063 -0.134239 0.326879 0.03
0.2265 -0.143984 0.344631 0.03
0.2472 -0.153528 0.361901 0.03
0.2685 -0.162834 0.378738 0.03
0.2903 -0.171869 0.395192 0.03
0.3125 -0.180599 0.411311 0.03
0.3352 -0.188993 0.427147 0.03
0.3582 -0.197021 0.442747 0.03
0.3816 -0.204655 0.458162 0.03
0.4053 -0.211867 0.473441 0.03
0.4292 -0.218632 0.488633 0.03
0.4534 -0.224928 0.503788 0.03
0.4777 -0.230731 0.518955 0.03
0.5021 -0.236021 0.534185 0.03
0.5267 -0.240781 0.549525 0.03
0.5512 -0.244992 0.565027 0.03
0.5758 -0.248641 0.580739 0.03
0.6002 -0.251712 0.596710 0.03
0.6246 -0.254196 0.612990 0.03
0.6488 -0.256082 0.629630 0.03
0.6728 -0.257361 0.646677 0.03
0.6966 -0.258028 0.664182 0.03
0.7200 -0.258078 0.682194 0.03
0.7430 -0.257509 0.700762 0.03
0.7657 -0.256320 0.719937 0.03
0.7879 -0.254512 0.739767 0.03
0.8096 -0.252087 0.760302 0.03
0.8307 -0.249052 0.781591 0.03
0.8511 -0.245412 0.803684 0.03
0.8710 -0.241176 0.826631 0.03
0.8900 -0.236354 0.850480 0.03
0.9084 -0.230960 0.875282 0.03
0.9259 -0.225008 0.901085 0.03
0.9425 -0.218513 0.927940 0.03
0.9581 -0.211493 0.955895 0.03
0.9728 -0.203970 0.985000 0.03
0.9865 -0.195964 1.015304 0.03
0.9991 -0.187505 1.046804 0.03
1.0106 -0.178625 1.079455 0.03
1.0211 -0.169359 1.113206 0.03
1.0305 -0.159739 1.148009 0.03
1.0389 -0.149798 1.183813 0.03
1.0462 -0.139569 1.220570 0.03
1.0524 -0.129086 1.258230 0.03
1.0575 -0.118379 1.296743 0.03
1.0617 -0.107482 1.336059 0.03
1.0647 -0.096426 1.376130 0.03
1.0667 -0.085243 1.416907 0.03
1.0677 -0.073964 1.458338 0.03
1.0677 -0.062620 1.500376 0.03
1.0666 -0.051242 1.542970 0.03
1.0645 -0.039861 1.586071 0.03
1.0613 -0.028505 1.629630 0.03
1.0572 -0.017206 1.673596 0.03
1.0521 -0.005993 1.717922 0.03
1.0460 0.005107 1.762557 0.03
1.0389 0.016063 1.807451 0.03
1.0309 0.026847 1.852556 0.03
1.0219 0.037432 1.897821 0.03
1.0119 0.047791 1.943198 0.03
1.0010 0.057895 1.988636 0.03
0.9892 0.067719 2.034087 0.03
0.9766 0.077237 2.079501 0.03
0.9630 0.086421 2.124829 0.03
0.9485 0.095249 2.170020 0.03
0.9332 0.103693 2.215025 0.03
0.9171 0.111731 2.259796 0.03
0.9001 0.119337 2.304282 0.03
0.8823 0.126489 2.348435 0.03
0.8637 0.133164 2.392204 0.03
0.8444 0.139339 2.435540 0.03
0.8243 0.144992 2.478394 0.03
0.8034 0.150103 2.520716 0.03
0.7818 0.154649 2.562457 0.03
0.7596 0.158610 2.603567 0.03
0.7366 0.161968 2.643996 0.03
0.7130 0.164702 2.683696 0.03
0.6888 0.166793 2.722617 0.03
0.6639 0.168224 2.760710 0.03
0.6384 0.168977 2.797924 0.03
0.6124 0.169035 2.834211 0.03
0.5858 0.168380 2.869521 0.03
0.5586 0.166998 2.903804 0.03
0.5310 0.164873 2.937011 0.03
0.5029 0.161990 2.969093 0.03
0.4743 0.158334 3.000000 0.03

0.0000 0.000000 0.000000 0.03
0.0114 -0.004697 0.029699 0.03
0.0237 -0.009517 0.058223 0.03
0.0371 -0.014416 0.085622 0.03
0.0513 -0.019350 0.111945 0.03
0.0665 -0.024275 0.137241 0.03
0.0826 -0.029152 0.161561 0.03
0.0995 -0.033940 0.184952 0.03
0.1172 -0.038603 0.207466 0.03
0.1357 -0.043103 0.229151 0.03
0.1549 -0.047405 0.250057 0.03
0.1748 -0.051478 0.270233 0.03
0.1953 -0.055288 0.289729 0.03
0.2165 -0.058807 0.308595 0.03
0.2382 -0.062006 0.326879 0.03
0.2604 -0.064859 0.344631 0.03
0.2831 -0.067342 0.361901 0.03
0.3062 -0.069430 0.378738 0.03
0.3298 -0.071103 0.395192 0.03
0.3536 -0.072342 0.411311 0.03
0.3778 -0.073128 0.427147 0.03
0.4022 -0.073447 0.442747 0.03
0.4268 -0.073283 0.458162 0.03
0.4515 -0.072624 0.473441 0.03
0.4764 -0.071461 0.488633 0.03
0.5013 -0.069783 0.503788 0.03
0.5262 -0.067585 0.518955 0.03
0.5510 -0.064862 0.534185 0.03
0.5758 -0.061610 0.549525 0.03
0.6004 -0.057828 0.565027 0.03
0.6249 -0.053517 0.580739 0.03
0.6491 -0.048679 0.596710 0.03
0.6730 -0.043318 0.612990 0.03
0.6965 -0.037441 0.629630 0.03
0.7197 -0.031056 0.646677 0.03
0.7424 -0.024172 0.664182 0.03
0.7647 -0.016802 0.682194 0.03
0.7864 -0.008958 0.700762 0.03
0.8075 -0.000657 0.719937 0.03
0.8279 0.008084 0.739767 0.03
0.8477 0.017247 0.760302 0.03
0.8668 0.026809 0.781591 0.03
0.8851 0.036749 0.803684 0.03
0.9025 0.047041 0.826631 0.03
0.9191 0.057659 0.850480 0.03
0.9348 0.068575 0.875282 0.03
0.9495 0.079759 0.901085 0.03
0.9632 0.091179 0.927940 0.03
0.9758 0.102801 0.955895 0.03
0.9874 0.114591 0.985000 0.03
0.9978 0.126510 1.015304 0.03
1.0071 0.138525 1.046804 0.03
1.0152 0.150602 1.079455 0.03
1.0222 0.162709 1.113206 0.03
1.0281 0.174814 1.148009 0.03
1.0328 0.186887 1.183813 0.03
1.0365 0.198897 1.220570 0.03
1.0391 0.210813 1.258230 0.03
1.0406 0.222605 1.296743 0.03
1.0411 0.234244 1.336059 0.03
1.0405 0.245701 1.376130 0.03
1.0388 0.256948 1.416907 0.03
1.0362 0.267955 1.458338 0.03
1.0325 0.278697 1.500376 0.03
1.0279 0.289145 1.542970 0.03
1.0223 0.299273 1.586071 0.03
1.0158 0.309056 1.629630 0.03
1.0083 0.318467 1.673596 0.03
0.9999 0.327481 1.717922 0.03
0.9905 0.336075 1.762557 0.03
0.9804 0.344224 1.807451 0.03
0.9693 0.351905 1.852556 0.03
0.9574 0.359094 1.897821 0.03
0.9447 0.365771 1.943198 0.03
0.9312 0.371912 1.988636 0.03
0.9169 0.377498 2.034087 0.03
0.9018 0.382506 2.079501 0.03
0.8861 0.386919 2.124829 0.03
0.8696 0.390715 2.170020 0.03
0.8524 0.393877 2.215025 0.03
0.8345 0.396386 2.259796 0.03
0.8160 0.398224 2.304282 0.03
0.7968 0.399376 2.348435 0.03
0.7771 0.399823 2.392204 0.03
0.7568 0.399551 2.435540 0.03
0.7359 0.398545 2.478394 0.03
0.7145 0.396790 2.520716 0.03
0.6926 0.394272 2.562457 0.03
0.6702 0.390978 2.603567 0.03
0.6474 0.386895 2.643996 0.03
0.6242 0.382012 2.683696 0.03
0.6005 0.376316 2.722617 0.03
0.5764 0.369798 2.760710 0.03
0.5521 0.362447 2.797924 0.03
0.5273 0.354254 2.834211 0.03
0.5023 0.345210 2.869521 0.03
0.4770 0.335307 2.903804 0.03
0.4515 0.324537 2.937011 0.03
0.4257 0.312894 2.969093 0.03
0.3997 0.300371 3.000000 0.03

0.0000 0.000000 0.000000 0.03
0.0123 -0.000859 0.029699 0.03
0.0255 -0.001517 0.058223 0.03
0.0397 -0.001940 0.085622 0.03
0.0548 -0.002098 0.111945 0.03
0.0708 -0.001959 0.137241 0.03
0.0876 -0.001497 0.161561 0.03
0.1051 -0.000684 0.184952 0.03
0.1234 0.000502 0.207466 0.03
0.1424 0.002085 0.229151 0.03
0.1619 0.004086 0.250057 0.03
0.1821 0.006522 0.270233 0.03
0.2028 0.009412 0.289729 0.03
0.2240 0.012770 0.308595 0.03
0.2456 0.016609 0.326879 0.03
0.2675 0.020941 0.344631 0.03
0.2899 0.025776 0.361901 0.03
0.3125 0.031120 0.378738 0.03
0.3353 0.036981 0.395192 0.03
0.3583 0.043361 0.411311 0.03
0.3815 0.050263 0.427147 0.03
0.4047 0.057687 0.442747 0.03
0.4280 0.065632 0.458162 0.03
0.4513 0.074093 0.473441 0.03
0.4745 0.083066 0.488633 0.03
0.4976 0.092544 0.503788 0.03
0.5205 0.102516 0.518955 0.03
0.5432 0.112973 0.534185 0.03
0.5657 0.123902 0.549525 0.03
0.5879 0.135288 0.565027 0.03
0.6097 0.147115 0.580739 0.03
0.6311 0.159365 0.596710 0.03
0.6521 0.172018 0.612990 0.03
0.6725 0.185053 0.629630 0.03
0.6925 0.198446 0.646677 0.03
0.7119 0.212172 0.664182 0.03
0.7306 0.226205 0.682194 0.03
0.7487 0.240515 0.700762 0.03
0.7661 0.255073 0.719937 0.03
0.7828 0.269848 0.739767 0.03
0.7986 0.284805 0.760302 0.03
0.8137 0.299910 0.781591 0.03
0.8279 0.315126 0.803684 0.03
0.8412 0.330415 0.826631 0.03
0.8535 0.345738 0.850480 0.03
0.8649 0.361052 0.875282 0.03
0.8753 0.376316 0.901085 0.03
0.8847 0.391486 0.927940 0.03
0.8930 0.406515 0.955895 0.03
0.9003 0.421357 0.985000 0.03
0.9064 0.435964 1.015304 0.03
0.9114 0.450297 1.046804 0.03
0.9152 0.464327 1.079455 0.03
0.9181 0.478029 1.113206 0.03
0.9198 0.491374 1.148009 0.03
0.9205 0.504336 1.183813 0.03
0.9202 0.516891 1.220570 0.03
0.9189 0.529013 1.258230 0.03
0.9166 0.540677 1.296743 0.03
0.9133 0.551860 1.336059 0.03
0.9091 0.562539 1.376130 0.03
0.9040 0.572691 1.416907 0.03
0.8980 0.582295 1.458338 0.03
0.8912 0.591328 1.500376 0.03
0.8834 0.599772 1.542970 0.03
0.8749 0.607604 1.586071 0.03
0.8656 0.614807 1.629630 0.03
0.8555 0.621361 1.673596 0.03
0.8447 0.627249 1.717922 0.03
0.8331 0.632452 1.762557 0.03
0.8209 0.636955 1.807451 0.03
0.8080 0.640742 1.852556 0.03
0.7944 0.643796 1.897821 0.03
0.7803 0.646103 1.943198 0.03
0.7655 0.647649 1.988636 0.03
0.7502 0.648421 2.034087 0.03
0.7343 0.648406 2.079501 0.03
0.7179 0.647591 2.124829 0.03
0.7011 0.645966 2.170020 0.03
0.6838 0.643520 2.215025 0.03
0.6660 0.640242 2.259796 0.03
0.6479 0.636124 2.304282 0.03
0.6294 0.631156 2.348435 0.03
0.6105 0.625330 2.392204 0.03
0.5913 0.618639 2.435540 0.03
0.5718 0.611077 2.478394 0.03
0.5521 0.602637 2.520716 0.03
0.5321 0.593314 2.562457 0.03
0.5119 0.583103 2.603567 0.03
0.4916 0.572000 2.643996 0.03
0.4711 0.560002 2.683696 0.03
0.4504 0.547106 2.722617 0.03
0.4297 0.533310 2.760710 0.03
0.4089 0.518612 2.797924 0.03
0.3880 0.503011 2.834211 0.03
0.3671 0.486509 2.869521 0.03
0.3463 0.469104 2.903804 0.03
0.3255 0.450798 2.937011 0.03
0.3047 0.431593 2.969093 0.03
0.2840 0.411492 3.000000 0.03

0.0000 0.000000 0.000000 0.03
0.0119 0.003067 0.029699 0.03
0.0247 0.006639 0.058223 0.03
0.0383 0.010735 0.085622 0.03
0.0527 0.015370 0.111945 0.03
0.0678 0.020559 0.137241 0.03
0.0835 0.026313 0.161561 0.03
0.0999 0.032642 0.184952 0.03
0.1169 0.039555 0.207466 0.03
0.1344 0.047058 0.229151 0.03
0.1523 0.055156 0.250057 0.03
0.1707 0.063851 0.270233 0.03
0.1894 0.073143 0.289729 0.03
0.2084 0.083032 0.308595 0.03
0.2277 0.093515 0.326879 0.03
0.2471 0.104586 0.344631 0.03
0.2668 0.116240 0.361901 0.03
0.2865 0.128468 0.378738 0.03
0.3063 0.141259 0.395192 0.03
0.3262 0.154601 0.411311 0.03
0.3459 0.168482 0.427147 0.03
0.3656 0.182884 0.442747 0.03
0.3852 0.197792 0.458162 0.03
0.4046 0.213185 0.473441 0.03
0.4238 0.229044 0.488633 0.03
0.4427 0.245345 0.503788 0.03
0.4613 0.262066 0.518955 0.03
0.4795 0.279181 0.534185 0.03
0.4973 0.296661 0.549525 0.03
0.5148 0.314479 0.565027 0.03
0.5317 0.332605 0.580739 0.03
0.5481 0.351006 0.596710 0.03
0.5640 0.369649 0.612990 0.03
0.5793 0.388500 0.629630 0.03
0.5940 0.407522 0.646677 0.03
0.6080 0.426678 0.664182 0.03
0.6214 0.445928 0.682194 0.03
0.6340 0.465233 0.700762 0.03
0.6459 0.484550 0.719937 0.03
0.6570 0.503837 0.739767 0.03
0.6673 0.523050 0.760302 0.03
0.6768 0.542143 0.781591 0.03
0.6855 0.561069 0.803684 0.03
0.6932 0.579781 0.826631 0.03
0.7001 0.598231 0.850480 0.03
0.7061 0.616368 0.875282 0.03
0.7111 0.634141 0.901085 0.03
0.7152 0.651498 0.927940 0.03
0.7183 0.668387 0.955895 0.03
0.7205 0.684754 0.985000 0.03
0.7217 0.700544 1.015304 0.03
0.7219 0.715721 1.046804 0.03
0.7211 0.730261 1.079455 0.03
0.7194 0.744147 1.113206 0.03
0.7169 0.757358 1.148009 0.03
0.7134 0.769876 1.183813 0.03
0.7091 0.781683 1.220570 0.03
0.7041 0.792763 1.258230 0.03
0.6982 0.803099 1.296743 0.03
0.6915 0.812675 1.336059 0.03
0.6842 0.821476 1.376130 0.03
0.6761 0.829489 1.416907 0.03
0.6674 0.836700 1.458338 0.03
0.6580 0.843096 1.500376 0.03
0.6481 0.848665 1.542970 0.03
0.6375 0.853396 1.586071 0.03
0.6264 0.857278 1.629630 0.03
0.6147 0.860300 1.673596 0.03
0.6026 0.862455 1.717922 0.03
0.5900 0.863733 1.762557 0.03
0.5769 0.864127 1.807451 0.03
0.5635 0.863629 1.852556 0.03
0.5497 0.862233 1.897821 0.03
0.5355 0.859934 1.943198 0.03
0.5210 0.856726 1.988636 0.03
0.5062 0.852605 2.034087 0.03
0.4912 0.847567 2.079501 0.03
0.4759 0.841610 2.124829 0.03
0.4604 0.834730 2.170020 0.03
0.4448 0.826928 2.215025 0.03
0.4290 0.818200 2.259796 0.03
0.4131 0.808549 2.304282 0.03
0.3971 0.797972 2.348435 0.03
0.3811 0.786473 2.392204 0.03
0.3650 0.774052 2.435540 0.03
0.3489 0.760712 2.478394 0.03
0.3329 0.746456 2.520716 0.03
0.3169 0.731288 2.562457 0.03
0.3009 0.715211 2.603567 0.03
0.2851 0.698231 2.643996 0.03
0.2695 0.680353 2.683696 0.03
0.2540 0.661583 2.722617 0.03
0.2387 0.641929 2.760710 0.03
0.2236 0.621397 2.797924 0.03
0.2088 0.599995 2.834211 0.03
0.1942 0.577732 2.869521 0.03
0.1799 0.554617 2.903804 0.03
0.1660 0.530660 2.937011 0.03
0.1523 0.505870 2.969093 0.03
0.1391 0.480259 3.000000 0.03

0.0000 0.000000 0.000000 0.03
0.0103 0.006677 0.029699 0.03
0.0213 0.014112 0.058223 0.03
0.0329 0.022306 0.085622 0.03
0.0451 0.031256 0.111945 0.03
0.0578 0.040961 0.137241 0.03
0.0709 0.051414 0.161561 0.03
0.0845 0.062609 0.184952 0.03
0.0984 0.074537 0.207466 0.03
0.1126 0.087188 0.229151 0.03
0.1270 0.100549 0.250057 0.03
0.1417 0.114607 0.270233 0.03
0.1565 0.129346 0.289729 0.03
0.1714 0.144748 0.308595 0.03
0.1863 0.160795 0.326879 0.03
0.2013 0.177467 0.344631 0.03
0.2162 0.194740 0.361901 0.03
0.2311 0.212592 0.378738 0.03
0.2458 0.230997 0.395192 0.03
0.2604 0.249929 0.411311 0.03
0.2748 0.269359 0.427147 0.03
0.2889 0.289257 0.442747 0.03
0.3027 0.309593 0.458162 0.03
0.3163 0.330334 0.473441 0.03
0.3294 0.351446 0.488633 0.03
0.3422 0.372894 0.503788 0.03
0.3545 0.394642 0.518955 0.03
0.3664 0.416653 0.534185 0.03
0.3778 0.438886 0.549525 0.03
0.3887 0.461302 0.565027 0.03
0.3990 0.483861 0.580739 0.03
0.4088 0.506519 0.596710 0.03
0.4179 0.529234 0.612990 0.03
0.4265 0.551960 0.629630 0.03
0.4344 0.574653 0.646677 0.03
0.4416 0.597267 0.664182 0.03
0.4482 0.619753 0.682194 0.03
0.4541 0.642065 0.700762 0.03
0.4592 0.664153 0.719937 0.03
0.4637 0.685968 0.739767 0.03
0.4674 0.707458 0.760302 0.03
0.4703 0.728574 0.781591 0.03
0.4725 0.749262 0.803684 0.03
0.4740 0.769472 0.826631 0.03
0.4746 0.789150 0.850480 0.03
0.4746 0.808242 0.875282 0.03
0.4737 0.826695 0.901085 0.03
0.4721 0.844454 0.927940 0.03
0.4697 0.861464 0.955895 0.03
0.4666 0.877671 0.985000 0.03
0.4627 0.893020 1.015304 0.03
0.4581 0.907478 1.046804 0.03
0.4527 0.921032 1.079455 0.03
0.4468 0.933672 1.113206 0.03
0.4401 0.945389 1.148009 0.03
0.4329 0.956174 1.183813 0.03
0.4251 0.966019 1.220570 0.03
0.4168 0.974916 1.258230 0.03
0.4079 0.982860 1.296743 0.03
0.3986 0.989843 1.336059 0.03
0.3888 0.995862 1.376130 0.03
0.3787 1.000911 1.416907 0.03
0.3681 1.004987 1.458338 0.03
0.3572 1.008087 1.500376 0.03
0.3460 1.010208 1.542970 0.03
0.3344 1.011350 1.586071 0.03
0.3227 1.011511 1.629630 0.03
0.3107 1.010691 1.673596 0.03
0.2985 1.008891 1.717922 0.03
0.2861 1.006112 1.762557 0.03
0.2736 1.002356 1.807451 0.03
0.2610 0.997626 1.852556 0.03
0.2483 0.991924 1.897821 0.03
0.2356 0.985254 1.943198 0.03
0.2229 0.977622 1.988636 0.03
0.2102 0.969032 2.034087 0.03
0.1975 0.959490 2.079501 0.03
0.1849 0.949003 2.124829 0.03
0.1724 0.937578 2.170020 0.03
0.1600 0.925222 2.215025 0.03
0.1478 0.911943 2.259796 0.03
0.1358 0.897752 2.304282 0.03
0.1240 0.882656 2.348435 0.03
0.1124 0.866667 2.392204 0.03
0.1011 0.849794 2.435540 0.03
0.0901 0.832050 2.478394 0.03
0.0793 0.813445 2.520716 0.03
0.0690 0.793992 2.562457 0.03
0.0590 0.773704 2.603567 0.03
0.0494 0.752595 2.643996 0.03
0.0402 0.730677 2.683696 0.03
0.0314 0.707966 2.722617 0.03
0.0231 0.684476 2.760710 0.03
0.0153 0.660224 2.797924 0.03
0.0080 0.635223 2.834211 0.03
0.0012 0.609491 2.869521 0.03
-0.0050 0.583045 2.903804 0.03
-0.0106 0.555902 2.937011 0.03
-0.0157 0.528079 2.969093 0.03
-0.0201 0.499594 3.000000 0.03

0.0000 0.000000 0.000000 0.03
0.0077 0.009600 0.029699 0.03
0.0157 0.020132 0.058223 0.03
0.0242 0.031580 0.085622 0.03
0.0329 0.043925 0.111945 0.03
0.0418 0.057147 0.137241 0.03
0.0510 0.071223 0.161561 0.03
0.0603 0.086132 0.184952 0.03
0.0697 0.101847 0.207466 0.03
0.0792 0.118344 0.229151 0.03
0.0886 0.135593 0.250057 0.03
0.0981 0.153567 0.270233 0.03
0.1074 0.172235 0.289729 0.03
0.1167 0.191566 0.308595 0.03
0.1258 0.211526 0.326879 0.03
0.1347 0.232081 0.344631 0.03
0.1434 0.253196 0.361901 0.03
0.1519 0.274835 0.378738 0.03
0.1600 0.296960 0.395192 0.03
0.1679 0.319532 0.411311 0.03
0.1753 0.342511 0.427147 0.03
0.1824 0.365858 0.442747 0.03
0.1891 0.389529 0.458162 0.03
0.1954 0.413483 0.473441 0.03
0.2012 0.437675 0.488633 0.03
0.2065 0.462063 0.503788 0.03
0.2113 0.486599 0.518955 0.03
0.2156 0.511240 0.534185 0.03
0.2194 0.535937 0.549525 0.03
0.2226 0.560645 0.565027 0.03
0.2253 0.585314 0.580739 0.03
0.2273 0.609897 0.596710 0.03
0.2288 0.634345 0.612990 0.03
0.2297 0.658608 0.629630 0.03
0.2301 0.682637 0.646677 0.03
0.2298 0.706381 0.664182 0.03
0.2289 0.729789 0.682194 0.03
0.2274 0.752812 0.700762 0.03
0.2253 0.775397 0.719937 0.03
0.2226 0.797493 0.739767 0.03
0.2193 0.819050 0.760302 0.03
0.2154 0.840015 0.781591 0.03
0.2109 0.860337 0.803684 0.03
0.2059 0.879963 0.826631 0.03
0.2003 0.898844 0.850480 0.03
0.1942 0.916926 0.875282 0.03
0.1875 0.934159 0.901085 0.03
0.1804 0.950492 0.927940 0.03
0.1727 0.965873 0.955895 0.03
0.1646 0.980252 0.985000 0.03
0.1561 0.993580 1.015304 0.03
0.1471 1.005831 1.046804 0.03
0.1378 1.017003 1.079455 0.03
0.1281 1.027097 1.113206 0.03
0.1181 1.036114 1.148009 0.03
0.1078 1.044056 1.183813 0.03
0.0973 1.050925 1.220570 0.03
0.0866 1.056724 1.258230 0.03
0.0757 1.061458 1.296743 0.03
0.0646 1.065130 1.336059 0.03
0.0535 1.067746 1.376130 0.03
0.0422 1.069311 1.416907 0.03
0.0309 1.069833 1.458338 0.03
0.0196 1.069317 1.500376 0.03
0.0083 1.067773 1.542970 0.03
-0.0030 1.065209 1.586071 0.03
-0.0143 1.061633 1.629630 0.03
-0.0254 1.057055 1.673596 0.03
-0.0364 1.051485 1.717922 0.03
-0.0472 1.044935 1.762557 0.03
-0.0579 1.037416 1.807451 0.03
-0.0683 1.028939 1.852556 0.03
-0.0785 1.019518 1.897821 0.03
-0.0885 1.009165 1.943198 0.03
-0.0982 0.997894 1.988636 0.03
-0.1075 0.985720 2.034087 0.03
-0.1165 0.972656 2.079501 0.03
-0.1251 0.958719 2.124829 0.03
-0.1334 0.943923 2.170020 0.03
-0.1412 0.928286 2.215025 0.03
-0.1486 0.911823 2.259796 0.03
-0.1555 0.894552 2.304282 0.03
-0.1619 0.876491 2.348435 0.03
-0.1678 0.857657 2.392204 0.03
-0.1732 0.838069 2.435540 0.03
-0.1781 0.817747 2.478394 0.03
-0.1823 0.796708 2.520716 0.03
-0.1860 0.774973 2.562457 0.03
-0.1891 0.752563 2.603567 0.03
-0.1915 0.729496 2.643996 0.03
-0.1933 0.705795 2.683696 0.03
-0.1944 0.681480 2.722617 0.03
-0.1948 0.656573 2.760710 0.03
-0.1945 0.631095 2.797924 0.03
-0.1936 0.605069 2.834211 0.03
-0.1918 0.578517 2.869521 0.03
-0.1894 0.551462 2.903804 0.03
-0.1861 0.523927 2.937011 0.03
-0.1821 0.495934 2.969093 0.03
-0.1773 0.467508 3.000000 0.03

0.0000 0.000000 0.000000 0.03
0.0042 0.011535 0.029699 0.03
0.0086 0.024080 0.058223 0.03
0.0129 0.037604 0.085622 0.03
0.0173 0.052073 0.111945 0.03
0.0216 0.067450 0.137241 0.03
0.0258 0.083702 0.161561 0.03
0.0299 0.100789 0.184952 0.03
0.0339 0.118674 0.207466 0.03
0.0376 0.137318 0.229151 0.03
0.0411 0.156681 0.250057 0.03
0.0444 0.176721 0.270233 0.03
0.0474 0.197397 0.289729 0.03
0.0500 0.218666 0.308595 0.03
0.0524 0.240484 0.326879 0.03
0.0543 0.262808 0.344631 0.03
0.0559 0.285592 0.361901 0.03
0.0570 0.308790 0.378738 0.03
0.0578 0.332357 0.395192 0.03
0.0580 0.356247 0.411311 0.03
0.0579 0.380410 0.427147 0.03
0.0572 0.404802 0.442747 0.03
0.0560 0.429372 0.458162 0.03
0.0544 0.454073 0.473441 0.03
0.0522 0.478856 0.488633 0.03
0.0495 0.503672 0.503788 0.03
0.0463 0.528472 0.518955 0.03
0.0426 0.553207 0.534185 0.03
0.0384 0.577826 0.549525 0.03
0.0336 0.602282 0.565027 0.03
0.0283 0.626523 0.580739 0.03
0.0225 0.650501 0.596710 0.03
0.0162 0.674166 0.612990 0.03
0.0094 0.697468 0.629630 0.03
0.0021 0.720359 0.646677 0.03
-0.0057 0.742789 0.664182 0.03
-0.0140 0.764710 0.682194 0.03
-0.0227 0.786074 0.700762 0.03
-0.0319 0.806831 0.719937 0.03
-0.0414 0.826936 0.739767 0.03
-0.0514 0.846339 0.760302 0.03
-0.0617 0.864996 0.781591 0.03
-0.0724 0.882859 0.803684 0.03
-0.0833 0.899882 0.826631 0.03
-0.0946 0.916022 0.850480 0.03
-0.1062 0.931234 0.875282 0.03
-0.1179 0.945474 0.901085 0.03
-0.1299 0.958699 0.927940 0.03
-0.1420 0.970868 0.955895 0.03
-0.1543 0.981939 0.985000 0.03
-0.1666 0.991873 1.015304 0.03
-0.1790 1.000656 1.046804 0.03
-0.1914 1.008297 1.079455 0.03
-0.2037 1.014806 1.113206 0.03
-0.2161 1.020195 1.148009 0.03
-0.2283 1.024477 1.183813 0.03
-0.2405 1.027663 1.220570 0.03
-0.2525 1.029767 1.258230 0.03
-0.2643 1.030803 1.296743 0.03
-0.2760 1.030786 1.336059 0.03
-0.2874 1.029730 1.376130 0.03
-0.2986 1.027650 1.416907 0.03
-0.3095 1.024564 1.458338 0.03
-0.3200 1.020487 1.500376 0.03
-0.3303 1.015436 1.542970 0.03
-0.3402 1.009429 1.586071 0.03
-0.3497 1.002484 1.629630 0.03
-0.3588 0.994619 1.673596 0.03
-0.3675 0.985853 1.717922 0.03
-0.3757 0.976206 1.762557 0.03
-0.3834 0.965698 1.807451 0.03
-0.3906 0.954347 1.852556 0.03
-0.3974 0.942177 1.897821 0.03
-0.4035 0.929206 1.943198 0.03
-0.4091 0.915456 1.988636 0.03
-0.4141 0.900950 2.034087 0.03
-0.4185 0.885709 2.079501 0.03
-0.4223 0.869756 2.124829 0.03
-0.4254 0.853113 2.170020 0.03
-0.4279 0.835804 2.215025 0.03
-0.4297 0.817851 2.259796 0.03
-0.4308 0.799279 2.304282 0.03
-0.4311 0.780111 2.348435 0.03
-0.4308 0.760371 2.392204 0.03
-0.4297 0.740085 2.435540 0.03
-0.4279 0.719275 2.478394 0.03
-0.4252 0.697968 2.520716 0.03
-0.4218 0.676189 2.562457 0.03
-0.4176 0.653962 2.603567 0.03
-0.4127 0.631313 2.643996 0.03
-0.4068 0.608267 2.683696 0.03
-0.4002 0.584851 2.722617 0.03
-0.3927 0.561090 2.760710 0.03
-0.3844 0.537010 2.797924 0.03
-0.3752 0.512638 2.834211 0.03
-0.3652 0.487998 2.869521 0.03
-0.3542 0.463119 2.903804 0.03
-0.3425 0.438025 2.937011 0.03
-0.3298 0.412745 2.969093 0.03
-0.3162 0.387302 3.000000 0.03

0.0000 0.000000 0.000000 0.03
0.0004 0.012282 0.029699 0.03
0.0005 0.025550 0.058223 0.03
0.0003 0.039758 0.085622 0.03
-0.0001 0.054861 0.111945 0.03
-0.0009 0.070812 0.137241 0.03
-0.0020 0.087565 0.161561 0.03
-0.0035 0.105072 0.184952 0.03
-0.0055 0.123287 0.207466 0.03
-0.0078 0.142159 0.229151 0.03
-0.0106 0.161642 0.250057 0.03
-0.0138 0.181686 0.270233 0.03
-0.0176 0.202242 0.289729 0.03
-0.0218 0.223260 0.308595 0.03
-0.0265 0.244691 0.326879 0.03
-0.0317 0.266485 0.344631 0.03
-0.0374 0.288592 0.361901 0.03
-0.0437 0.310962 0.378738 0.03
-0.0505 0.333546 0.395192 0.03
-0.0578 0.356294 0.411311 0.03
-0.0656 0.379155 0.427147 0.03
-0.0739 0.402080 0.442747 0.03
-0.0828 0.425021 0.458162 0.03
-0.0922 0.447926 0.473441 0.03
-0.1021 0.470749 0.488633 0.03
-0.1125 0.493440 0.503788 0.03
-0.1234 0.515950 0.518955 0.03
-0.1348 0.538233 0.534185 0.03
-0.1466 0.560241 0.549525 0.03
-0.1588 0.581927 0.565027 0.03
-0.1715 0.603245 0.580739 0.03
-0.1846 0.624150 0.596710 0.03
-0.1981 0.644596 0.612990 0.03
-0.2120 0.664539 0.629630 0.03
-0.2262 0.683936 0.646677 0.03
-0.2407 0.702744 0.664182 0.03
-0.2554 0.720922 0.682194 0.03
-0.2705 0.738427 0.700762 0.03
-0.2857 0.755221 0.719937 0.03
-0.3011 0.771264 0.739767 0.03
-0.3167 0.786517 0.760302 0.03
-0.3324 0.800945 0.781591 0.03
-0.3482 0.814511 0.803684 0.03
-0.3640 0.827179 0.826631 0.03
-0.3798 0.838917 0.850480 0.03
-0.3956 0.849692 0.875282 0.03
-0.4113 0.859473 0.901085 0.03
-0.4268 0.868230 0.927940 0.03
-0.4421 0.875933 0.955895 0.03
-0.4573 0.882557 0.985000 0.03
-0.4721 0.888076 1.015304 0.03
-0.4866 0.892487 1.046804 0.03
-0.5008 0.895810 1.079455 0.03
-0.5146 0.898064 1.113206 0.03
-0.5280 0.899270 1.148009 0.03
-0.5410 0.899451 1.183813 0.03
-0.5535 0.898626 1.220570 0.03
-0.5656 0.896819 1.258230 0.03
-0.5771 0.894051 1.296743 0.03
-0.5882 0.890346 1.336059 0.03
-0.5987 0.885727 1.376130 0.03
-0.6086 0.880216 1.416907 0.03
-0.6180 0.873840 1.458338 0.03
-0.6267 0.866620 1.500376 0.03
-0.6349 0.858582 1.542970 0.03
-0.6423 0.849751 1.586071 0.03
-0.6492 0.840152 1.629630 0.03
-0.6553 0.829809 1.673596 0.03
-0.6608 0.818750 1.717922 0.03
-0.6655 0.806999 1.762557 0.03
-0.6695 0.794583 1.807451 0.03
-0.6728 0.781527 1.852556 0.03
-0.6753 0.767859 1.897821 0.03
-0.6770 0.753606 1.943198 0.03
-0.6779 0.738793 1.988636 0.03
-0.6781 0.723448 2.034087 0.03
-0.6774 0.707599 2.079501 0.03
-0.6760 0.691272 2.124829 0.03
-0.6737 0.674495 2.170020 0.03
-0.6705 0.657295 2.215025 0.03
-0.6665 0.639700 2.259796 0.03
-0.6617 0.621738 2.304282 0.03
-0.6560 0.603436 2.348435 0.03
-0.6494 0.584823 2.392204 0.03
-0.6419 0.565925 2.435540 0.03
-0.6336 0.546771 2.478394 0.03
-0.6244 0.527389 2.520716 0.03
-0.6143 0.507806 2.562457 0.03
-0.6032 0.488050 2.603567 0.03
-0.5913 0.468150 2.643996 0.03
-0.5785 0.448132 2.683696 0.03
-0.5648 0.428025 2.722617 0.03
-0.5502 0.407856 2.760710 0.03
-0.5347 0.387652 2.797924 0.03
-0.5182 0.367441 2.834211 0.03
-0.5009 0.347251 2.869521 0.03
-0.4827 0.327108 2.903804 0.03
-0.4635 0.307039 2.937011 0.03
-0.4435 0.287072 2.969093 0.03
-0.4226 0.267233 3.000000 0.03

0.0000 0.000000 0.000000 0.03
-0.0035 0.011766 0.029699 0.03
-0.0076 0.024390 0.058223 0.03
-0.0123 0.037819 0.085622 0.03
-0.0175 0.052002 0.111945 0.03
-0.0233 0.066885 0.137241 0.03
-0.0297 0.082415 0.161561 0.03
-0.0366 0.098541 0.184952 0.03
-0.0442 0.115210 0.207466 0.03
-0.0524 0.132368 0.229151 0.03
-0.0612 0.149966 0.250057 0.03
-0.0707 0.167950 0.270233 0.03
-0.0807 0.186270 0.289729 0.03
-0.0914 0.204874 0.308595 0.03
-0.1026 0.223712 0.326879 0.03
-0.1145 0.242733 0.344631 0.03
-0.1269 0.261888 0.361901 0.03
-0.1399 0.281128 0.378738 0.03
-0.1535 0.300404 0.395192 0.03
-0.1676 0.319668 0.411311 0.03
-0.1823 0.338874 0.427147 0.03
-0.1975 0.357974 0.442747 0.03
-0.2131 0.376923 0.458162 0.03
-0.2293 0.395676 0.473441 0.03
-0.2459 0.414189 0.488633 0.03
-0.2630 0.432419 0.503788 0.03
-0.2804 0.450324 0.518955 0.03
-0.2983 0.467861 0.534185 0.03
-0.3164 0.484992 0.549525 0.03
-0.3350 0.501677 0.565027 0.03
-0.3537 0.517878 0.580739 0.03
-0.3728 0.533557 0.596710 0.03
-0.3921 0.548680 0.612990 0.03
-0.4115 0.563211 0.629630 0.03
-0.4311 0.577118 0.646677 0.03
-0.4508 0.590368 0.664182 0.03
-0.4706 0.602931 0.682194 0.03
-0.4904 0.614777 0.700762 0.03
-0.5102 0.625878 0.719937 0.03
-0.5299 0.636208 0.739767 0.03
-0.5495 0.645742 0.760302 0.03
-0.5690 0.654455 0.781591 0.03
-0.5882 0.662327 0.803684 0.03
-0.6072 0.669337 0.826631 0.03
-0.6259 0.675465 0.850480 0.03
-0.6443 0.680694 0.875282 0.03
-0.6623 0.685009 0.901085 0.03
-0.6798 0.688396 0.927940 0.03
-0.6968 0.690842 0.955895 0.03
-0.7132 0.692337 0.985000 0.03
-0.7290 0.692872 1.015304 0.03
-0.7442 0.692457 1.046804 0.03
-0.7587 0.691120 1.079455 0.03
-0.7725 0.688887 1.113206 0.03
-0.7856 0.685786 1.148009 0.03
-0.7980 0.681847 1.183813 0.03
-0.8096 0.677096 1.220570 0.03
-0.8205 0.671563 1.258230 0.03
-0.8306 0.665277 1.296743 0.03
-0.8399 0.658265 1.336059 0.03
-0.8484 0.650558 1.376130 0.03
-0.8560 0.642185 1.416907 0.03
-0.8629 0.633174 1.458338 0.03
-0.8689 0.623555 1.500376 0.03
-0.8741 0.613357 1.542970 0.03
-0.8784 0.602611 1.586071 0.03
-0.8818 0.591345 1.629630 0.03
-0.8844 0.579590 1.673596 0.03
-0.8860 0.567375 1.717922 0.03
-0.8868 0.554730 1.762557 0.03
-0.8867 0.541684 1.807451 0.03
-0.8856 0.528267 1.852556 0.03
-0.8837 0.514509 1.897821 0.03
-0.8808 0.500439 1.943198 0.03
-0.8770 0.486088 1.988636 0.03
-0.8723 0.471484 2.034087 0.03
-0.8667 0.456657 2.079501 0.03
-0.8601 0.441637 2.124829 0.03
-0.8526 0.426452 2.170020 0.03
-0.8442 0.411133 2.215025 0.03
-0.8348 0.395707 2.259796 0.03
-0.8245 0.380203 2.304282 0.03
-0.8133 0.364652 2.348435 0.03
-0.8012 0.349080 2.392204 0.03
-0.7881 0.333516 2.435540 0.03
-0.7741 0.317989 2.478394 0.03
-0.7593 0.302527 2.520716 0.03
-0.7435 0.287156 2.562457 0.03
-0.7267 0.271906 2.603567 0.03
-0.7091 0.256802 2.643996 0.03
-0.6907 0.241872 2.683696 0.03
-0.6713 0.227144 2.722617 0.03
-0.6510 0.212642 2.760710 0.03
-0.6299 0.198394 2.797924 0.03
-0.6079 0.184426 2.834211 0.03
-0.5851 0.170762 2.869521 0.03
-0.5614 0.157429 2.903804 0.03
-0.5369 0.144451 2.937011 0.03
-0.5116 0.131852 2.969093 0.03
-0.4855 0.119658 3.000000 0.03

0.0000 0.000000 0.000000 0.03
-0.0071 0.010038 0.029699 0.03
-0.0150 0.020719 0.058223 0.03
-0.0236 0.031988 0.085622 0.03
-0.0330 0.043791 0.111945 0.03
-0.0433 0.056074 0.137241 0.03
-0.0542 0.068783 0.161561 0.03
-0.0660 0.081867 0.184952 0.03
-0.0784 0.095274 0.207466 0.03
-0.0916 0.108953 0.229151 0.03
-0.1056 0.122854 0.250057 0.03
-0.1202 0.136928 0.270233 0.03
-0.1355 0.151126 0.289729 0.03
-0.1515 0.165401 0.308595 0.03
-0.1682 0.179707 0.326879 0.03
-0.1854 0.193997 0.344631 0.03
-0.2033 0.208229 0.361901 0.03
-0.2217 0.222358 0.378738 0.03
-0.2407 0.236342 0.395192 0.03
-0.2602 0.250141 0.411311 0.03
-0.2802 0.263714 0.427147 0.03
-0.3007 0.277023 0.442747 0.03
-0.3215 0.290030 0.458162 0.03
-0.3428 0.302700 0.473441 0.03
-0.3644 0.314998 0.488633 0.03
-0.3864 0.326891 0.503788 0.03
-0.4086 0.338346 0.518955 0.03
-0.4311 0.349334 0.534185 0.03
-0.4537 0.359824 0.549525 0.03
-0.4766 0.369790 0.565027 0.03
-0.4995 0.379206 0.580739 0.03
-0.5226 0.388047 0.596710 0.03
-0.5456 0.396290 0.612990 0.03
-0.5687 0.403914 0.629630 0.03
-0.5917 0.410899 0.646677 0.03
-0.6146 0.417227 0.664182 0.03
-0.6373 0.422882 0.682194 0.03
-0.6598 0.427849 0.700762 0.03
-0.6821 0.432115 0.719937 0.03
-0.7041 0.435669 0.739767 0.03
-0.7257 0.438501 0.760302 0.03
-0.7469 0.440605 0.781591 0.03
-0.7677 0.441973 0.803684 0.03
-0.7879 0.442602 0.826631 0.03
-0.8076 0.442489 0.850480 0.03
-0.8267 0.441635 0.875282 0.03
-0.8451 0.440040 0.901085 0.03
-0.8628 0.437708 0.927940 0.03
-0.8797 0.434644 0.955895 0.03
-0.8957 0.430856 0.985000 0.03
-0.9109 0.426352 1.015304 0.03
-0.9252 0.421154 1.046804 0.03
-0.9385 0.415294 1.079455 0.03
-0.9509 0.408804 1.113206 0.03
-0.9623 0.401716 1.148009 0.03
-0.9728 0.394062 1.183813 0.03
-0.9824 0.385875 1.220570 0.03
-0.9909 0.377186 1.258230 0.03
-0.9985 0.368027 1.296743 0.03
-1.0051 0.358431 1.336059 0.03
-1.0107 0.348430 1.376130 0.03
-1.0153 0.338054 1.416907 0.03
-1.0190 0.327337 1.458338 0.03
-1.0217 0.316309 1.500376 0.03
-1.0233 0.305001 1.542970 0.03
-1.0240 0.293446 1.586071 0.03
-1.0237 0.281674 1.629630 0.03
-1.0224 0.269715 1.673596 0.03
-1.0201 0.257602 1.717922 0.03
-1.0168 0.245363 1.762557 0.03
-1.0126 0.233031 1.807451 0.03
-1.0073 0.220633 1.852556 0.03
-1.0011 0.208201 1.897821 0.03
-0.9939 0.195764 1.943198 0.03
-0.9858 0.183351 1.988636 0.03
-0.9767 0.170991 2.034087 0.03
-0.9667 0.158713 2.079501 0.03
-0.9557 0.146546 2.124829 0.03
-0.9438 0.134517 2.170020 0.03
-0.9309 0.122654 2.215025 0.03
-0.9172 0.110984 2.259796 0.03
-0.9025 0.099536 2.304282 0.03
-0.8869 0.088334 2.348435 0.03
-0.8705 0.077407 2.392204 0.03
-0.8532 0.066780 2.435540 0.03
-0.8350 0.056478 2.478394 0.03
-0.8160 0.046526 2.520716 0.03
-0.7961 0.036950 2.562457 0.03
-0.7755 0.027774 2.603567 0.03
-0.7540 0.019022 2.643996 0.03
-0.7317 0.010717 2.683696 0.03
-0.7087 0.002883 2.722617 0.03
-0.6849 -0.004458 2.760710 0.03
-0.6603 -0.011284 2.797924 0.03
-0.6350 -0.017573 2.834211 0.03
-0.6090 -0.023303 2.869521 0.03
-0.5824 -0.028454 2.903804 0.03
-0.5550 -0.033006 2.937011 0.03
-0.5270 -0.036939 2.969093 0.03
-0.4984 -0.040233 3.000000 0.03

0.0000 0.000000 0.000000 0.03
-0.0099 0.007277 0.029699 0.03
-0.0207 0.014916 0.058223 0.03
-0.0325 0.022865 0.085622 0.03
-0.0452 0.031073 0.111945 0.03
-0.0588 0.039491 0.137241 0.03
-0.0732 0.048071 0.161561 0.03
-0.0885 0.056767 0.184952 0.03
-0.1046 0.065532 0.207466 0.03
-0.1214 0.074324 0.229151 0.03
-0.1391 0.083097 0.250057 0.03
-0.1574 0.091812 0.270233 0.03
-0.1764 0.100427 0.289729 0.03
-0.1961 0.108904 0.308595 0.03
-0.2164 0.117205 0.326879 0.03
-0.2373 0.125294 0.344631 0.03
-0.2588 0.133137 0.361901 0.03
-0.2807 0.140701 0.378738 0.03
-0.3032 0.147954 0.395192 0.03
-0.3260 0.154867 0.411311 0.03
-0.3493 0.161410 0.427147 0.03
-0.3729 0.167558 0.442747 0.03
-0.3968 0.173285 0.458162 0.03
-0.4210 0.178568 0.473441 0.03
-0.4454 0.183386 0.488633 0.03
-0.4700 0.187717 0.503788 0.03
-0.4947 0.191544 0.518955 0.03
-0.5195 0.194850 0.534185 0.03
-0.5443 0.197621 0.549525 0.03
-0.5692 0.199842 0.565027 0.03
-0.5939 0.201504 0.580739 0.03
-0.6186 0.202596 0.596710 0.03
-0.6430 0.203111 0.612990 0.03
-0.6673 0.203043 0.629630 0.03
-0.6913 0.202387 0.646677 0.03
-0.7151 0.201142 0.664182 0.03
-0.7384 0.199307 0.682194 0.03
-0.7614 0.196884 0.700762 0.03
-0.7838 0.193876 0.719937 0.03
-0.8058 0.190288 0.739767 0.03
-0.8272 0.186128 0.760302 0.03
-0.8480 0.181404 0.781591 0.03
-0.8681 0.176127 0.803684 0.03
-0.8875 0.170311 0.826631 0.03
-0.9062 0.163969 0.850480 0.03
-0.9240 0.157119 0.875282 0.03
-0.9410 0.149778 0.901085 0.03
-0.9570 0.141968 0.927940 0.03
-0.9720 0.133710 0.955895 0.03
-0.9861 0.125028 0.985000 0.03
-0.9991 0.115949 1.015304 0.03
-1.0109 0.106503 1.046804 0.03
-1.0217 0.096724 1.079455 0.03
-1.0314 0.086645 1.113206 0.03
-1.0400 0.076298 1.148009 0.03
-1.0476 0.065718 1.183813 0.03
-1.0540 0.054936 1.220570 0.03
-1.0594 0.043986 1.258230 0.03
-1.0636 0.032898 1.296743 0.03
-1.0669 0.021705 1.336059 0.03
-1.0690 0.010438 1.376130 0.03
-1.0701 -0.000871 1.416907 0.03
-1.0702 -0.012192 1.458338 0.03
-1.0692 -0.023494 1.500376 0.03
-1.0672 -0.034748 1.542970 0.03
-1.0642 -0.045923 1.586071 0.03
-1.0602 -0.056990 1.629630 0.03
-1.0552 -0.067920 1.673596 0.03
-1.0492 -0.078686 1.717922 0.03
-1.0422 -0.089257 1.762557 0.03
-1.0342 -0.099608 1.807451 0.03
-1.0254 -0.109709 1.852556 0.03
-1.0155 -0.119536 1.897821 0.03
-1.0048 -0.129061 1.943198 0.03
-0.9931 -0.138257 1.988636 0.03
-0.9806 -0.147101 2.034087 0.03
-0.9672 -0.155566 2.079501 0.03
-0.9529 -0.163629 2.124829 0.03
-0.9378 -0.171264 2.170020 0.03
-0.9218 -0.178450 2.215025 0.03
-0.9051 -0.185161 2.259796 0.03
-0.8876 -0.191377 2.304282 0.03
-0.8693 -0.197075 2.348435 0.03
-0.8502 -0.202233 2.392204 0.03
-0.8304 -0.206830 2.435540 0.03
-0.8099 -0.210847 2.478394 0.03
-0.7887 -0.214263 2.520716 0.03
-0.7669 -0.217059 2.562457 0.03
-0.7443 -0.219216 2.603567 0.03
-0.7212 -0.220716 2.643996 0.03
-0.6974 -0.221541 2.683696 0.03
-0.6731 -0.221674 2.722617 0.03
-0.6482 -0.221099 2.760710 0.03
-0.6227 -0.219800 2.797924 0.03
-0.5968 -0.217762 2.834211 0.03
-0.5703 -0.214969 2.869521 0.03
-0.5434 -0.211408 2.903804 0.03
-0.5160 -0.207066 2.937011 0.03
-0.4882 -0.201928 2.969093 0.03
-0.4600 -0.195983 3.000000 0.03

0.0000 0.000000 0.000000 0.03
-0.0117 0.003768 0.029699 0.03
-0.0244 0.007578 0.058223 0.03
-0.0381 0.011388 0.085622 0.03
-0.0527 0.015156 0.111945 0.03
-0.0683 0.018843 0.137241 0.03
-0.0847 0.022411 0.161561 0.03
-0.1019 0.025824 0.184952 0.03
-0.1199 0.029046 0.207466 0.03
-0.1387 0.032044 0.229151 0.03
-0.1582 0.034787 0.250057 0.03
-0.1784 0.037246 0.270233 0.03
-0.1991 0.039391 0.289729 0.03
-0.2205 0.041197 0.308595 0.03
-0.2424 0.042640 0.326879 0.03
-0.2648 0.043695 0.344631 0.03
-0.2876 0.044342 0.361901 0.03
-0.3108 0.044562 0.378738 0.03
-0.3344 0.044338 0.395192 0.03
-0.3583 0.043653 0.411311 0.03
-0.3824 0.042493 0.427147 0.03
-0.4068 0.040847 0.442747 0.03
-0.4313 0.038705 0.458162 0.03
-0.4559 0.036057 0.473441 0.03
-0.4806 0.032898 0.488633 0.03
-0.5053 0.029222 0.503788 0.03
-0.5299 0.025027 0.518955 0.03
-0.5545 0.020311 0.534185 0.03
-0.5789 0.015077 0.549525 0.03
-0.6031 0.009325 0.565027 0.03
-0.6272 0.003062 0.580739 0.03
-0.6509 -0.003707 0.596710 0.03
-0.6743 -0.010974 0.612990 0.03
-0.6973 -0.018727 0.629630 0.03
-0.7199 -0.026956 0.646677 0.03
-0.7420 -0.035646 0.664182 0.03
-0.7635 -0.044782 0.682194 0.03
-0.7845 -0.054346 0.700762 0.03
-0.8049 -0.064319 0.719937 0.03
-0.8246 -0.074679 0.739767 0.03
-0.8436 -0.085404 0.760302 0.03
-0.8618 -0.096469 0.781591 0.03
-0.8792 -0.107847 0.803684 0.03
-0.8958 -0.119510 0.826631 0.03
-0.9115 -0.131428 0.850480 0.03
-0.9262 -0.143569 0.875282 0.03
-0.9400 -0.155900 0.901085 0.03
-0.9527 -0.168385 0.927940 0.03
-0.9644 -0.180987 0.955895 0.03
-0.9749 -0.193668 0.985000 0.03
-0.9844 -0.206388 1.015304 0.03
-0.9926 -0.219110 1.046804 0.03
-0.9998 -0.231802 1.079455 0.03
-1.0058 -0.244433 1.113206 0.03
-1.0107 -0.256972 1.148009 0.03
-1.0145 -0.269390 1.183813 0.03
-1.0171 -0.281656 1.220570 0.03
-1.0188 -0.293742 1.258230 0.03
-1.0193 -0.305617 1.296743 0.03
-1.0188 -0.317255 1.336059 0.03
-1.0173 -0.328627 1.376130 0.03
-1.0148 -0.339706 1.416907 0.03
-1.0113 -0.350465 1.458338 0.03
-1.0068 -0.360879 1.500376 0.03
-1.0013 -0.370920 1.542970 0.03
-0.9949 -0.380565 1.586071 0.03
-0.9876 -0.389788 1.629630 0.03
-0.9794 -0.398565 1.673596 0.03
-0.9703 -0.406874 1.717922 0.03
-0.9603 -0.414691 1.762557 0.03
-0.9495 -0.421993 1.807451 0.03
-0.9378 -0.428760 1.852556 0.03
-0.9254 -0.434970 1.897821 0.03
-0.9122 -0.440601 1.943198 0.03
-0.8982 -0.445636 1.988636 0.03
-0.8835 -0.450053 2.034087 0.03
-0.8681 -0.453834 2.079501 0.03
-0.8520 -0.456962 2.124829 0.03
-0.8353 -0.459418 2.170020 0.03
-0.8179 -0.461186 2.215025 0.03
-0.7999 -0.462249 2.259796 0.03
-0.7813 -0.462592 2.304282 0.03
-0.7621 -0.462199 2.348435 0.03
-0.7424 -0.461057 2.392204 0.03
-0.7222 -0.459152 2.435540 0.03
-0.7015 -0.456470 2.478394 0.03
-0.6803 -0.452999 2.520716 0.03
-0.6587 -0.448727 2.562457 0.03
-0.6366 -0.443643 2.603567 0.03
-0.6142 -0.437736 2.643996 0.03
-0.5914 -0.430996 2.683696 0.03
-0.5683 -0.423415 2.722617 0.03
-0.5448 -0.414984 2.760710 0.03
-0.5211 -0.405694 2.797924 0.03
-0.4971 -0.395538 2.834211 0.03
-0.4729 -0.384510 2.869521 0.03
-0.4485 -0.372603 2.903804 0.03
-0.4239 -0.359812 2.937011 0.03
-0.3991 -0.346133 2.969093 0.03
-0.3743 -0.331561 3.000000 0.03

0.0000 0.000000 0.000000 0.03
-0.0123 -0.000130 0.029699 0.03
-0.0255 -0.000541 0.058223 0.03
-0.0397 -0.001261 0.085622 0.03
-0.0548 -0.002321 0.111945 0.03
-0.0707 -0.003744 0.137241 0.03
-0.0874 -0.005555 0.161561 0.03
-0.1048 -0.007777 0.184952 0.03
-0.1230 -0.010431 0.207466 0.03
-0.1417 -0.013534 0.229151 0.03
-0.1611 -0.017103 0.250057 0.03
-0.1810 -0.021154 0.270233 0.03
-0.2014 -0.025699 0.289729 0.03
-0.2222 -0.030749 0.308595 0.03
-0.2434 -0.036314 0.326879 0.03
-0.2650 -0.042402 0.344631 0.03
-0.2869 -0.049017 0.361901 0.03
-0.3090 -0.056163 0.378738 0.03
-0.3312 -0.063842 0.395192 0.03
-0.3537 -0.072054 0.411311 0.03
-0.3762 -0.080797 0.427147 0.03
-0.3988 -0.090068 0.442747 0.03
-0.4213 -0.099860 0.458162 0.03
-0.4439 -0.110166 0.473441 0.03
-0.4663 -0.120977 0.488633 0.03
-0.4885 -0.132281 0.503788 0.03
-0.5106 -0.144067 0.518955 0.03
-0.5324 -0.156318 0.534185 0.03
-0.5539 -0.169019 0.549525 0.03
-0.5751 -0.182152 0.565027 0.03
-0.5958 -0.195696 0.580739 0.03
-0.6162 -0.209629 0.596710 0.03
-0.6361 -0.223929 0.612990 0.03
-0.6555 -0.238570 0.629630 0.03
-0.6743 -0.253525 0.646677 0.03
-0.6925 -0.268765 0.664182 0.03
-0.7101 -0.284262 0.682194 0.03
-0.7269 -0.299982 0.700762 0.03
-0.7431 -0.315893 0.719937 0.03
-0.7585 -0.331959 0.739767 0.03
-0.7731 -0.348145 0.760302 0.03
-0.7869 -0.364412 0.781591 0.03
-0.7998 -0.380720 0.803684 0.03
-0.8119 -0.397030 0.826631 0.03
-0.8229 -0.413297 0.850480 0.03
-0.8331 -0.429480 0.875282 0.03
-0.8422 -0.445531 0.901085 0.03
-0.8503 -0.461406 0.927940 0.03
-0.8574 -0.477056 0.955895 0.03
-0.8634 -0.492431 0.985000 0.03
-0.8683 -0.507482 1.015304 0.03
-0.8722 -0.522170 1.046804 0.03
-0.8749 -0.536469 1.079455 0.03
-0.8766 -0.550352 1.113206 0.03
-0.8773 -0.563794 1.148009 0.03
-0.8769 -0.576771 1.183813 0.03
-0.8756 -0.589259 1.220570 0.03
-0.8733 -0.601235 1.258230 0.03
-0.8701 -0.612677 1.296743 0.03
-0.8659 -0.623561 1.336059 0.03
-0.8609 -0.633868 1.376130 0.03
-0.8550 -0.643577 1.416907 0.03
-0.8482 -0.652667 1.458338 0.03
-0.8407 -0.661119 1.500376 0.03
-0.8323 -0.668915 1.542970 0.03
-0.8232 -0.676036 1.586071 0.03
-0.8133 -0.682466 1.629630 0.03
-0.8027 -0.688187 1.673596 0.03
-0.7915 -0.693184 1.717922 0.03
-0.7795 -0.697442 1.762557 0.03
-0.7670 -0.700945 1.807451 0.03
-0.7538 -0.703680 1.852556 0.03
-0.7400 -0.705633 1.897821 0.03
-0.7257 -0.706792 1.943198 0.03
-0.7109 -0.707146 1.988636 0.03
-0.6956 -0.706682 2.034087 0.03
-0.6797 -0.705390 2.079501 0.03
-0.6635 -0.703261 2.124829 0.03
-0.6468 -0.700285 2.170020 0.03
-0.6298 -0.696453 2.215025 0.03
-0.6123 -0.691758 2.259796 0.03
-0.5946 -0.686193 2.304282 0.03
-0.5765 -0.679751 2.348435 0.03
-0.5582 -0.672427 2.392204 0.03
-0.5396 -0.664214 2.435540 0.03
-0.5208 -0.655109 2.478394 0.03
-0.5018 -0.645109 2.520716 0.03
-0.4827 -0.634208 2.562457 0.03
-0.4634 -0.622407 2.603567 0.03
-0.4440 -0.609701 2.643996 0.03
-0.4245 -0.596091 2.683696 0.03
-0.4049 -0.581575 2.722617 0.03
-0.3854 -0.566155 2.760710 0.03
-0.3658 -0.549830 2.797924 0.03
-0.3463 -0.532602 2.834211 0.03
-0.3268 -0.514473 2.869521 0.03
-0.3074 -0.495447 2.903804 0.03
-0.2881 -0.475525 2.937011 0.03
-0.2690 -0.454712 2.969093 0.03
-0.2500 -0.433013 3.000000 0.03

