232.328691 98.481894 35.395543
178.537859 12.741514 17.887728
148.791985 92.561069 66.185115
20.057971 14.231884 12.289855
171.623656 62.412527 37.673660
237.406977 148.848837 10.970060
16.972603 121.876712 81.602740
11.473054 92.729592 144.818878
150.251634 109.934641 54.463087
185.365123 74.546448 41.712209
109.601307 48.993464 22.135135
46.120155 112.748062 87.240310
189.202899 14.956522 22.260870
37.697115 139.394231 106.810096
170.525424 153.033898 146.644068
27.240741 134.716049 108.944444
162.755459 130.938865 48.746512
107.892426 69.588364 67.961538
175.076923 38.476923 28.000000
153.969194 119.918246 67.879475
161.249664 119.401342 53.308108
21.248175 44.444444 34.788530
212.123253 159.894536 29.104905
26.840237 104.177515 150.008876
241.113208 160.792453 23.858491
18.743056 18.479167 26.333333
168.773842 137.209809 102.355224
233.613900 95.127413 26.864865
146.750000 136.822289 129.527108
93.144578 49.298193 67.563253
34.168790 25.066879 20.394569
193.733108 98.648649 54.525597
231.566879 93.891720 29.515924
222.512500 130.068750 31.449664
228.851429 187.171429 28.417647
27.248322 96.238255 143.979866
193.878261 16.543478 24.495652
77.791111 101.491228 70.289474
172.583851 129.341615 66.624161
127.863014 119.734247 116.490411
190.435897 34.452991 31.009009
200.753501 19.868347 26.935574
192.159091 15.136364 23.502525
176.539095 76.121849 121.617284
242.151573 234.801716 225.077216
16.637168 126.743363 90.849558
239.052500 157.375000 20.839695
16.962617 25.339207 20.915556
197.707753 189.934394 181.322068
112.985138 114.972399 124.031847
16.950000 129.400000 96.350000
207.500000 17.500000 27.500000
82.688088 61.686520 35.231018
178.465479 19.950339 28.812500
179.283333 12.708333 18.016667
100.272349 52.948025 127.621622
183.038674 11.883978 17.651934
47.113464 39.773071 35.298033
219.991643 86.749304 20.445682
181.490196 101.313725 61.780000
20.141720 47.343402 77.578696
140.071770 125.880383 120.956938
26.866071 68.879464 55.008929
24.257576 98.754209 147.441077
233.987854 151.578947 9.655602
45.627976 72.552083 118.553571
218.625000 102.156250 42.283582
184.125926 101.251244 48.533156
64.231132 16.731132 33.966981
244.504110 234.627397 218.186301
196.293233 17.015038 25.609023
51.110701 48.811808 65.169173
218.635870 86.250000 18.059783
197.477273 15.223485 25.712121
14.110294 129.014706 94.727941
150.034749 106.799228 48.599593
153.288462 135.069930 51.425960
163.707566 138.842536 105.981595
231.887006 89.050847 28.590909
200.206651 98.508314 44.189320
230.604982 106.398577 38.096085
27.650000 107.561983 88.685950
240.387033 159.540275 18.841584
188.245783 146.980723 91.720000
115.575851 112.467492 54.116667
73.168269 149.129808 119.370192
91.500000 39.939815 114.537037
182.427673 29.059603 33.059211
140.946136 127.161593 122.370023
15.906015 131.244361 100.353383
115.139706 111.897059 125.113971
24.385057 138.666667 109.022989
149.371365 112.069351 56.693237
233.301724 197.224138 34.796460
16.442953 124.369128 87.371365
116.219298 40.743363 26.581281
244.215470 235.508287 222.441989
232.312057 150.569740 12.412322
186.268116 76.175182 129.572464
29.595041 143.830579 115.421488
30.738155 38.775561 83.087282
205.057895 17.615789 28.410526
16.259136 42.811550 55.942249
223.508065 171.717742 75.758065
234.231760 223.493562 207.253219
192.996753 16.048701 24.503247
146.384615 142.371795 150.467949
173.271318 84.403101 48.600000
172.702899 170.836957 68.973684
28.175439 134.921739 112.156522
12.485961 77.890558 116.332618
28.827206 20.371324 45.154412
166.319231 158.221154 148.144231
75.575985 92.172608 106.609756
26.841849 101.058394 147.980535
14.983871 52.624339 70.659459
83.869427 149.009554 91.745223
108.789127 99.161450 94.228995
226.099174 188.545455 32.516949
26.083643 19.412639 43.648699
246.572072 162.734234 19.761261
192.878571 14.228571 23.407143
20.304762 121.738318 91.397196
238.088652 224.955674 208.851064
83.825688 37.871560 113.036697
65.347368 31.759494 61.917895
218.625767 139.987730 19.447368
11.585903 94.940452 143.482546
24.660221 16.455801 13.770718
135.316726 135.266904 134.811388
23.735043 89.316456 122.054852
146.140065 117.765372 65.478405
67.666667 60.214744 65.189103
195.692857 16.178571 25.085714
147.562376 137.219802 125.299010
231.505792 96.795367 33.633205
172.948905 17.487370 17.575039
230.854305 89.390728 26.463576
22.830900 34.210462 25.216545
55.059490 58.980170 88.841360
177.308511 88.271277 49.441489
135.596405 130.294118 121.643791
142.840000 125.275000 55.635000
58.177143 43.294286 62.528818
25.941729 104.259398 150.334586
44.201149 18.804598 35.517241
124.076923 99.742081 59.172093
233.146988 107.462651 37.643373
114.680639 164.812375 90.083832
28.288641 20.493482 43.895717
31.488789 36.479821 77.542601
42.258947 69.235789 118.014737
137.860000 125.290000 119.030000
32.138037 40.180982 86.220859
181.716364 12.625455 17.898182
119.403509 54.671053 24.261468
56.189744 39.579487 57.618557
236.952381 210.464286 66.595238
201.330189 58.141509 57.188679
24.130841 18.672897 44.719626
226.137931 210.977011 188.241379
203.695266 145.846154 63.393491
130.491961 102.144695 68.845395
233.226387 147.188906 9.004518
189.118774 111.049808 55.282787
242.147638 160.799213 20.311024
232.156863 149.607843 9.598039
237.815287 225.248408 209.363057
22.175573 17.053435 45.366412
16.276316 124.828947 89.236842
28.097087 104.737864 151.655340
151.582064 144.445008 66.980668
235.981432 151.084881 10.562334
226.412371 214.608247 198.814433
173.055666 31.031809 34.437376
235.110132 224.874449 209.741722
134.597561 134.000000 134.219512
232.051282 92.623932 32.410256
125.398601 91.702797 52.452297
222.836066 187.377049 28.322034
236.380126 151.321767 10.341894
176.053333 95.830986 18.728814
217.137600 89.424000 22.497600
13.741758 75.681319 112.373626
25.802632 18.105263 42.401316
109.790991 95.713514 40.048148
192.328358 16.201493 24.921642
183.275641 26.333333 29.394231
93.037736 66.466981 35.990291
232.994460 221.193906 206.631579
35.045016 53.353312 79.630915
41.174098 145.558386 116.692144
229.720588 194.647059 33.698529
25.679901 19.074442 43.727047
235.346939 97.408163 29.851312
192.210526 13.175439 21.017544
29.273504 37.982906 84.598291
147.348921 58.035971 52.552727
132.555205 121.943218 111.135647
230.820755 148.216981 10.871287
244.419872 162.493590 18.189103
193.205882 13.421569 22.218954
13.341463 128.780488 94.975610
142.072000 69.224000 66.988000
239.198953 227.600349 214.057592
62.381579 65.464912 90.478070
206.598684 18.256579 28.059211
15.300366 129.234432 95.435897
148.093750 135.476562 126.768463
89.803846 78.980769 88.288462
120.090909 144.636364 56.373626
199.060127 150.522152 67.335443
46.480740 90.221880 72.768875
16.767908 13.000000 10.384615
240.353808 161.427518 23.506143
88.910448 85.656716 101.089552
193.542169 77.769697 26.442424
114.174242 90.000000 67.070866
24.867036 17.578947 46.759003
181.168646 149.954869 108.823671
178.736041 115.512821 58.191011
182.242553 131.753191 63.307359
194.836898 19.184492 28.925134
29.250313 26.136250 21.347500
25.173913 17.809783 40.201087
28.534653 144.633663 112.049505
177.741379 12.301724 17.034483
90.512500 62.583333 32.147982
52.792683 98.526703 120.096475
130.426439 129.543710 138.652452
13.292434 76.472617 117.557809
223.596154 173.221154 89.461538
91.094421 58.922747 108.742489
29.243346 39.220532 84.859316
33.322148 56.604027 74.939597
145.348624 65.207951 56.913846
23.217857 18.296429 45.039286
191.670213 13.414894 21.819149
107.414798 17.282511 28.069507
139.555556 124.599034 97.777778
211.682927 196.411585 71.283537
140.013761 128.146789 121.701835
168.482490 46.627193 75.152000
80.398537 108.805808 121.684211
27.151685 35.412921 27.682584
204.528736 33.261494 40.071839
185.755486 177.056426 165.278997
86.152620 124.423690 140.143508
136.500000 102.843750 52.714286
207.140000 15.980000 27.780000
202.619748 17.084034 27.286920
120.207143 95.200000 49.534296
182.139423 29.274510 32.782383
164.389908 154.444954 142.018349
115.138004 101.273885 115.171975
212.528090 149.474719 50.677419
149.408163 21.781250 25.887640
221.200599 198.284431 69.481595
218.320665 166.064133 54.466993
30.638393 105.910714 147.589286
196.176596 18.687234 28.655319
235.233983 149.805014 8.061281
225.542216 128.335092 33.663448
225.411945 141.021505 9.834658
230.613139 108.756691 40.345499
181.158621 82.466667 61.530414
52.132075 52.309434 81.513208
233.845070 148.357746 8.834783
14.321212 127.545455 91.078788
192.107221 15.030635 23.612691
182.664336 12.608392 17.811189
12.432606 63.688506 95.271577
209.066667 198.533333 183.566667
236.080078 151.539062 9.739216
181.258216 13.187793 18.000000
30.152355 118.653740 95.105263
215.233668 84.753769 19.936869
176.586667 96.010000 31.620301
168.308383 125.320359 67.025316
127.770833 128.699301 74.708333
186.747549 147.115196 99.858586
191.206478 122.615385 15.492891
42.094170 125.560538 92.307339
27.169231 138.430769 107.400000
239.147059 159.360294 25.669118
84.147059 38.500000 113.441176
118.740909 148.747727 82.845966
13.253602 76.766571 117.481268
185.965517 122.655172 92.758621
12.900673 75.029900 110.921927
29.537255 56.711538 84.113462
237.255533 229.690141 218.903421
14.224176 15.890558 17.783262
120.549213 118.153543 132.324803
31.863426 82.415929 90.084071
12.737805 90.380319 140.888298
122.654412 102.198529 40.443983
32.751979 66.192612 53.493404
227.484262 215.905569 206.828087
243.946970 161.232323 19.037879
194.568627 14.264706 22.931373
26.699805 19.795322 45.077973
13.306954 75.516355 108.988318
12.830565 78.644737 115.769737
26.453901 17.822695 44.801418
25.811594 142.411594 113.597101
13.526738 73.890957 111.117021
151.123123 86.876877 65.779264
206.453125 181.140625 183.421875
139.639113 90.324597 85.887097
194.214477 15.737265 24.278820
228.553517 188.403670 26.292763
196.341772 12.556962 22.670886
49.391534 126.970899 94.592593
14.302405 10.621993 8.938144
209.550914 155.621410 32.409605
200.110224 65.425361 133.379200
26.184987 131.962466 104.975871
85.424051 39.006329 114.772152
53.313525 86.829615 69.798768
22.875000 14.319444 10.169014
240.447537 162.295503 25.933619
16.543860 87.086667 93.696667
235.920000 150.904000 9.848000
119.892683 16.009756 26.029268
13.100000 75.142857 111.607143
141.104839 131.153226 124.413978
13.742574 129.871287 95.465347
22.230352 17.964770 46.086721
84.183333 94.120000 113.666667
179.930894 22.028455 28.963415
9.888889 96.494340 147.779245
166.017857 70.532143 23.312727
244.575342 160.438356 22.808219
174.671470 87.783862 38.334365
16.691643 129.642651 97.962536
93.600000 47.974000 64.638000
217.021277 88.723404 31.212766
23.761658 122.435233 86.906736
219.114754 199.360656 64.114754
126.188277 119.090586 112.321492
219.274648 210.045775 198.728873
233.180723 150.180723 10.108434
234.858469 149.791183 8.310905
16.846154 126.557692 88.461538
67.146119 85.479452 102.095890
203.034722 182.500000 155.050926
14.272727 129.148760 93.586777
31.337037 73.588889 58.496296
146.658120 111.008547 54.401709
86.423529 38.431373 113.658824
48.475410 63.185792 108.076923
192.360465 14.645349 22.395349
198.517060 138.900262 50.776903
24.240506 18.405063 44.822785
188.797665 93.871595 49.558704
231.541844 99.729078 35.902128
16.610092 128.438073 93.993119
123.589286 115.314935 107.032468
77.787402 87.622047 69.645669
202.910377 20.787736 30.306604
26.133333 17.886667 44.820000
231.020408 112.085714 43.093878
16.020833 127.826389 92.194444
224.269494 188.522572 33.930299
175.849673 27.009804 29.647059
198.592334 15.884211 26.292683
29.387324 45.183099 64.563380
137.451852 133.477778 139.703704
230.528024 147.277286 11.418879
238.634731 227.053892 210.736527
66.736264 57.129121 64.258242
107.428094 24.605072 19.589354
129.072289 35.554656 28.114537
140.467909 132.639752 125.656315
25.041379 138.765517 105.710345
211.198973 140.197689 25.906292
186.253521 16.317647 27.266509
16.993506 72.146707 95.868263
194.267123 22.472603 29.575342
132.901606 128.907631 127.827309
31.449827 31.986159 59.986159
76.059211 16.171053 33.197368
17.394432 86.712297 133.167053
32.751351 37.675676 85.583784
33.391304 107.996047 147.505929
16.028630 75.857430 112.839357
125.455607 83.761682 20.369727
234.974194 223.954839 207.051613
194.500000 41.678049 44.305825
204.286344 107.242291 31.390863
187.882353 84.459893 41.497093
24.155963 73.706422 93.183486
33.120527 27.932203 49.024482
30.246964 39.854251 84.461538
203.950820 192.975410 179.786885
95.597055 49.148594 117.214190
65.532374 89.349282 106.389952
206.261290 179.083871 138.287097
116.064356 82.336634 113.504950
15.628809 87.050667 96.637333
233.316998 148.716692 10.242331
31.809896 38.078125 81.138021
239.867550 161.761589 24.860927
182.427673 29.059603 33.059211
17.085938 124.804688 88.867188
240.803571 227.553571 212.190476
25.503145 17.669811 45.122642
100.050314 76.176101 65.218543
41.188797 35.240664 57.746888
235.754717 98.833962 31.430189
99.686364 28.527523 20.889447
61.382653 139.255102 94.780105
240.366906 232.585132 216.705036
19.969231 18.963077 72.696875
30.936047 38.081395 84.715116
22.752688 139.591398 108.892473
225.894459 210.444591 190.032982
233.867391 106.773913 38.600000
96.174194 82.851613 51.547945
23.822222 28.492593 57.044444
187.690722 84.948454 31.584416
240.892857 160.285714 24.839286
64.486486 68.959459 92.892734
16.470405 127.825545 94.031153
188.613924 183.056962 176.873418
128.949772 123.785388 130.707763
26.907859 112.571816 89.734417
13.770161 35.590361 46.477912
104.716502 95.787024 95.919605
204.905923 14.512195 28.989547
199.664336 180.986014 163.915493
203.084507 14.000000 27.159624
16.062500 19.010309 17.752688
202.694268 158.019108 70.167785
28.885375 53.041985 74.442748
14.998514 86.280415 122.609792
165.620370 155.731481 145.444444
78.507353 37.764706 22.167939
200.472941 114.258824 115.268235
106.176768 79.421717 29.617647
178.940000 21.900000 27.730000
233.560976 150.836237 9.090592
231.242697 98.712360 33.716854
138.520408 128.255102 122.459184
29.853503 39.047771 84.394904
194.883152 14.304348 23.453804
27.697509 38.761566 86.758007
207.248521 200.378698 192.674556
71.877358 71.358491 82.962264
25.273810 18.178571 43.357143
45.155039 13.921875 13.366667
24.851852 139.975309 108.962963
24.579065 82.902004 63.055679
169.535354 158.964646 40.950521
73.075055 66.123620 59.896247
204.790164 21.216393 30.304918
221.287879 169.734848 80.090909
208.461224 177.195918 136.142857
178.024876 69.251244 34.450000
157.116505 99.299353 36.064815
13.073733 75.388262 110.993228
224.291536 185.385580 26.980707
73.264331 149.050955 105.875796
186.983568 164.147887 140.773585
175.875776 133.759834 64.487069
30.192192 22.120120 44.033033
44.382445 44.661442 34.789308
186.708861 102.746835 56.666667
18.104000 125.332000 91.556000
181.902439 174.963415 162.402439
244.532407 161.106481 21.226852
192.281250 16.750000 26.331250
133.617778 103.395556 98.937778
23.000000 17.859873 46.611465
43.468059 43.054054 85.708845
13.226190 72.106719 109.031621
25.788820 76.294479 77.453988
176.232558 11.686047 17.587209
120.718487 98.911765 33.669565
226.236641 192.671756 38.847328
187.400000 31.169231 106.676923
187.698020 15.589109 23.138614
234.323404 225.502128 213.553191
26.894180 80.004950 68.292079
38.800000 66.260674 115.658427
185.947020 83.668874 83.664384
84.590504 22.149254 24.151515
219.090024 111.294404 28.300532
199.922374 18.586047 30.355814
32.319231 34.834615 60.553846
219.401033 187.325301 65.744643
215.683544 182.936709 32.371622
134.230769 125.000000 118.298077
128.458937 91.357488 45.065990
72.103926 103.598624 83.674312
218.235023 87.105991 21.414747
91.313480 98.749216 116.874608
23.050000 90.823214 136.544643
100.047319 104.558360 117.908517
