15.087748 76.522519 112.176566
233.557182 149.443480 10.361020
179.697088 13.267637 17.719013
227.583723 190.873785 32.729399
212.132897 83.913338 20.991523
86.593492 39.116736 110.964360
128.828255 124.524238 124.007618
21.569470 21.685101 75.273766
210.621795 196.583333 185.820513
59.187100 50.050107 43.941867
231.041332 222.482204 210.831803
232.081940 219.934915 204.086256
184.479167 22.489583 106.062663
209.325048 101.594646 154.697318
194.180787 141.207262 59.093797
86.765900 56.737483 32.598775
196.012908 136.900532 52.578947
194.859920 24.015743 33.904702
223.303918 211.248345 196.474753
38.481359 50.044444 85.679012
24.369827 19.413660 15.164021
193.144237 137.994520 62.081784
37.051852 27.601852 20.907407
235.897674 226.304651 216.413953
202.886754 144.606726 61.333333
49.715580 31.241848 20.609524
171.797682 34.204641 30.159516
43.447692 32.118462 18.849383
211.744000 172.568000 42.824490
222.399073 197.379611 65.707607
198.714578 150.910082 70.558793
39.727770 25.145773 24.474925
222.779904 201.078947 74.918660
182.058824 31.425743 106.215686
245.486934 237.707753 227.927265
35.728132 142.367418 114.343159
39.221719 33.597814 25.109112
210.449321 161.183386 76.542400
221.546768 103.201148 38.911631
17.073422 127.147390 92.771856
35.203558 41.477060 81.426217
49.398111 27.428378 18.172821
15.241824 11.901139 11.124706
11.387822 94.517670 145.176111
16.381467 12.782391 11.163013
36.826142 140.733728 108.603805
17.257161 87.399294 123.291212
121.391726 114.556180 107.166496
25.889868 19.016474 43.972323
176.091667 25.836905 28.260714
210.304674 200.447201 181.915753
21.566010 88.444201 128.792852
138.680685 127.057855 120.719181
193.664505 16.782226 24.908108
30.727016 135.530764 104.810753
215.725322 200.901288 184.974249
30.222473 22.416065 18.626588
102.850554 52.439729 129.908364
133.878929 132.833900 133.719626
240.435246 159.989665 22.163111
230.363827 96.785844 32.865981
42.707413 66.887201 113.968692
28.016708 101.053634 145.853751
