209.071795 37.071795 59.071795
151.825871 7.825871 6.825871
137.505576 7.962825 5.241636
8.867133 15.664384 33.664384
210.587500 39.212500 59.100000
152.465241 7.331551 7.465241
102.160377 70.179245 59.254717
112.798387 79.798387 71.895161
45.687500 126.687500 68.687500
152.338235 8.338235 7.338235
144.521008 8.504202 6.486957
152.887147 7.373041 7.271160
153.051948 6.051948 7.420290
46.716418 127.716418 70.003731
153.259494 7.405063 7.348101
104.140351 72.738791 61.575049
183.716216 110.428571 59.846154
151.679144 7.679144 6.727273
221.489676 190.778761 86.860119
110.707447 78.212766 68.191489
50.683511 118.853723 66.140957
150.497297 7.427027 6.713514
7.704301 12.978495 27.795699
153.234483 7.234483 7.965517
111.232210 81.385768 71.599251
109.668050 79.738589 68.593361
155.961240 7.961240 5.961240
114.179487 85.183761 77.239316
156.267606 8.239437 6.253521
10.506356 13.654661 29.379237
99.500000 67.500000 56.500000
150.678082 7.691781 6.691781
7.366516 14.366516 32.339367
68.260870 103.669565 64.600000
157.976027 7.976027 6.976027
34.509009 27.946281 30.558333
46.583578 127.583578 69.583578
145.792453 8.103774 6.075472
23.199766 105.803738 139.938084
146.672043 7.016129 5.844086
7.473913 14.430435 32.452174
22.120332 104.180498 138.493776
148.654839 7.358065 6.193548
208.125000 36.125000 58.125000
50.045070 131.138028 74.926761
105.858779 77.893130 66.889313
47.024038 128.024038 70.024038
154.468354 19.464516 15.218543
75.202055 95.095890 63.219178
47.139860 108.314754 67.209836
109.605634 77.605634 66.605634
172.882353 67.365546 42.608295
155.836207 7.836207 5.836207
110.085714 77.114286 68.057143
150.733333 6.733333 5.733333
101.482877 79.924658 65.904110
6.470085 13.470085 31.470085
157.690244 7.690244 6.690244
154.502703 7.454054 6.508108
102.805970 70.544776 60.067164
109.197761 76.682836 66.645522
13.167453 12.400474 26.273585
45.433333 124.933333 67.683333
213.348739 40.626050 63.004202
217.079545 164.420455 77.517241
212.498233 38.498233 61.498233
223.025000 192.916667 83.383333
108.984496 77.015504 67.302326
7.651452 12.975104 28.601660
156.245283 8.245283 6.245283
147.581132 7.158491 5.890566
153.429577 7.640845 7.640845
147.889169 6.989873 6.005102
110.991525 78.966102 68.016949
152.009524 8.009524 7.009524
223.465409 193.352201 86.037736
112.037383 80.252336 70.747664
45.874046 111.528986 66.490909
111.093168 79.000000 68.186335
111.780430 79.260143 69.300716
224.718750 192.789062 85.117188
209.553846 37.553846 59.553846
212.310078 38.868217 60.697674
8.064103 14.858974 32.961538
157.108974 7.615385 6.362179
110.611354 77.772926 69.438865
206.961832 146.946565 82.305085
101.557895 73.557895 61.557895
65.627010 106.321543 65.292605
20.140957 102.579787 138.454787
213.186957 92.519651 68.379913
44.470588 125.470588 67.470588
151.297872 7.297872 6.297872
61.730435 50.193642 51.069565
21.145833 103.395833 140.020833
50.019231 132.750000 74.682692
153.463576 7.463576 7.463576
105.655431 10.764045 13.872659
106.231250 74.693750 63.793750
213.361404 157.042105 73.126316
42.774436 123.368421 65.308271
21.656667 105.036667 138.976667
153.077922 7.077922 7.116883
211.876543 38.611111 61.166667
26.910624 27.173693 37.588926
47.658537 128.658537 70.658537
96.360000 75.520000 70.090000
195.405530 76.244240 24.958525
214.408451 108.345070 69.471831
48.107438 129.107438 71.107438
50.153191 10.702128 19.497872
209.903846 39.293269 59.750000
6.636364 13.707071 31.671717
222.505319 192.553191 84.026596
114.077778 86.033333 74.555556
74.014870 11.063197 19.119231
103.602151 71.602151 60.602151
116.431280 9.824645 12.645631
49.545752 130.385621 74.457516
5.350877 12.011494 29.867816
151.631970 7.631970 6.736059
20.408163 103.884354 137.721088
107.866667 82.893855 76.011111
50.406977 128.523256 77.081395
111.892857 82.816964 71.736607
222.739726 192.762557 84.479452
44.345794 124.785047 66.196262
106.371542 75.134387 64.031621
46.548209 127.548209 69.548209
153.451737 7.472973 7.610039
151.790698 7.953488 6.895349
132.360902 7.694656 5.920354
162.487896 24.366730 14.099804
111.153226 78.612903 68.693548
150.872881 11.330508 10.102804
26.838415 104.984756 137.661585
153.403226 7.403226 7.403226
21.315476 103.541667 140.166667
48.437500 129.401786 71.517857
8.090164 12.721311 31.532787
109.110220 76.603206 66.106212
6.686099 13.721973 31.291480
211.211268 37.584507 60.380282
47.437908 128.368192 72.381264
47.896552 128.896552 70.465517
142.686275 7.431373 5.813725
102.979381 70.268041 60.690722
153.166667 7.166667 7.166667
114.216000 85.232000 77.184000
46.845745 127.856383 70.101064
109.789256 77.789256 66.789256
49.178125 129.850000 74.093750
97.984375 77.835938 71.359375
152.720588 7.024510 7.553922
135.219212 6.842365 4.802111
205.666667 38.304348 57.347826
153.121622 7.121622 7.121622
22.201087 45.708543 41.146096
151.527607 7.883436 6.907975
46.094077 126.864111 68.979094
151.942857 7.942857 6.942857
156.171271 8.171271 6.171271
107.836066 75.786885 64.885246
46.899225 130.170543 73.899225
155.687919 7.687919 5.687919
134.289902 8.313725 7.604730
110.383234 81.479042 72.904192
209.735099 37.715232 59.725166
10.368821 14.026565 31.127135
134.365217 6.982143 4.971698
183.935714 112.158672 56.414062
151.823529 7.823529 6.823529
100.232877 72.232877 61.068493
101.872180 69.872180 58.526316
151.935583 7.935583 6.935583
157.550661 30.271493 20.245283
211.307692 108.072115 71.140097
48.390909 129.390909 71.390909
148.692308 6.692308 5.692308
151.732877 7.732877 6.732877
109.662162 77.662162 66.662162
208.010163 37.758130 59.091463
153.777778 7.777778 8.611111
102.279070 71.240310 60.302326
7.177515 14.461538 29.881657
146.851485 7.554455 6.227723
191.045902 125.098361 61.411765
106.451187 75.514512 64.559367
151.901961 7.901961 6.901961
99.722973 76.885135 69.817568
46.057971 127.108696 68.905797
105.068404 72.964169 62.061889
152.561905 8.561905 7.561905
151.752381 7.619048 6.695238
153.888462 7.450000 6.357692
46.649485 127.649485 69.649485
110.468571 80.354286 72.497143
107.078652 75.592697 64.738764
153.828829 7.761261 5.140271
207.600000 35.600000 57.600000
220.437158 189.808743 80.502732
48.614815 129.659259 72.518519
50.102410 130.656627 75.060241
217.579909 187.461187 77.744292
20.897059 37.910256 40.974359
152.663551 6.663551 6.962617
25.738129 106.805755 140.838849
148.465753 7.219178 6.219178
109.685921 77.606498 66.765343
101.000000 68.290323 58.564516
119.647619 9.258900 10.624204
20.977077 104.865714 140.717143
222.829268 188.731707 83.707317
99.063636 66.550000 56.409091
151.571875 7.571875 6.571875
107.808511 75.808511 64.808511
110.719101 78.337079 68.168539
150.638783 7.399240 6.832700
157.047337 7.615385 6.331361
152.891026 7.250000 7.701923
67.898039 18.072289 25.073469
112.419847 80.419847 69.419847
150.250000 7.511364 6.511364
78.882353 80.683824 83.720588
101.240310 68.992248 58.162791
46.733840 127.733840 69.733840
88.658470 73.371585 70.483607
7.406427 14.349716 32.190926
225.333333 195.142857 95.990476
109.654930 81.084507 70.091549
7.476684 14.476684 32.538860
143.853933 6.977528 5.157303
8.500000 11.873913 27.491304
153.052174 7.052174 7.913043
149.172131 7.040984 6.114754
218.288136 184.559322 79.299145
152.984375 6.984375 6.984375
217.596529 186.917570 78.301518
45.448916 125.842105 66.139319
109.882096 81.589520 71.056769
103.619469 72.163717 61.101770
114.769231 86.647436 76.025641
19.487500 104.137500 139.512500
100.836735 71.030612 60.224490
102.636364 70.600000 59.672727
216.529412 186.050420 77.008403
152.243902 8.243902 7.243902
107.528926 75.632231 65.756198
221.845070 194.598592 90.894366
155.517857 7.517857 5.517857
156.593103 8.289655 6.441379
109.072727 76.727273 66.418182
110.219780 78.170330 67.346154
9.895623 12.013468 27.023569
102.190000 74.920000 62.590000
133.643939 4.523438 3.104348
219.074468 190.638298 81.829787
78.462963 80.254630 84.351852
43.445428 105.365782 130.911504
212.176755 80.467312 67.309927
49.070000 130.655000 72.460000
43.366379 122.534483 65.275862
153.085106 7.085106 7.184397
111.424460 78.719424 69.129496
149.049296 7.401408 6.401408
151.943503 7.909605 6.926554
151.662222 7.706667 6.706667
153.088235 7.088235 7.373950
103.245536 71.245536 60.245536
99.784404 67.444954 57.123853
47.255474 126.598540 71.386861
109.034091 79.693182 69.340909
40.415094 97.049057 120.826415
145.229249 7.395257 5.671937
45.400000 126.400000 68.400000
10.112069 18.317073 32.439024
153.503759 7.503759 8.112782
143.582031 8.082031 6.105469
140.200000 5.987755 4.555556
47.456376 128.456376 70.456376
152.539726 7.712329 7.320548
49.122222 130.566667 73.788889
108.444444 76.444444 65.444444
221.475000 194.600000 85.250000
84.750000 80.711538 82.980769
8.309524 14.071429 32.690476
55.081218 119.098985 69.449239
49.265861 130.247734 72.682779
101.092233 73.140777 61.436893
100.953846 68.600000 58.307692
152.060465 7.725581 6.939535
211.485294 39.485294 61.485294
71.790262 97.029963 63.059925
157.162562 7.576355 6.369458
156.243781 8.233831 6.238806
208.925234 36.925234 58.925234
100.385000 68.350000 56.090000
209.685714 37.571429 59.628571
213.830189 152.783019 71.769231
46.692737 127.692737 69.692737
151.266129 8.266129 7.266129
16.793333 30.034161 31.218069
52.615764 93.182266 111.876847
151.509554 7.598726 6.751592
156.311111 8.311111 6.311111
107.724138 79.793103 68.491379
94.608333 77.100000 73.091667
100.074074 71.303704 60.355556
210.210280 38.210280 60.210280
151.613445 7.298319 6.544681
108.712707 80.635359 70.386740
224.899083 195.633028 87.027523
7.194690 14.300885 31.070796
107.172794 75.055147 64.290441
101.306250 70.781250 60.137500
13.600000 16.500000 31.500000
151.322917 7.322917 6.322917
101.459459 73.471471 61.906907
219.093333 188.193333 80.213333
166.326087 52.423913 35.797619
155.097561 7.380488 6.126829
45.634146 125.451220 66.865854
212.511494 172.796512 87.165644
207.208333 35.145833 57.177083
206.345098 159.035294 73.502058
211.937705 39.645902 60.862295
155.909747 7.909747 5.909747
211.761006 37.918239 60.839623
151.354260 7.626126 6.656109
223.896552 193.802956 84.413793
226.462069 195.517241 87.641379
107.081081 74.882883 64.594595
209.212329 37.184932 59.198630
112.000000 83.000000 75.130435
112.745763 84.677966 73.694915
205.798658 36.000000 57.221477
29.097315 66.956113 49.699367
45.135266 126.135266 67.855072
11.716418 14.169154 29.427861
102.740741 74.740741 62.655556
213.097179 39.849530 62.473354
46.721311 127.721311 69.721311
209.429577 37.429577 59.429577
210.158470 38.158470 60.158470
154.237288 7.604520 6.115819
84.177570 86.116822 61.892523
45.646900 126.730458 68.371968
222.784141 190.154185 85.057269
52.611702 124.244681 72.111702
88.545455 74.771619 71.864745
101.116418 68.755224 58.513433
109.840909 77.215909 67.659091
46.509434 127.509434 69.509434
151.137931 7.137931 6.137931
99.611111 67.611111 56.611111
148.771186 7.161017 6.296610
7.455078 14.449416 32.221790
80.291457 85.115578 90.065327
221.708075 192.282609 85.220497
112.803279 84.770492 73.393443
11.595420 14.507576 29.507576
111.456456 82.495495 74.378378
221.058140 192.220930 84.488372
109.035714 76.357143 66.714286
113.343511 84.343511 76.343511
153.910714 7.383929 7.093750
149.607843 8.274510 7.245098
108.881188 76.881188 65.881188
100.638743 68.638743 57.638743
197.713768 77.300725 24.184783
102.805085 71.737288 61.110169
151.782609 7.782609 6.782609
152.313869 7.773723 7.043796
152.195531 8.195531 7.195531
10.704348 14.513043 29.486957
151.893130 7.786260 6.862595
139.965035 5.580420 4.574468
153.929825 7.929825 8.385965
112.388489 83.460432 75.244604
111.551724 79.267241 68.784483
220.874439 161.224215 83.307692
108.700375 76.614232 65.786517
110.432927 78.408537 67.359756
104.649682 76.681529 65.057325
100.458716 68.114679 56.738532
147.585014 6.985591 5.985591
151.938889 8.022222 7.022222
157.469484 7.657277 6.563380
129.310962 9.409396 10.038813
101.595238 69.230159 59.039683
44.138085 123.033408 66.118040
7.323887 14.323887 32.238866
48.500000 129.500000 71.500000
150.477273 8.750000 8.117647
109.987805 77.926829 67.048780
47.992366 130.366412 71.908397
206.668831 78.029221 60.695082
216.932886 186.590604 77.275168
109.337349 77.337349 66.337349
47.760626 128.756152 72.751678
153.064935 6.571429 7.562500
112.417722 79.925633 69.909810
109.330579 77.330579 66.330579
211.112426 37.112426 60.112426
45.134783 125.569565 67.852174
16.033493 15.320574 29.669856
153.446125 7.200378 7.534972
109.465116 77.029070 67.098837
33.673835 76.247525 51.821192
104.187192 73.083744 62.004926
136.724014 76.051971 51.017921
107.148410 75.816254 65.282686
110.260417 78.260417 67.260417
20.528409 104.403409 140.750000
144.833333 26.802030 20.404908
135.526549 7.469027 4.250000
46.887218 127.887218 70.729323
214.372308 165.320000 73.524691
47.949602 128.949602 70.949602
102.331839 69.816143 59.811659
152.662921 6.685393 7.365169
152.817536 7.566351 7.793839
47.065693 128.109489 70.080292
7.255014 14.143266 32.048711
70.464646 10.944444 17.702020
156.075758 8.075758 6.075758
156.467742 8.467742 6.467742
123.421053 88.767802 77.405573
137.253846 7.976923 3.188525
155.501166 7.606061 6.715618
205.451128 44.413534 57.075188
37.108527 100.651163 128.031008
6.727848 13.810127 31.411392
45.063830 125.276596 65.085106
226.934641 196.111111 88.091503
211.769231 39.634615 59.730769
220.125000 189.642857 85.178571
81.834667 100.578667 71.274667
6.676211 13.609544 30.574837
111.288056 82.238876 71.402810
48.192771 129.192771 72.144578
100.750000 67.728448 58.659483
222.304348 176.869565 81.894410
98.694602 74.125706 69.211566
112.005917 79.982249 69.029586
220.358333 158.808333 83.323120
109.734440 80.203320 71.950207
213.468508 39.479558 62.426519
151.623684 7.623684 6.623684
153.686957 7.686957 8.660870
99.784810 67.721519 56.848101
45.972477 126.972477 68.972477
110.742782 78.661417 67.755906
108.416667 76.197917 65.531250
20.730539 22.697885 34.400593
108.789474 79.802632 68.276316
100.936416 68.936416 57.936416
155.392405 7.392405 5.392405
215.907143 179.514286 81.816850
210.420601 38.420601 60.420601
211.878788 39.878788 61.878788
204.120401 40.003344 57.133779
73.922280 101.823834 65.658031
208.281746 36.281746 58.281746
165.808673 43.925450 29.286908
156.085409 8.085409 6.085409
44.841463 125.597561 67.719512
46.644809 127.644809 69.644809
49.691542 127.460396 74.970297
49.591160 130.707182 72.668508
46.690476 124.666667 68.166667
9.573529 14.294118 32.014706
109.285714 77.009524 66.657143
176.969828 89.806034 47.031963
46.820000 127.820000 69.820000
103.282609 75.942029 63.891304
50.798387 131.814516 74.943548
220.696429 188.955357 81.437500
103.774194 71.677419 60.870968
7.830928 14.884536 30.573196
113.344444 84.727778 76.188889
101.288288 69.108108 58.468468
46.816479 127.820225 69.558052
100.964789 72.380282 61.718310
125.679868 85.607261 72.254125
208.697531 36.697531 58.697531
7.232836 12.349254 28.211940
109.691176 77.691176 66.691176
12.140940 23.696970 34.539394
25.834459 107.243243 141.297297
151.259259 7.259259 6.259259
102.747508 74.853821 63.046512
108.050505 76.050505 65.050505
99.598540 67.226277 56.649635
103.058824 71.058824 59.967320
226.804878 197.092683 91.019512
224.331839 193.565022 85.161435
140.453704 16.047170 10.112245
114.652482 85.042553 76.751773
152.842105 7.000000 6.236842
