46.517857 127.517857 71.517857
211.717949 40.000000 60.205128
152.539474 6.763158 6.394737
101.114130 73.114130 61.505435
206.891213 112.150628 72.460870
203.621762 40.608808 55.885417
219.761337 162.484487 83.899038
48.703008 129.770677 73.823308
111.569444 79.569444 68.569444
209.244792 37.244792 59.244792
10.777778 14.267490 29.728395
212.241860 41.339535 61.125581
151.089286 7.089286 6.089286
151.647059 7.705882 7.205882
91.739362 8.659459 12.102857
154.169231 7.369231 6.569231
7.260870 14.260870 32.260870
21.182979 101.978723 136.961702
213.698630 39.698630 62.698630
107.581498 75.541850 64.621145
152.708696 7.143478 7.691304
46.071642 123.501493 66.549254
101.010135 76.658784 69.989865
48.591837 128.816327 73.224490
147.230000 7.206667 6.096667
150.758547 7.455128 6.455128
112.943089 84.052846 75.788618
103.411268 73.695775 62.597183
47.887387 128.405405 72.657658
47.956113 128.956113 71.758621
155.360927 7.592715 6.056291
111.878788 79.688552 69.069024
89.808429 78.298851 74.383142
111.913194 79.913194 68.913194
152.926966 6.926966 7.095506
22.680000 105.020000 139.240000
48.461240 129.422481 71.953488
101.256842 68.437895 58.987368
161.790210 31.118881 19.550000
156.202128 8.297872 6.265957
112.841202 82.171674 72.004292
221.462069 192.241379 85.779310
106.650000 74.883333 63.883333
18.695652 101.495652 138.017391
155.823171 7.823171 5.823171
212.835616 38.835616 61.835616
86.575000 86.029167 62.437500
47.451613 128.451613 71.053763
7.556701 14.113402 32.335052
44.714286 125.714286 67.636364
105.529412 73.686275 62.686275
223.475836 192.650558 84.159851
108.014085 76.014085 65.014085
99.676471 67.676471 56.676471
104.200000 76.024000 64.792000
201.593434 140.300000 69.193029
46.174658 126.571918 67.938356
111.217877 78.424581 69.972067
156.268908 8.268908 6.268908
151.510204 7.401361 6.639456
156.081858 7.975664 6.028761
116.418182 83.790909 74.181818
28.921260 63.519713 48.161871
109.722222 76.925926 68.453704
151.737430 7.737430 6.776536
104.391753 75.618557 64.505155
105.310345 75.942529 65.051724
101.603960 69.599010 58.608911
112.884892 83.884892 75.884892
9.498294 16.645695 28.235099
152.475177 8.503546 7.492908
110.731959 81.000000 70.731959
153.978723 45.787234 32.261905
100.067961 71.233010 63.815534
7.246377 14.246377 32.252174
113.137931 84.160920 76.091954
111.831050 79.009132 71.666667
153.002500 7.292500 7.297500
176.204969 89.285714 54.619718
111.036496 78.335766 68.649635
108.326087 76.326087 65.326087
152.729592 7.852041 7.729592
107.934783 79.934783 68.934783
45.710526 126.710526 68.710526
156.021053 8.021053 6.021053
196.785714 77.840136 25.840136
217.636971 185.630290 79.558036
98.780488 66.780488 55.780488
12.852941 25.335640 35.463668
155.603448 7.603448 5.603448
7.584906 14.584906 32.584906
21.290837 104.545817 138.545817
49.000000 130.133333 73.333333
7.623377 14.623377 32.623377
90.420455 11.000000 16.795455
45.436170 126.436170 68.436170
214.200000 40.800000 63.128571
213.288256 40.071174 62.679715
99.423841 67.423841 56.410596
45.417391 126.417391 68.417391
14.143791 23.810345 31.678161
43.920000 123.133333 65.840000
153.586826 7.622754 7.808383
156.795066 8.017078 6.406072
7.327957 14.327957 32.327957
111.015106 78.945619 68.084592
115.159664 86.159664 78.159664
151.539568 7.539568 6.539568
19.663462 103.326923 138.894231
99.960000 67.960000 56.960000
112.045775 83.031690 74.982394
156.000000 8.037037 6.537037
48.168067 129.168067 71.168067
109.651163 82.279070 73.569767
109.250000 77.250000 66.250000
209.842424 37.842424 59.842424
109.389764 91.657480 84.767717
111.932886 80.020134 70.040268
46.353846 127.353846 69.353846
106.607843 75.200000 64.811765
99.527076 67.014440 56.916968
23.325000 106.167857 140.225000
156.515030 7.913828 6.214429
136.918033 7.337017 5.151163
102.266304 70.038043 59.494565
153.029674 7.418398 6.367953
46.571970 120.155303 65.386364
142.291971 6.729927 5.620438
110.042105 78.042105 67.042105
6.774648 13.738318 31.738318
46.230366 127.230366 69.230366
80.396887 62.223938 62.173745
48.857988 131.769231 74.106509
101.490323 73.509677 61.619355
157.722772 7.752475 6.737624
25.821586 107.665198 141.713656
47.886179 128.886179 70.861789
106.873684 75.463158 64.757895
151.511538 7.511538 6.511538
102.695652 70.695652 59.695652
7.533333 14.347826 32.347826
25.992537 106.664179 140.294776
210.234266 38.066434 59.695804
211.240385 143.628205 70.214744
223.368700 193.793103 88.989390
153.169355 7.169355 7.943548
205.911765 78.580882 60.119403
217.376289 149.025773 76.824742
47.522167 128.522167 70.522167
47.029412 128.029412 70.088235
144.496350 7.919708 5.642336
209.555556 37.555556 59.555556
210.574689 38.109959 60.342324
102.604317 70.000000 60.208633
23.984000 104.224000 139.144000
47.479042 130.508982 74.005988
50.069231 131.115385 73.100000
105.757895 73.978947 63.021053
46.407407 127.407407 69.407407
110.602649 81.589404 72.754967
45.448795 125.144578 67.918675
150.607306 11.671233 9.475248
90.369048 89.428571 67.375000
103.944149 71.914894 60.805851
106.644231 74.644231 63.644231
113.721649 84.752577 76.659794
22.895161 104.983871 137.750000
104.666667 73.346405 62.248366
224.022026 194.810573 88.158590
224.565217 194.760870 84.789855
207.278689 40.409836 59.827869
44.313167 13.754448 24.836299
48.612121 129.272727 73.739394
182.500000 50.942363 24.541916
144.927184 8.495146 6.067961
222.726293 191.734914 83.202586
151.573248 7.878981 6.878981
21.128205 103.007326 139.340659
5.898734 12.907173 30.991561
110.951456 78.951456 67.951456
148.334630 7.182879 6.182879
156.167832 8.167832 6.167832
23.869919 106.869919 140.869919
153.261261 7.261261 7.450450
106.245833 74.112500 63.354167
109.365625 79.575000 68.875000
105.020080 77.726908 66.437751
101.256881 73.256881 61.495413
218.342222 187.924444 78.795556
101.522634 9.530864 12.759336
225.098160 196.809816 87.868098
117.599379 9.012422 12.264516
46.464286 127.464286 69.464286
108.970370 76.888889 66.051852
7.101648 14.002710 31.124661
153.373585 7.558491 7.645283
211.041667 38.891667 60.966667
209.601093 37.601093 59.601093
137.429530 8.248322 5.993243
142.333333 8.333333 5.333333
48.353591 129.353591 71.994475
108.415493 76.415493 65.415493
112.619266 79.729358 70.509174
100.812500 68.562500 58.062500
8.819095 11.879397 27.356784
151.882793 7.832918 6.857855
134.829710 8.405797 4.509506
153.055000 7.075000 7.970000
20.815068 11.712329 24.561644
153.660131 7.666667 7.803922
108.864583 76.807292 65.921875
109.315217 77.141304 66.489130
208.532609 36.532609 58.532609
212.272727 38.424242 61.348485
101.843866 69.773234 59.349442
157.609053 7.609053 6.609053
45.725979 126.725979 68.725979
46.194444 127.194444 69.194444
206.798867 36.011331 57.660057
109.496350 77.204380 66.788321
144.475138 8.270718 6.233333
151.835000 7.835000 6.835000
72.889423 96.988782 63.195513
150.879808 7.639423 6.610577
151.627178 7.627178 6.627178
88.862745 70.347682 66.954397
45.659898 126.888325 67.974619
154.496063 7.165354 7.377953
146.193750 7.262500 5.812500
10.452442 15.769821 29.805627
109.831715 82.368932 72.822006
6.466667 13.961905 31.719048
98.945312 69.367188 59.054688
110.312950 78.305755 67.320144
227.570621 197.548023 89.282486
110.658009 78.155844 68.194805
107.446367 75.446367 64.446367
10.229508 15.218579 29.333333
101.335000 69.000000 58.700000
152.345912 8.345912 7.345912
98.295455 66.272727 54.530303
212.386792 40.216981 62.320755
151.566667 7.566667 6.566667
44.026738 124.090909 65.625668
23.081081 105.237838 139.902703
208.511111 36.511111 58.511111
93.235669 81.700637 62.959660
155.677273 7.618182 5.981818
109.392857 77.392857 66.392857
50.598485 130.215909 74.784091
102.061224 70.056122 58.760204
101.520492 69.438525 58.602459
151.789855 7.789855 6.789855
75.503759 80.571429 83.992481
48.692308 129.692308 72.730769
209.000000 37.619910 59.429864
151.736641 7.736641 6.736641
108.969880 76.795181 66.072289
148.256281 7.964824 6.859296
47.233871 128.233871 70.233871
31.950820 72.007547 50.397727
46.924242 127.924242 69.924242
109.057143 77.057143 66.057143
109.402062 77.402062 66.402062
153.219219 7.219219 7.249249
157.370270 7.510811 6.440541
102.970874 70.990291 59.990291
111.016216 82.491892 72.935135
110.691304 81.991304 72.673913
145.113971 8.095588 6.214815
47.377551 128.377551 70.173469
95.167939 76.458015 70.274809
93.432099 38.490798 26.305732
211.061728 37.074074 60.067901
10.415929 13.570796 31.079646
49.544118 130.573529 72.607843
46.529412 127.470588 71.441176
10.150442 15.261062 30.455752
47.610236 127.889764 72.240157
45.373494 126.379518 67.939759
208.606987 36.606987 58.606987
223.881690 193.839437 85.791549
102.825000 74.800000 62.812500
35.597222 10.868056 23.055556
226.174107 195.848214 88.919643
45.779412 128.941176 70.279412
109.536332 76.987889 65.738754
48.572222 131.222222 75.433333
208.114155 109.360731 65.153488
8.329480 12.109827 26.797688
49.727273 129.744755 74.181818
152.000000 8.000000 7.000000
100.089286 69.500000 58.910714
211.046448 37.177596 60.112022
207.191406 158.200000 79.067227
46.599190 127.599190 69.599190
48.068345 129.068345 71.068345
48.671429 129.671429 71.452381
147.760000 7.146667 5.932886
108.354167 76.479167 65.447917
47.101942 128.101942 70.099515
151.842697 7.842697 6.842697
103.318777 74.995633 63.406114
98.413580 70.388889 60.796296
155.960000 7.960000 5.960000
151.691406 7.609375 6.734375
110.364035 78.364035 67.364035
150.000000 7.075117 6.221154
110.204724 81.204724 73.204724
17.750600 19.300481 32.706651
140.329446 8.830904 7.200590
51.329004 130.809524 75.948052
207.186603 91.014354 64.685990
136.176991 8.247788 4.455446
8.106557 14.040650 32.512195
111.951515 79.460606 69.442424
9.067511 12.137500 27.162500
7.447811 14.407407 32.400673
218.380435 161.369565 81.163043
153.371094 7.371094 7.492188
44.738889 124.838889 65.100000
110.114754 77.568306 67.595628
8.344444 13.133333 29.216667
147.010526 6.936842 5.842105
7.838095 14.609524 32.180952
109.762195 79.567073 68.420732
139.765625 5.546875 4.571429
148.698891 33.736334 19.243478
147.480198 7.400990 6.153465
152.308176 7.113208 7.283019
46.183824 127.183824 69.183824
110.264822 77.913043 67.735178
152.780488 6.780488 7.032520
6.950000 13.950000 31.800000
44.700730 123.700730 66.700730
19.513011 39.251724 35.231034
212.945455 38.945455 61.945455
38.031746 69.948052 53.792208
209.381720 43.198925 59.811828
103.446602 75.446602 63.854369
129.939828 5.611594 4.947735
46.200000 127.200000 69.200000
111.113821 78.113821 69.357724
207.596154 35.596154 57.596154
152.887006 6.937853 7.491525
152.735178 6.853755 7.292490
50.250000 131.250000 73.244898
212.483146 38.483146 61.483146
91.561905 9.009524 14.158416
101.902439 71.525745 60.861789
109.778761 81.778761 69.707965
211.416667 37.416667 60.416667
44.204819 124.678571 65.940476
217.882353 187.882353 78.470588
147.742857 7.336538 6.398058
60.420366 116.715405 70.336815
140.582090 6.582090 5.522388
50.821596 10.741259 23.202934
105.267081 74.124224 63.080745
193.766234 131.220000 71.282609
111.438889 79.433333 68.266667
45.792793 126.234234 67.450450
150.364372 7.400810 6.716599
212.637168 38.681416 61.274336
153.392857 7.392857 7.428571
51.705000 126.710000 74.285000
217.385057 186.977011 77.482759
152.018051 8.018051 7.018051
6.974453 14.018182 31.458182
48.149378 129.149378 71.149378
20.609524 104.606635 140.559242
204.041176 145.094118 73.172840
102.223301 70.223301 59.223301
148.129496 6.820144 5.870504
70.695652 83.579710 90.492754
151.702128 7.702128 6.702128
50.702703 132.918919 74.513514
208.154762 36.523810 58.428571
149.165517 7.165517 6.165517
7.959091 13.572727 28.172727
9.179104 18.670588 28.976471
50.804196 132.783217 76.566434
8.153846 13.573964 32.473373
212.138996 38.938224 60.969112
217.458407 186.915044 77.916814
102.315385 70.550000 59.757692
45.587571 125.915254 68.355932
212.157895 38.157895 61.157895
45.268750 126.406250 67.656250
224.440000 194.280000 84.600000
152.845258 11.983361 9.471284
211.545455 39.545455 61.545455
107.312500 75.312500 64.312500
100.429448 68.147239 56.871166
5.384615 11.875000 30.080645
18.688442 11.803030 26.311558
152.900585 6.900585 7.093567
164.118584 41.613596 24.328494
192.710145 78.768116 28.381643
107.101449 75.739130 64.681159
139.753036 6.400810 4.137652
208.458015 74.396947 64.361538
100.547231 68.175896 57.553746
151.243243 8.540541 7.891892
152.365546 7.789916 7.144958
212.756972 100.107570 68.115538
108.775194 76.453488 66.096899
151.538012 7.567251 6.780702
111.331522 82.668478 74.032609
27.335968 14.628458 28.664032
213.350000 39.350000 62.390000
104.351064 73.085106 62.090426
151.617450 7.483221 6.684564
110.755556 78.755556 67.755556
9.793750 12.000000 26.312500
210.018182 38.296970 60.224242
45.681416 126.681416 68.681416
220.963636 191.187879 84.875758
105.938272 76.308642 65.962963
151.869565 7.869565 6.869565
211.646018 40.044248 59.911504
207.658385 39.875776 59.037267
21.106667 103.133333 139.853333
112.653179 79.745665 71.265896
108.014085 76.014085 65.014085
23.965714 107.074286 141.074286
21.156463 104.521542 139.183673
109.511278 77.300752 67.135338
98.709677 65.946237 56.473118
109.367568 77.248649 66.475676
220.960159 189.366534 81.788845
155.542751 7.650558 5.765799
152.047337 8.047337 7.047337
100.326996 68.277567 57.908745
102.826816 70.776536 59.877095
153.074627 7.263682 7.945274
150.205426 7.127907 6.372093
212.098214 38.419643 61.258929
148.294118 84.142415 55.470588
25.980488 102.473171 135.170732
100.826347 68.245509 58.820359
110.707736 78.478510 67.925501
47.407801 128.407801 70.407801
6.570342 13.406015 29.973684
212.096386 38.096386 61.096386
153.415842 7.415842 7.712871
217.488764 186.724719 78.589888
116.773810 86.690476 77.240476
9.243169 13.418033 28.879781
25.458974 106.464103 141.458974
6.790000 13.825000 31.390000
133.741107 35.096386 28.993878
172.523810 56.073446 34.547170
33.625000 68.483051 45.957265
217.455847 186.926014 78.014320
152.084932 72.177778 40.730887
105.446429 74.979167 66.312500
46.243386 127.243386 69.243386
76.816092 104.342529 70.963218
209.696262 37.696262 59.696262
110.886525 78.624113 68.234043
212.617647 38.764706 61.617647
114.686813 86.159341 76.238095
110.429787 81.000000 73.021277
105.866485 75.643052 64.591281
45.157534 124.554795 67.273973
24.957746 105.549296 140.352113
146.685371 7.354709 6.142285
113.533835 85.533835 74.150376
209.095618 37.095618 59.095618
103.949153 75.355932 64.050847
45.828418 97.297587 120.785523
19.297468 103.443038 138.335443
63.640719 88.293413 101.532934
7.076923 14.022901 32.022901
7.814050 14.736842 30.627530
46.095745 91.475248 59.891089
86.785714 78.092857 76.185714
152.027273 8.027273 7.027273
153.608696 7.277592 7.217391
4.986486 12.293333 29.173333
207.317073 38.390244 58.073171
160.982332 30.003534 21.759259
46.722063 127.722063 69.722063
7.248227 14.248227 32.248227
101.087097 73.241935 61.390323
99.696850 67.169291 57.224409
223.301370 193.438356 84.869863
46.269841 127.269841 69.269841
46.891089 127.891089 69.891089
112.028169 84.056338 72.330986
155.537037 7.537037 5.537037
217.325000 186.768750 78.562500
44.328829 123.220721 66.274775
48.757937 129.702381 71.928571
102.375000 70.154412 59.595588
152.977401 6.977401 7.754237
110.253788 81.821970 71.034091
44.090323 106.716463 65.064615
104.783505 72.556701 61.721649
