-24.0000 0.000000 -45.000000 2
-22.9477 -0.242745 -47.765970 2
-22.1126 -0.467873 -50.134805 2
-21.4838 -0.681981 -52.141956 2
-21.0506 -0.891203 -53.822873 2
-20.8019 -1.101213 -55.213006 2
-20.7266 -1.317217 -56.347807 2
-20.8137 -1.543956 -57.262727 2
-21.0517 -1.785704 -57.993214 2
-21.4295 -2.046267 -58.574722 2
-21.9355 -2.328980 -59.042699 2
-22.5585 -2.636708 -59.432597 2
-23.2868 -2.971848 -59.779867 2
-24.1092 -3.336325 -60.119959 2
-25.0139 -3.731595 -60.488323 2
-25.9897 -4.158643 -60.920411 2
-27.0249 -4.617988 -61.451672 2
-28.1083 -5.109679 -62.117559 2
-29.2283 -5.633300 -62.953521 2
-30.3737 -6.187970 -63.995008 2
-31.5332 -6.772340 -65.277370 2
-32.6896 -7.383279 -66.814285 2
-33.8132 -8.013881 -68.571082 2
-34.8726 -8.655550 -70.506548 2
-35.8368 -9.298377 -72.579470 2
-36.6753 -9.931145 -74.748636 2
-37.3579 -10.541342 -76.972833 2
-37.8548 -11.115169 -79.210848 2
-38.1368 -11.637551 -81.421468 2
-38.1753 -12.092154 -83.563482 2
-37.9426 -12.461537 -85.596025 2
-37.4454 -12.738605 -87.505344 2
-36.7482 -12.936702 -89.323633 2
-35.9201 -13.073846 -91.087538 2
-35.0294 -13.170925 -92.833703 2
-34.1434 -13.251673 -94.598775 2
-33.3283 -13.342638 -96.419398 2
-32.6491 -13.473160 -98.332218 2
-32.1698 -13.675336 -100.373881 2
-31.9528 -13.983988 -102.581031 2
-32.0579 -14.435946 -104.989393 2
-32.4847 -15.043397 -107.598881 2
-33.1562 -15.782411 -110.362886 2
-33.9918 -16.623446 -113.231694 2
-34.9124 -17.533643 -116.155588 2
-35.8401 -18.476865 -119.084853 2
-36.6990 -19.413740 -121.969772 2
-37.4147 -20.301701 -124.760631 2
-37.9145 -21.095036 -127.407713 2
-38.1276 -21.744932 -129.861301 2
-37.9886 -22.201438 -132.073907 2
-37.5087 -22.456554 -134.049219 2
-36.7735 -22.548227 -135.842109 2
-35.8703 -22.519903 -137.509671 2
-34.8840 -22.418592 -139.109002 2
-33.8976 -22.294814 -140.697197 2
-32.9918 -22.202543 -142.331353 2
-32.2451 -22.199143 -144.068564 2
-31.7335 -22.345312 -145.965927 2
-31.5305 -22.705015 -148.080537 2
-31.7007 -23.340735 -150.466123 2
-32.2119 -24.246723 -153.126027 2
-32.9602 -25.360554 -156.024804 2
-33.8427 -26.614156 -159.126010 2
-34.7595 -27.935256 -162.393203 2
-35.6141 -29.247470 -165.789940 2
-36.3132 -30.470381 -169.279778 2
-36.7667 -31.519631 -172.826274 2
-36.8882 -32.307009 -176.392985 2
-36.5949 -32.740543 -179.943468 2
-35.8179 -32.734023 -183.442070 2
-34.5971 -32.296549 -186.861289 2
-33.0335 -31.497344 -190.178434 2
-31.2254 -30.410363 -193.370874 2
-29.2679 -29.113467 -196.415981 2
-27.2525 -27.688333 -199.291123 2
-25.2672 -26.220359 -201.973671 2
-23.3962 -24.798569 -204.440995 2
-21.7202 -23.515513 -206.670465 2
-20.3158 -22.467167 -208.639452 2
-19.2455 -21.741521 -210.329648 2
-18.4955 -21.344971 -211.754690 2
-18.0193 -21.245380 -212.942537 2
-17.7719 -21.408698 -213.921210 2
-17.7100 -21.799184 -214.718735 2
-17.7918 -22.379449 -215.363135 2
-17.9773 -23.110503 -215.882434 2
-18.2284 -23.951805 -216.304656 2
-18.5086 -24.861302 -216.657824 2
-18.7832 -25.795485 -216.969964 2
-19.0197 -26.709436 -217.269098 2
-19.1871 -27.556877 -217.583250 2
-19.2567 -28.290220 -217.940445 2
-19.2014 -28.860621 -218.368706 2
-18.9964 -29.218029 -218.896057 2
-18.6189 -29.311242 -219.550522 2
-18.0481 -29.087957 -220.360125 2
-17.2653 -28.494829 -221.352890 2
-16.2541 -27.477521 -222.556840 2
-15.0000 -25.980762 -224.000000 2

-22.7649 -7.600032 -45.000000 2
-21.6899 -7.497068 -47.765970 2
-20.8264 -7.446146 -50.134805 2
-20.1622 -7.450125 -52.141956 2
-19.6850 -7.511386 -53.822873 2
-19.3826 -7.631831 -55.213006 2
-19.2429 -7.812890 -56.347807 2
-19.2536 -8.055522 -57.262727 2
-19.4029 -8.360213 -57.993214 2
-19.6787 -8.726988 -58.574722 2
-20.0691 -9.155404 -59.042699 2
-20.5626 -9.644562 -59.432597 2
-21.1473 -10.193106 -59.779867 2
-21.8119 -10.799225 -60.119959 2
-22.5449 -11.460665 -60.488323 2
-23.3353 -12.174725 -60.920411 2
-24.1718 -12.938266 -61.451672 2
-25.0437 -13.747715 -62.117559 2
-25.9403 -14.599070 -62.953521 2
-26.8511 -15.487904 -63.995008 2
-27.7658 -16.409359 -65.277370 2
-28.6693 -17.355070 -66.814285 2
-29.5353 -18.309023 -68.571082 2
-30.3370 -19.253146 -70.506548 2
-31.0481 -20.168231 -72.579470 2
-31.6430 -21.033953 -74.748636 2
-32.0972 -21.828890 -76.972833 2
-32.3868 -22.530542 -79.210848 2
-32.4889 -23.115359 -81.421468 2
-32.3815 -23.558755 -83.563482 2
-32.0437 -23.835414 -85.596025 2
-31.4844 -23.940781 -87.505344 2
-30.7603 -23.907900 -89.323633 2
-29.9315 -23.775764 -91.087538 2
-29.0559 -23.585801 -92.833703 2
-28.1899 -23.381824 -94.598775 2
-27.3879 -23.209984 -96.419398 2
-26.7024 -23.118715 -98.332218 2
-26.1836 -23.158687 -100.373881 2
-25.8801 -23.382748 -102.581031 2
-25.8367 -23.844742 -104.989393 2
-26.0491 -24.556067 -107.598881 2
-26.4521 -25.469693 -110.362886 2
-26.9784 -26.532063 -113.231694 2
-27.5633 -27.686924 -116.155588 2
-28.1446 -28.875398 -119.084853 2
-28.6626 -30.036045 -121.969772 2
-29.0603 -31.104932 -124.760631 2
-29.2831 -32.015704 -127.407713 2
-29.2795 -32.699653 -129.861301 2
-29.0031 -33.088645 -132.073907 2
-28.4671 -33.178652 -134.049219 2
-27.7407 -33.032816 -135.842109 2
-26.8929 -32.719923 -137.509671 2
-25.9895 -32.311501 -139.109002 2
-25.0931 -31.881735 -140.697197 2
-24.2631 -31.507383 -142.331353 2
-23.5559 -31.267694 -144.068564 2
-23.0243 -31.244318 -145.965927 2
-22.7178 -31.521222 -148.080537 2
-22.6780 -32.178137 -150.466123 2
-22.8760 -33.199385 -153.126027 2
-23.2331 -34.492848 -156.024804 2
-23.6731 -35.961381 -159.126010 2
-24.1245 -37.504832 -162.393203 2
-24.5196 -39.020148 -165.789940 2
-24.7954 -40.401491 -169.279778 2
-24.8933 -41.540360 -172.826274 2
-24.7593 -42.325703 -176.392985 2
-24.3437 -42.644040 -179.943468 2
-23.6087 -42.391790 -183.442070 2
-22.5893 -41.590249 -186.861289 2
-21.3592 -40.337019 -190.178434 2
-19.9884 -38.733412 -193.370874 2
-18.5423 -36.883376 -196.415981 2
-17.0819 -34.893375 -199.291123 2
-15.6637 -32.872268 -201.973671 2
-14.3393 -30.931188 -204.440995 2
-13.1558 -29.183421 -206.670465 2
-12.1556 -27.744277 -208.639452 2
-11.3702 -26.717067 -210.329648 2
-10.7844 -26.103423 -211.754690 2
-10.3643 -25.858161 -212.942537 2
-10.0779 -25.934732 -213.921210 2
-9.8955 -26.285502 -214.718735 2
-9.7893 -26.861802 -215.363135 2
-9.7338 -27.613990 -215.882434 2
-9.7055 -28.491502 -216.304656 2
-9.6833 -29.442917 -216.657824 2
-9.6480 -30.416008 -216.969964 2
-9.5829 -31.357805 -217.269098 2
-9.4733 -32.214653 -217.583250 2
-9.3070 -32.932270 -217.940445 2
-9.0740 -33.455808 -218.368706 2
-8.7664 -33.729913 -218.896057 2
-8.3788 -33.698784 -219.550522 2
-7.9080 -33.306236 -220.360125 2
-7.3534 -32.495759 -221.352890 2
-6.7163 -31.210578 -222.556840 2
-6.0008 -29.393720 -224.000000 2

-19.1866 -14.417814 -45.000000 2
-18.1996 -13.979739 -47.765970 2
-17.3967 -13.658009 -50.134805 2
-16.7654 -13.451450 -52.141956 2
-16.2934 -13.358443 -53.822873 2
-15.9684 -13.376927 -55.213006 2
-15.7785 -13.504406 -56.347807 2
-15.7118 -13.737956 -57.262727 2
-15.7569 -14.074230 -57.993214 2
-15.9024 -14.509465 -58.574722 2
-16.1371 -15.039490 -59.042699 2
-16.4502 -15.659730 -59.432597 2
-16.8312 -16.365216 -59.779867 2
-17.2696 -17.150592 -60.119959 2
-17.7555 -18.010123 -60.488323 2
-18.2790 -18.937698 -60.920411 2
-18.8307 -19.926846 -61.451672 2
-19.4014 -20.970739 -62.117559 2
-19.9822 -22.062199 -62.953521 2
-20.5647 -23.193712 -63.995008 2
-21.1405 -24.357411 -65.277370 2
-21.6980 -25.540554 -66.814285 2
-22.2175 -26.719670 -68.571082 2
-22.6789 -27.869071 -70.506548 2
-23.0636 -28.962228 -72.579470 2
-23.3538 -29.971797 -74.748636 2
-23.5329 -30.869652 -76.972833 2
-23.5854 -31.626912 -79.210848 2
-23.4971 -32.213969 -81.421468 2
-23.2547 -32.600521 -83.563482 2
-22.8467 -32.755981 -85.596025 2
-22.2828 -32.678802 -87.505344 2
-21.6064 -32.418327 -89.323633 2
-20.8620 -32.030511 -91.087538 2
-20.0917 -31.573058 -92.833703 2
-19.3349 -31.105352 -94.598775 2
-18.6286 -30.688393 -96.419398 2
-18.0072 -30.384727 -98.332218 2
-17.5025 -30.258381 -100.373881 2
-17.1437 -30.374789 -102.581031 2
-16.9562 -30.799266 -104.989393 2
-16.9324 -31.541251 -107.598881 2
-17.0253 -32.535453 -110.362886 2
-17.1881 -33.709811 -113.231694 2
-17.3772 -34.990471 -116.155588 2
-17.5523 -36.301870 -119.084853 2
-17.6761 -37.566827 -121.969772 2
-17.7148 -38.706623 -124.760631 2
-17.6378 -39.641089 -127.407713 2
-17.4177 -40.288694 -129.861301 2
-17.0324 -40.570133 -132.073907 2
-16.4954 -40.485767 -134.049219 2
-15.8527 -40.117431 -135.842109 2
-15.1476 -39.552175 -137.509671 2
-14.4200 -38.878680 -139.109002 2
-13.7058 -38.187160 -140.697197 2
-13.0371 -37.569259 -142.331353 2
-12.4422 -37.117951 -144.068564 2
-11.9453 -36.927437 -145.965927 2
-11.5669 -37.093040 -148.080537 2
-11.3211 -37.703535 -150.466123 2
-11.1856 -38.734930 -153.126027 2
-11.1146 -40.074891 -156.024804 2
-11.0670 -41.607206 -159.126010 2
-11.0063 -43.214144 -162.393203 2
-10.9013 -44.776593 -165.789940 2
-10.7255 -46.174192 -169.279778 2
-10.4577 -47.285459 -172.826274 2
-10.0819 -47.987935 -176.392985 2
-9.5869 -48.158309 -179.943468 2
-8.9696 -47.686293 -183.442070 2
-8.2565 -46.603185 -186.861289 2
-7.4866 -45.024921 -190.178434 2
-6.6941 -43.069743 -193.370874 2
-5.9083 -40.856986 -196.415981 2
-5.1532 -38.506942 -199.291123 2
-4.4480 -36.140728 -201.973671 2
-3.8064 -33.880149 -204.440995 2
-3.2373 -31.847564 -206.670465 2
-2.7443 -30.165749 -208.639452 2
-2.3246 -28.942702 -210.329648 2
-1.9633 -28.175125 -211.754690 2
-1.6424 -27.809436 -212.942537 2
-1.3465 -27.791379 -213.921210 2
-1.0624 -28.066329 -214.718735 2
-0.7792 -28.579348 -215.363135 2
-0.4884 -29.275248 -215.882434 2
-0.1837 -30.098652 -216.304656 2
0.1387 -30.994058 -216.657824 2
0.4803 -31.905899 -216.969964 2
0.8403 -32.778606 -217.269098 2
1.2156 -33.556668 -217.583250 2
1.6005 -34.184696 -217.940445 2
1.9874 -34.607486 -218.368706 2
2.3660 -34.770075 -218.896057 2
2.7238 -34.617809 -219.550522 2
3.0460 -34.096401 -220.360125 2
3.3154 -33.151994 -221.352890 2
3.5127 -31.731221 -222.556840 2
3.6161 -29.781266 -224.000000 2

-13.6336 -19.751613 -45.000000 2
-12.8360 -19.023516 -47.765970 2
-12.1763 -18.464092 -50.134805 2
-11.6429 -18.068255 -52.141956 2
-11.2246 -17.830554 -53.822873 2
-10.9105 -17.745174 -55.213006 2
-10.6900 -17.805952 -56.347807 2
-10.5529 -18.006382 -57.262727 2
-10.4891 -18.339627 -57.993214 2
-10.4893 -18.798525 -58.574722 2
-10.5441 -19.375604 -59.042699 2
-10.6447 -20.063086 -59.432597 2
-10.7827 -20.852902 -59.779867 2
-10.9498 -21.736698 -60.119959 2
-11.1385 -22.705850 -60.488323 2
-11.3413 -23.751468 -60.920411 2
-11.5514 -24.864413 -61.451672 2
-11.7621 -26.035304 -62.117559 2
-11.9675 -27.254530 -62.953521 2
-12.1616 -28.512258 -63.995008 2
-12.3394 -29.798425 -65.277370 2
-12.4935 -31.097222 -66.814285 2
-12.6128 -32.380138 -68.571082 2
-12.6865 -33.616513 -70.506548 2
-12.7052 -34.775226 -72.579470 2
-12.6608 -35.824730 -74.748636 2
-12.5463 -36.733091 -76.972833 2
-12.3564 -37.468015 -79.210848 2
-12.0867 -37.996888 -81.421468 2
-11.7344 -38.286810 -83.563482 2
-11.2982 -38.305070 -85.596025 2
-10.7877 -38.053288 -87.505344 2
-10.2286 -37.592029 -89.323633 2
-9.6454 -36.988450 -91.087538 2
-9.0595 -36.310592 -92.833703 2
-8.4898 -35.627296 -94.598775 2
-7.9519 -35.008135 -96.419398 2
-7.4586 -34.523327 -98.332218 2
-7.0199 -34.243667 -100.373881 2
-6.6427 -34.240441 -102.581031 2
-6.3304 -34.583712 -104.989393 2
-6.0729 -35.279985 -107.598881 2
-5.8462 -36.252433 -110.362886 2
-5.6287 -37.417906 -113.231694 2
-5.4026 -38.692548 -116.155588 2
-5.1533 -39.991895 -119.084853 2
-4.8702 -41.230964 -121.969772 2
-4.5460 -42.324352 -124.760631 2
-4.1770 -43.186330 -127.407713 2
-3.7632 -43.730936 -129.861301 2
-3.3086 -43.875854 -132.073907 2
-2.8260 -43.625799 -134.049219 2
-2.3329 -43.072876 -135.842109 2
-1.8431 -42.313437 -137.509671 2
-1.3662 -41.444189 -139.109002 2
-0.9078 -40.562091 -140.697197 2
-0.4692 -39.764239 -142.331353 2
-0.0478 -39.147765 -144.068564 2
0.3632 -38.809722 -145.965927 2
0.7745 -38.846980 -148.080537 2
1.2010 -39.348218 -150.466123 2
1.6562 -40.283600 -153.126027 2
2.1478 -41.532142 -156.024804 2
2.6782 -42.970520 -159.126010 2
3.2446 -44.475548 -162.393203 2
3.8391 -45.924314 -165.789940 2
4.4484 -47.194316 -169.279778 2
5.0543 -48.163603 -172.826274 2
5.6332 -48.710907 -176.392985 2
6.1567 -48.715782 -179.943468 2
6.5927 -48.072584 -183.442070 2
6.9261 -46.819390 -186.861289 2
7.1567 -45.078538 -190.178434 2
7.2892 -42.973030 -193.370874 2
7.3339 -40.625305 -196.415981 2
7.3059 -38.157101 -199.291123 2
7.2255 -35.689328 -201.973671 2
7.1182 -33.341924 -204.440995 2
7.0144 -31.233728 -206.670465 2
6.9495 -29.482346 -208.639452 2
6.9602 -28.189348 -210.329648 2
7.0599 -27.346843 -211.754690 2
7.2485 -26.898365 -212.942537 2
7.5234 -26.787539 -213.921210 2
7.8800 -26.958370 -214.718735 2
8.3111 -27.355304 -215.363135 2
8.8073 -27.923289 -215.882434 2
9.3571 -28.607834 -216.304656 2
9.9464 -29.355070 -216.657824 2
10.5592 -30.111808 -216.969964 2
11.1770 -30.825598 -217.269098 2
11.7793 -31.444791 -217.583250 2
12.3434 -31.918590 -217.940445 2
12.8442 -32.197114 -218.368706 2
13.2548 -32.231453 -218.896057 2
13.5459 -31.973722 -219.550522 2
13.6864 -31.377121 -220.360125 2
13.6430 -30.395990 -221.352890 2
13.3802 -28.985860 -222.556840 2
12.8608 -27.103513 -224.000000 2

-6.6772 -23.052435 -45.000000 2
-6.1513 -22.109258 -47.765970 2
-5.7027 -21.369719 -50.134805 2
-5.3221 -20.825348 -52.141956 2
-5.0006 -20.467417 -53.822873 2
-4.7297 -20.286962 -55.213006 2
-4.5013 -20.274783 -56.347807 2
-4.3077 -20.421463 -57.262727 2
-4.1418 -20.717378 -57.993214 2
-3.9966 -21.152707 -58.574722 2
-3.8658 -21.717443 -59.042699 2
-3.7436 -22.401407 -59.432597 2
-3.6243 -23.194259 -59.779867 2
-3.5030 -24.085509 -60.119959 2
-3.3750 -25.064530 -60.488323 2
-3.2363 -26.120568 -60.920411 2
-3.0832 -27.242758 -61.451672 2
-2.9123 -28.420131 -62.117559 2
-2.7209 -29.641630 -62.953521 2
-2.5068 -30.896120 -63.995008 2
-2.2681 -32.172373 -65.277370 2
-2.0031 -33.453142 -66.814285 2
-1.7100 -34.707813 -68.571082 2
-1.3884 -35.903905 -70.506548 2
-1.0392 -37.008910 -72.579470 2
-0.6647 -37.990327 -74.748636 2
-0.2685 -38.815698 -76.972833 2
0.1445 -39.452643 -79.210848 2
0.5677 -39.868898 -81.421468 2
0.9937 -40.032347 -83.563482 2
1.4133 -39.911528 -85.596025 2
1.8177 -39.511059 -87.505344 2
2.2020 -38.896492 -89.323633 2
2.5641 -38.139275 -91.087538 2
2.9051 -37.310781 -92.833703 2
3.2292 -36.482225 -94.598775 2
3.5433 -35.724590 -96.419398 2
3.8577 -35.108540 -98.332218 2
4.1852 -34.704351 -100.373881 2
4.5420 -34.581823 -102.581031 2
4.9469 -34.808555 -104.989393 2
5.4117 -35.387452 -107.598881 2
5.9347 -36.238055 -110.362886 2
6.5100 -37.274683 -113.231694 2
7.1282 -38.412114 -116.155588 2
7.7760 -39.565670 -119.084853 2
8.4369 -40.651317 -121.969772 2
9.0907 -41.585758 -124.760631 2
9.7137 -42.286527 -127.407713 2
10.2786 -42.672079 -129.861301 2
10.7558 -42.665561 -132.073907 2
11.1344 -42.275553 -134.049219 2
11.4269 -41.594953 -135.842109 2
11.6510 -40.719498 -137.509671 2
11.8281 -39.743967 -139.109002 2
11.9837 -38.762083 -140.697197 2
12.1470 -37.866401 -142.331353 2
12.3515 -37.148212 -144.068564 2
12.6343 -36.697433 -145.965927 2
13.0363 -36.602511 -148.080537 2
13.5995 -36.942902 -150.466123 2
14.3275 -37.685995 -153.126027 2
15.1892 -38.714609 -156.024804 2
16.1478 -39.911003 -159.126010 2
17.1616 -41.159213 -162.393203 2
18.1843 -42.345177 -165.789940 2
19.1644 -43.356865 -169.279778 2
20.0460 -44.084406 -172.826274 2
20.7685 -44.420206 -176.392985 2
21.2665 -44.259080 -179.943468 2
21.4765 -43.510901 -183.442070 2
21.3959 -42.216610 -186.861289 2
21.0633 -40.492351 -190.178434 2
20.5223 -38.453227 -193.370874 2
19.8212 -36.212177 -196.415981 2
19.0130 -33.879860 -199.291123 2
18.1554 -31.564528 -201.973671 2
17.3102 -29.371911 -204.440995 2
16.5441 -27.405096 -206.670465 2
15.9279 -25.764411 -208.639452 2
15.5287 -24.534546 -210.329648 2
15.3565 -23.703829 -211.754690 2
15.3933 -23.218724 -212.942537 2
15.6190 -23.026536 -213.921210 2
16.0113 -23.075664 -214.718735 2
16.5459 -23.315658 -215.363135 2
17.1965 -23.697267 -215.882434 2
17.9347 -24.172494 -216.304656 2
18.7303 -24.694649 -216.657824 2
19.5512 -25.218395 -216.969964 2
20.3633 -25.699801 -217.269098 2
21.1307 -26.096393 -217.583250 2
21.8157 -26.367196 -217.940445 2
22.3790 -26.472787 -218.368706 2
22.7793 -26.375340 -218.896057 2
22.9739 -26.038672 -219.550522 2
22.9182 -25.428285 -220.360125 2
22.5663 -24.511414 -221.352890 2
21.8705 -23.257068 -222.556840 2
20.7817 -21.636073 -224.000000 2

0.9664 -23.980536 -45.000000 2
1.1666 -22.919357 -47.765970 2
1.3579 -22.075823 -50.134805 2
1.5465 -21.438947 -52.141956 2
1.7381 -20.997629 -53.822873 2
1.9379 -20.740671 -55.213006 2
2.1507 -20.656789 -56.347807 2
2.3808 -20.734622 -57.262727 2
2.6319 -20.962750 -57.993214 2
2.9075 -21.329702 -58.574722 2
3.2103 -21.823968 -59.042699 2
3.5429 -22.434015 -59.432597 2
3.9071 -23.148297 -59.779867 2
4.3044 -23.955267 -60.119959 2
4.7358 -24.843389 -60.488323 2
5.2018 -25.801153 -60.920411 2
5.7024 -26.817084 -61.451672 2
6.2373 -27.879756 -62.117559 2
6.8056 -28.977803 -62.953521 2
7.4060 -30.099933 -63.995008 2
8.0366 -31.234911 -65.277370 2
8.6936 -32.365827 -66.814285 2
9.3689 -33.463112 -68.571082 2
10.0527 -34.495811 -70.506548 2
10.7338 -35.433374 -72.579470 2
11.3999 -36.245689 -74.748636 2
12.0370 -36.903118 -76.972833 2
12.6304 -37.376525 -79.210848 2
13.1637 -37.637316 -81.421468 2
13.6195 -37.657471 -83.563482 2
13.9792 -37.410008 -85.596025 2
14.2360 -36.902070 -87.505344 2
14.4059 -36.197451 -89.323633 2
14.5096 -35.364534 -91.087538 2
14.5707 -34.470679 -92.833703 2
14.6157 -33.582144 -94.598775 2
14.6738 -32.764016 -96.419398 2
14.7769 -32.080133 -98.332218 2
14.9596 -31.593017 -100.373881 2
15.2593 -31.363798 -102.581031 2
15.7151 -31.450655 -104.989393 2
16.3392 -31.852591 -107.598881 2
17.1047 -32.493797 -110.362886 2
17.9787 -33.294885 -113.231694 2
18.9252 -34.178031 -116.155588 2
19.9050 -35.067064 -119.084853 2
20.8757 -35.887547 -121.969772 2
21.7918 -36.566862 -124.760631 2
22.6046 -37.034294 -127.407713 2
23.2625 -37.221107 -129.861301 2
23.7131 -37.063824 -132.073907 2
23.9487 -36.574006 -134.049219 2
24.0107 -35.835782 -135.842109 2
23.9460 -34.934418 -137.509671 2
23.8050 -33.953013 -139.109002 2
23.6417 -32.972406 -140.697197 2
23.5130 -32.071084 -142.331353 2
23.4795 -31.325101 -144.068564 2
23.6050 -30.807984 -145.965927 2
23.9562 -30.590652 -148.080537 2
24.5983 -30.735160 -150.466123 2
25.5241 -31.209480 -153.126027 2
26.6672 -31.912293 -156.024804 2
27.9553 -32.743562 -159.126010 2
29.3122 -33.606478 -162.393203 2
30.6578 -34.407573 -165.789940 2
31.9079 -35.056818 -169.279778 2
32.9745 -35.467728 -172.826274 2
33.7661 -35.557461 -176.392985 2
34.1875 -35.246919 -179.943468 2
34.1497 -34.470768 -183.442070 2
33.6634 -33.268596 -186.861289 2
32.8019 -31.738403 -190.178434 2
31.6430 -29.975544 -193.370874 2
30.2684 -28.071835 -196.415981 2
28.7632 -26.115462 -199.291123 2
27.2165 -24.190882 -201.973671 2
25.7205 -22.378731 -204.440995 2
24.3710 -20.755735 -206.670465 2
23.2670 -19.394620 -208.639452 2
22.4988 -18.354474 -210.329648 2
22.0724 -17.621048 -211.754690 2
21.9537 -17.149246 -212.942537 2
22.1069 -16.895477 -213.921210 2
22.4946 -16.817846 -214.718735 2
23.0777 -16.876198 -215.363135 2
23.8156 -17.032153 -215.882434 2
24.6664 -17.249149 -216.304656 2
25.5864 -17.492479 -216.657824 2
26.5309 -17.729325 -216.969964 2
27.4536 -17.928798 -217.269098 2
28.3071 -18.061968 -217.583250 2
29.0427 -18.101902 -217.940445 2
29.6104 -18.023692 -218.368706 2
29.9592 -17.804490 -218.896057 2
30.0372 -17.423536 -219.550522 2
29.7911 -16.862188 -220.360125 2
29.1669 -16.103949 -221.352890 2
28.1097 -15.134494 -222.556840 2
26.5637 -13.941695 -224.000000 2

8.5105 -22.440390 -45.000000 2
8.3644 -21.370433 -47.765970 2
8.2787 -20.509726 -50.134805 2
8.2559 -19.845897 -52.141956 2
8.2979 -19.366615 -53.822873 2
8.4061 -19.059603 -55.213006 2
8.5814 -18.912651 -56.347807 2
8.8243 -18.913626 -57.262727 2
9.1347 -19.050487 -57.993214 2
9.5123 -19.311292 -58.574722 2
9.9561 -19.684215 -59.042699 2
10.4647 -20.157556 -59.432597 2
11.0364 -20.719749 -59.779867 2
11.6687 -21.359379 -60.119959 2
12.3592 -22.065191 -60.488323 2
13.1045 -22.826100 -60.920411 2
13.9011 -23.631205 -61.451672 2
14.7450 -24.469798 -62.117559 2
15.6317 -25.331375 -62.953521 2
16.5565 -26.205647 -63.995008 2
17.5141 -27.082530 -65.277370 2
18.4954 -27.947191 -66.814285 2
19.4834 -28.774150 -68.571082 2
20.4591 -29.537162 -70.506548 2
21.4021 -30.210783 -72.579470 2
22.2910 -30.770387 -74.748636 2
23.1036 -31.192206 -76.972833 2
23.8164 -31.453348 -79.210848 2
24.4048 -31.531835 -81.421468 2
24.8435 -31.406620 -83.563482 2
25.1064 -31.057983 -85.596025 2
25.1891 -30.494858 -87.505344 2
25.1271 -29.772711 -89.323633 2
24.9617 -28.949824 -91.087538 2
24.7366 -28.082609 -92.833703 2
24.4980 -27.225550 -94.598775 2
24.2940 -26.431136 -96.419398 2
24.1752 -25.749810 -98.332218 2
24.1942 -25.229904 -100.373881 2
24.4059 -24.917587 -102.581031 2
24.8657 -24.855629 -104.989393 2
25.5850 -25.039234 -107.598881 2
26.5142 -25.405047 -110.362886 2
27.5969 -25.888141 -113.231694 2
28.7743 -26.426102 -116.155588 2
29.9853 -26.959106 -119.084853 2
31.1658 -27.429975 -121.969772 2
32.2498 -27.784244 -124.760631 2
33.1689 -27.970228 -127.407713 2
33.8521 -27.939075 -129.861301 2
34.2296 -27.647215 -132.073907 2
34.2980 -27.108003 -134.049219 2
34.1230 -26.388137 -135.842109 2
33.7763 -25.553640 -137.509671 2
33.3318 -24.667374 -139.109002 2
32.8663 -23.788974 -140.697197 2
32.4588 -22.974783 -142.331353 2
32.1908 -22.277788 -144.068564 2
32.1461 -21.747558 -145.965927 2
32.4104 -21.430185 -148.080537 2
33.0652 -21.363936 -150.466123 2
34.0936 -21.520662 -153.126027 2
35.4004 -21.825337 -156.024804 2
36.8854 -22.205920 -159.126010 2
38.4458 -22.594726 -162.393203 2
39.9758 -22.928497 -165.789940 2
41.3671 -23.148473 -169.279778 2
42.5090 -23.200459 -172.826274 2
43.2883 -23.034889 -176.392985 2
43.5897 -22.606894 -179.943468 2
43.3080 -21.882657 -183.442070 2
42.4661 -20.896341 -186.861289 2
41.1644 -19.717713 -190.178434 2
39.5069 -18.412565 -193.370874 2
37.6001 -17.042140 -196.415981 2
35.5529 -15.663076 -199.291123 2
33.4763 -14.327339 -201.973671 2
31.4835 -13.082174 -204.440995 2
29.6895 -11.970047 -206.670465 2
28.2112 -11.028596 -208.639452 2
27.1532 -10.285229 -210.329648 2
26.5165 -9.724583 -211.754690 2
26.2545 -9.314646 -212.942537 2
26.3195 -9.025415 -213.921210 2
26.6626 -8.829016 -214.718735 2
27.2342 -8.699720 -215.363135 2
27.9835 -8.613969 -215.882434 2
28.8592 -8.550399 -216.304656 2
29.8089 -8.489859 -216.657824 2
30.7798 -8.415428 -216.969964 2
31.7182 -8.312435 -217.269098 2
32.5700 -8.168477 -217.583250 2
33.2803 -7.973431 -217.940445 2
33.7940 -7.719470 -218.368706 2
34.0555 -7.401075 -218.896057 2
34.0088 -7.015047 -219.550522 2
33.5976 -6.560515 -220.360125 2
32.7655 -6.038951 -221.352890 2
31.4557 -5.454169 -222.556840 2
29.6115 -4.812338 -224.000000 2

15.1787 -18.590519 -45.000000 2
14.7012 -17.621912 -47.765970 2
14.3474 -16.832622 -50.134805 2
14.1156 -16.210166 -52.141956 2
14.0037 -15.742251 -53.822873 2
14.0091 -15.416785 -55.213006 2
14.1288 -15.221888 -56.347807 2
14.3595 -15.145905 -57.262727 2
14.6973 -15.177411 -57.993214 2
15.1380 -15.305226 -58.574722 2
15.6771 -15.518423 -59.042699 2
16.3094 -15.806337 -59.432597 2
17.0297 -16.158576 -59.779867 2
17.8321 -16.565031 -60.119959 2
18.7105 -17.015886 -60.488323 2
19.6584 -17.501622 -60.920411 2
20.6689 -18.013035 -61.451672 2
21.7349 -18.541234 -62.117559 2
22.8489 -19.077661 -62.953521 2
24.0030 -19.614089 -63.995008 2
25.1889 -20.142622 -65.277370 2
26.3935 -20.652031 -66.814285 2
27.5926 -21.123547 -68.571082 2
28.7597 -21.538339 -70.506548 2
29.8674 -21.878683 -72.579470 2
30.8879 -22.127978 -74.748636 2
31.7922 -22.270770 -76.972833 2
32.5510 -22.292770 -79.210848 2
33.1340 -22.180872 -81.421468 2
33.5105 -21.923176 -83.563482 2
33.6494 -21.509250 -85.596025 2
33.5495 -20.948898 -87.505344 2
33.2620 -20.283552 -89.323633 2
32.8446 -19.555391 -91.087538 2
32.3565 -18.804078 -92.833703 2
31.8587 -18.066708 -94.598775 2
31.4136 -17.377776 -96.419398 2
31.0852 -16.769133 -98.332218 2
30.9386 -16.269950 -100.373881 2
31.0405 -15.906682 -102.581031 2
31.4570 -15.702285 -104.989393 2
32.1975 -15.648661 -107.598881 2
33.1946 -15.701429 -110.362886 2
34.3746 -15.816804 -113.231694 2
35.6618 -15.954211 -116.155588 2
36.9792 -16.076326 -119.084853 2
38.2481 -16.149115 -121.969772 2
39.3885 -16.141874 -124.760631 2
40.3191 -16.027266 -127.407713 2
40.9574 -15.781354 -129.861301 2
41.2231 -15.384957 -132.073907 2
41.1171 -14.851851 -134.049219 2
40.7232 -14.224438 -135.842109 2
40.1300 -13.542699 -137.509671 2
39.4278 -12.842792 -139.109002 2
38.7081 -12.157011 -140.697197 2
38.0637 -11.513753 -142.331353 2
37.5888 -10.937486 -144.068564 2
37.3785 -10.448718 -145.965927 2
37.5287 -10.063971 -148.080537 2
38.1288 -9.793784 -150.466123 2
39.1539 -9.616786 -153.126027 2
40.4899 -9.491962 -156.024804 2
42.0191 -9.382687 -159.126010 2
43.6223 -9.257363 -162.393203 2
45.1792 -9.089457 -165.789940 2
46.5686 -8.857523 -169.279778 2
47.6682 -8.545233 -172.826274 2
48.3550 -8.141403 -176.392985 2
48.5053 -7.640007 -179.943468 2
48.0088 -7.042228 -183.442070 2
46.8978 -6.373286 -186.861289 2
45.2899 -5.667535 -190.178434 2
43.3044 -4.954433 -193.370874 2
41.0618 -4.258347 -196.415981 2
38.6832 -3.598534 -199.291123 2
36.2905 -2.989124 -201.973671 2
34.0059 -2.439106 -204.440995 2
31.9521 -1.952316 -206.670465 2
30.2518 -1.527430 -208.639452 2
29.0128 -1.157355 -210.329648 2
28.2313 -0.827195 -211.754690 2
27.8530 -0.521316 -212.942537 2
27.8231 -0.226394 -213.921210 2
28.0863 0.068559 -214.718735 2
28.5875 0.372196 -215.363135 2
29.2712 0.690826 -215.882434 2
30.0816 1.028419 -216.304656 2
30.9633 1.386598 -216.657824 2
31.8607 1.764646 -216.969964 2
32.7182 2.159503 -217.269098 2
33.4805 2.565772 -217.583250 2
34.0925 2.975721 -217.940445 2
34.4994 3.379294 -218.368706 2
34.6466 3.764111 -218.896057 2
34.4801 4.115482 -219.550522 2
33.9461 4.416412 -220.360125 2
32.9916 4.647619 -221.352890 2
31.5640 4.787537 -222.556840 2
29.6115 4.812338 -224.000000 2

20.2846 -12.827180 -45.000000 2
19.5249 -12.059619 -47.765970 2
18.9394 -11.422985 -50.134805 2
18.5224 -10.905970 -52.141956 2
18.2681 -10.497582 -53.822873 2
18.1701 -10.187161 -55.213006 2
18.2220 -9.964381 -56.347807 2
18.4167 -9.819260 -57.262727 2
18.7471 -9.742169 -57.993214 2
19.2056 -9.723838 -58.574722 2
19.7845 -9.755364 -59.042699 2
20.4754 -9.828217 -59.432597 2
21.2702 -9.934247 -59.779867 2
22.1600 -10.065693 -60.119959 2
23.1359 -10.215185 -60.488323 2
24.1889 -10.375753 -60.920411 2
25.3094 -10.540834 -61.451672 2
26.4878 -10.704275 -62.117559 2
27.7143 -10.860338 -62.953521 2
28.9788 -11.003710 -63.995008 2
30.2711 -11.129492 -65.277370 2
31.5751 -11.231217 -66.814285 2
32.8617 -11.298759 -68.571082 2
34.1001 -11.322637 -70.506548 2
35.2586 -11.294673 -72.579470 2
36.3055 -11.208000 -74.748636 2
37.2085 -11.057068 -76.972833 2
37.9352 -10.837660 -79.210848 2
38.4528 -10.546896 -81.421468 2
38.7283 -10.183243 -83.563482 2
38.7289 -9.746632 -85.596025 2
38.4568 -9.246728 -87.505344 2
37.9734 -8.706665 -89.323633 2
37.3468 -8.148179 -91.087538 2
36.6459 -7.590096 -92.833703 2
35.9403 -7.048312 -94.598775 2
35.2999 -6.535771 -96.419398 2
34.7957 -6.062458 -98.332218 2
34.4986 -5.635377 -100.373881 2
34.4801 -5.258547 -102.581031 2
34.8106 -4.932750 -104.989393 2
35.4959 -4.647417 -107.598881 2
36.4584 -4.381708 -110.362886 2
37.6142 -4.117490 -113.231694 2
38.8787 -3.840199 -116.155588 2
40.1670 -3.538855 -119.084853 2
41.3936 -3.206073 -121.969772 2
42.4731 -2.838068 -124.760631 2
43.3195 -2.434665 -127.407713 2
43.8470 -1.999303 -129.861301 2
43.9735 -1.539171 -132.073907 2
43.7042 -1.067040 -134.049219 2
43.1319 -0.596657 -135.842109 2
42.3533 -0.137848 -137.509671 2
41.4656 0.303660 -139.109002 2
40.5657 0.726237 -140.697197 2
39.7509 1.132354 -142.331353 2
39.1179 1.528580 -144.068564 2
38.7636 1.925578 -145.965927 2
38.7843 2.338099 -148.080537 2
39.2679 2.784414 -150.466123 2
40.1842 3.276919 -153.126027 2
41.4120 3.818394 -156.024804 2
42.8278 4.406280 -159.126010 2
44.3088 5.032833 -162.393203 2
45.7325 5.685135 -165.789940 2
46.9769 6.345107 -169.279778 2
47.9210 6.989528 -172.826274 2
48.4446 7.590055 -176.392985 2
48.4284 8.113244 -179.943468 2
47.7681 8.523037 -183.442070 2
46.5025 8.805753 -186.861289 2
44.7538 8.965985 -190.178434 2
42.6447 9.013644 -193.370874 2
40.2971 8.963746 -196.415981 2
37.8320 8.836395 -199.291123 2
35.3694 8.656753 -201.973671 2
33.0283 8.455012 -204.440995 2
30.9260 8.266361 -206.670465 2
29.1786 8.130949 -208.639452 2
27.8862 8.089642 -210.329648 2
27.0404 8.155333 -211.754690 2
26.5847 8.325672 -212.942537 2
26.4629 8.595930 -213.921210 2
26.6192 8.959078 -214.718735 2
26.9985 9.405802 -215.363135 2
27.5460 9.924517 -215.882434 2
28.2079 10.501385 -216.304656 2
28.9308 11.120336 -216.657824 2
29.6622 11.763089 -216.969964 2
30.3505 12.409169 -217.269098 2
30.9450 13.035933 -217.583250 2
31.3957 13.618592 -217.940445 2
31.6538 14.130238 -218.368706 2
31.6716 14.541868 -218.896057 2
31.4024 14.822415 -219.550522 2
30.8006 14.938771 -220.360125 2
29.8220 14.855822 -221.352890 2
28.4236 14.536476 -222.556840 2
26.5637 13.941695 -224.000000 2

23.3026 -5.743576 -45.000000 2
22.3390 -5.256063 -47.765970 2
21.5820 -4.837613 -50.134805 2
21.0228 -4.479253 -52.141956 2
20.6522 -4.172428 -53.822873 2
20.4610 -3.909003 -55.213006 2
20.4396 -3.681268 -56.347807 2
20.5784 -3.481946 -57.262727 2
20.8673 -3.304193 -57.993214 2
21.2965 -3.141603 -58.574722 2
21.8555 -2.988214 -59.042699 2
22.5340 -2.838507 -59.432597 2
23.3214 -2.687416 -59.779867 2
24.2070 -2.530322 -60.119959 2
25.1801 -2.363064 -60.488323 2
26.2297 -2.181937 -60.920411 2
27.3448 -1.983696 -61.451672 2
28.5143 -1.765555 -62.117559 2
29.7272 -1.525192 -62.953521 2
30.9720 -1.260750 -63.995008 2
32.2376 -0.970836 -65.277370 2
33.5067 -0.654407 -66.814285 2
34.7485 -0.311022 -68.571082 2
35.9307 0.058472 -70.506548 2
37.0207 0.451864 -72.579470 2
37.9863 0.865586 -74.748636 2
38.7950 1.294706 -76.972833 2
39.4148 1.732938 -79.210848 2
39.8137 2.172641 -81.421468 2
39.9599 2.604822 -83.563482 2
39.8223 3.019179 -85.596025 2
39.4058 3.407180 -87.505344 2
38.7763 3.766374 -89.323633 2
38.0051 4.097702 -91.087538 2
37.1635 4.405111 -92.833703 2
36.3226 4.695546 -94.598775 2
35.5529 4.978941 -96.419398 2
34.9247 5.268209 -98.332218 2
34.5077 5.579229 -100.373881 2
34.3709 5.930835 -102.581031 2
34.5811 6.344499 -104.989393 2
35.1408 6.832172 -107.598881 2
35.9697 7.389009 -110.362886 2
36.9823 8.005626 -113.231694 2
38.0939 8.669074 -116.155588 2
39.2205 9.362859 -119.084853 2
40.2786 10.066961 -121.969772 2
41.1860 10.757853 -124.760631 2
41.8611 11.408530 -127.407713 2
42.2236 11.988529 -129.861301 2
42.1979 12.465038 -132.073907 2
41.7929 12.827597 -134.049219 2
41.1011 13.092535 -135.842109 2
40.2173 13.281192 -137.509671 2
39.2355 13.418858 -139.109002 2
38.2481 13.534736 -140.697197 2
37.3466 13.661911 -142.331353 2
36.6207 13.837313 -144.068564 2
36.1589 14.101680 -145.965927 2
36.0479 14.499515 -148.080537 2
36.3653 15.076020 -150.466123 2
37.0785 15.833340 -153.126027 2
38.0716 16.735733 -156.024804 2
39.2284 17.741720 -159.126010 2
40.4348 18.805014 -162.393203 2
41.5786 19.874572 -165.789940 2
42.5500 20.894653 -169.279778 2
43.2415 21.804877 -172.826274 2
43.5479 22.540290 -176.392985 2
43.3669 23.031423 -179.943468 2
42.6108 23.211051 -183.442070 2
41.3208 23.078441 -186.861289 2
39.6114 22.676663 -190.178434 2
37.5957 22.053973 -193.370874 2
35.3847 21.263227 -196.415981 2
33.0868 20.361819 -199.291123 2
30.8079 19.411616 -201.973671 2
28.6511 18.478880 -204.440995 2
26.7167 17.634205 -206.670465 2
25.1022 16.952433 -208.639452 2
23.8894 16.503996 -210.329648 2
23.0663 16.298457 -211.754690 2
22.5801 16.315722 -212.942537 2
22.3789 16.533499 -213.921210 2
22.4122 16.927465 -214.718735 2
22.6305 17.471296 -215.363135 2
22.9856 18.136705 -215.882434 2
23.4307 18.893473 -216.304656 2
23.9204 19.709491 -216.657824 2
24.4107 20.550792 -216.969964 2
24.8590 21.381596 -217.269098 2
25.2244 22.164343 -217.583250 2
25.4674 22.859740 -217.940445 2
25.5502 23.426797 -218.368706 2
25.4367 23.822873 -218.896057 2
25.0925 24.003720 -219.550522 2
24.4848 23.923526 -220.360125 2
23.5829 23.534959 -221.352890 2
22.3576 22.789217 -222.556840 2
20.7817 21.636073 -224.000000 2

23.9222 1.931198 -45.000000 2
22.8538 2.088484 -47.765970 2
22.0032 2.245681 -50.134805 2
21.3593 2.408500 -52.141956 2
20.9106 2.582182 -53.822873 2
20.6458 2.771498 -55.213006 2
20.5534 2.980747 -56.347807 2
20.6219 3.213754 -57.262727 2
20.8398 3.473874 -57.993214 2
21.1953 3.763988 -58.574722 2
21.6770 4.086505 -59.042699 2
22.2732 4.443362 -59.432597 2
22.9722 4.836024 -59.779867 2
23.7625 5.265488 -60.119959 2
24.6326 5.732280 -60.488323 2
25.5708 6.236459 -60.920411 2
26.5657 6.777618 -61.451672 2
27.6060 7.354888 -62.117559 2
28.6803 7.966937 -62.953521 2
29.7773 8.611975 -63.995008 2
30.8860 9.287746 -65.277370 2
31.9895 9.989760 -66.814285 2
33.0587 10.708728 -68.571082 2
34.0631 11.433562 -70.506548 2
34.9724 12.151893 -72.579470 2
35.7573 12.850079 -74.748636 2
36.3885 13.513220 -76.972833 2
36.8376 14.125170 -79.210848 2
37.0767 14.668555 -81.421468 2
37.0785 15.124781 -83.563482 2
36.8168 15.474235 -85.596025 2
36.2989 15.710398 -87.505344 2
35.5880 15.851750 -89.323633 2
34.7516 15.921818 -91.087538 2
33.8560 15.946914 -92.833703 2
32.9664 15.956106 -94.598775 2
32.1466 15.981186 -96.419398 2
31.4591 16.056634 -98.332218 2
30.9650 16.219581 -100.373881 2
30.7239 16.509773 -102.581031 2
30.7924 16.968726 -104.989393 2
31.1688 17.608546 -107.598881 2
31.7787 18.399198 -110.362886 2
32.5440 19.304746 -113.231694 2
33.3883 20.286064 -116.155588 2
34.2371 21.300882 -119.084853 2
35.0179 22.303831 -121.969772 2
35.6597 23.246499 -124.760631 2
36.0941 24.077477 -127.407713 2
36.2542 24.742417 -129.861301 2
36.0789 25.186257 -132.073907 2
35.5800 25.401927 -134.049219 2
34.8399 25.434150 -135.842109 2
33.9419 25.333238 -137.509671 2
32.9669 25.152892 -139.109002 2
31.9937 24.950144 -140.697197 2
31.0983 24.785287 -142.331353 2
30.3543 24.721812 -144.068564 2
29.8325 24.826337 -145.965927 2
29.6012 25.168537 -148.080537 2
29.7198 25.815895 -150.466123 2
30.1564 26.760081 -153.126027 2
30.8126 27.930511 -156.024804 2
31.5914 29.251056 -159.126010 2
32.3989 30.641649 -162.393203 2
33.1452 32.018377 -165.789940 2
33.7436 33.293573 -169.279778 2
34.1112 34.375914 -172.826274 2
34.1690 35.170518 -176.392985 2
33.8417 35.579043 -179.943468 2
33.0677 35.510019 -183.442070 2
31.8861 34.975731 -186.861289 2
30.3919 34.053297 -190.178434 2
28.6771 32.824349 -193.370874 2
26.8303 31.374144 -196.415981 2
24.9361 29.791460 -199.291123 2
23.0754 28.168496 -201.973671 2
21.3249 26.600771 -204.440995 2
19.7576 25.187011 -206.670465 2
18.4420 24.029053 -208.639452 2
17.4337 23.219641 -210.329648 2
16.7180 22.764027 -211.754690 2
16.2514 22.626441 -212.942537 2
15.9916 22.769323 -213.921210 2
15.8984 23.153557 -214.718735 2
15.9333 23.738521 -215.363135 2
16.0594 24.482135 -215.882434 2
16.2419 25.340911 -216.304656 2
16.4480 26.270004 -216.657824 2
16.6467 27.223261 -216.969964 2
16.8088 28.153276 -217.269098 2
16.9075 29.011442 -217.583250 2
16.9178 29.748001 -217.940445 2
16.8168 30.312103 -218.368706 2
16.5837 30.651858 -218.896057 2
16.1999 30.714392 -219.550522 2
15.6489 30.445901 -220.360125 2
14.9165 29.791711 -221.352890 2
13.9904 28.696330 -222.556840 2
12.8608 27.103513 -224.000000 2

22.0795 9.407199 -45.000000 2
21.0163 9.218069 -47.765970 2
20.1597 9.097833 -50.134805 2
19.4974 9.048353 -52.141956 2
19.0168 9.071016 -53.822873 2
18.7057 9.166737 -55.213006 2
18.5518 9.335962 -56.347807 2
18.5430 9.578672 -57.262727 2
18.6672 9.894385 -57.993214 2
18.9126 10.282162 -58.574722 2
19.2674 10.740611 -59.042699 2
19.7198 11.267888 -59.432597 2
20.2586 11.861706 -59.779867 2
20.8722 12.519336 -60.119959 2
21.5496 13.237617 -60.488323 2
22.2799 14.012954 -60.920411 2
23.0523 14.841332 -61.451672 2
23.8562 15.718314 -62.117559 2
24.6814 16.639053 -62.953521 2
25.5177 17.598294 -63.995008 2
26.3553 18.590366 -65.277370 2
27.1798 19.605710 -66.814285 2
27.9663 20.626259 -68.571082 2
28.6894 21.631829 -70.506548 2
29.3245 22.601162 -72.579470 2
29.8479 23.511950 -74.748636 2
30.2366 24.340857 -76.972833 2
30.4689 25.063539 -79.210848 2
30.5236 25.654677 -81.421468 2
30.3808 26.087989 -83.563482 2
30.0219 26.336572 -85.596025 2
29.4559 26.396589 -87.505344 2
28.7368 26.305552 -89.323633 2
27.9212 26.107148 -91.087538 2
27.0638 25.847346 -92.833703 2
26.2170 25.574349 -94.598775 2
25.4315 25.338533 -96.419398 2
24.7555 25.192396 -98.332218 2
24.2352 25.190498 -100.373881 2
23.9147 25.389408 -102.581031 2
23.8342 25.846412 -104.989393 2
23.9887 26.572523 -107.598881 2
24.3168 27.515610 -110.362886 2
24.7559 28.616884 -113.231694 2
25.2460 29.815068 -116.155588 2
25.7299 31.046466 -119.084853 2
26.1528 32.245033 -121.969772 2
26.4631 33.342450 -124.760631 2
26.6120 34.268199 -127.407713 2
26.5533 34.949640 -129.861301 2
26.2465 35.315127 -132.073907 2
25.7050 35.361710 -134.049219 2
24.9927 35.157902 -135.842109 2
24.1729 34.777806 -137.509671 2
23.3052 34.298011 -139.109002 2
22.4463 33.797505 -140.697197 2
21.6492 33.357585 -142.331353 2
20.9635 33.061766 -144.068564 2
20.4355 32.995690 -145.965927 2
20.1078 33.247035 -148.080537 2
20.0152 33.898614 -150.466123 2
20.1304 34.932484 -153.126027 2
20.3822 36.250483 -156.024804 2
20.7027 37.749666 -159.126010 2
21.0283 39.324428 -162.393203 2
21.3002 40.866623 -165.789940 2
21.4640 42.265681 -169.279778 2
21.4700 43.408736 -172.826274 2
21.2732 44.180746 -176.392985 2
20.8334 44.464615 -179.943468 2
20.1211 44.154042 -183.442070 2
19.1695 43.273071 -186.861289 2
18.0442 41.924924 -190.178434 2
16.8069 40.216211 -193.370874 2
15.5143 38.255812 -196.415981 2
14.2188 36.154752 -199.291123 2
12.9678 34.026075 -201.973671 2
11.8039 31.984720 -204.440995 2
10.7649 30.147391 -206.670465 2
9.8837 28.632431 -208.639452 2
9.1835 27.545355 -210.329648 2
8.6490 26.886562 -211.754690 2
8.2499 26.608287 -212.942537 2
7.9583 26.661566 -213.921210 2
7.7483 26.996519 -214.718735 2
7.5961 27.562407 -215.363135 2
7.4802 28.307689 -215.882434 2
7.3814 29.180082 -216.304656 2
7.2827 30.126621 -216.657824 2
7.1692 31.093718 -216.969964 2
7.0285 32.027221 -217.269098 2
6.8504 32.872476 -217.583250 2
6.6269 33.574386 -217.940445 2
6.3525 34.077472 -218.368706 2
6.0238 34.325936 -218.896057 2
5.6400 34.263719 -219.550522 2
5.2024 33.834567 -220.360125 2
4.7147 32.982087 -221.352890 2
4.1832 31.649813 -222.556840 2
3.6161 29.781266 -224.000000 2

17.9643 15.914944 -45.000000 2
17.0157 15.398865 -47.765970 2
16.2413 15.013571 -50.134805 2
15.6286 14.756885 -52.141956 2
15.1656 14.626196 -53.822873 2
14.8402 14.618469 -55.213006 2
14.6406 14.730253 -56.347807 2
14.5554 14.957684 -57.262727 2
14.5733 15.296495 -57.993214 2
14.6833 15.742024 -58.574722 2
14.8746 16.289217 -59.042699 2
15.1368 16.932644 -59.432597 2
15.4598 17.666496 -59.779867 2
15.8336 18.484606 -60.119959 2
16.2487 19.380444 -60.488323 2
16.6959 20.347137 -60.920411 2
17.1662 21.377470 -61.451672 2
17.6510 22.463899 -62.117559 2
18.1422 23.598559 -62.953521 2
18.6317 24.773271 -63.995008 2
19.1120 25.979534 -65.277370 2
19.5725 27.203701 -66.814285 2
19.9954 28.420789 -68.571082 2
20.3628 29.603594 -70.506548 2
20.6583 30.724159 -72.579470 2
20.8663 31.753805 -74.748636 2
20.9726 32.663159 -76.972833 2
20.9640 33.422191 -79.210848 2
20.8287 34.000236 -81.421468 2
20.5561 34.366036 -83.563482 2
20.1369 34.488162 -85.596025 2
19.5810 34.365856 -87.505344 2
18.9278 34.051799 -89.323633 2
18.2170 33.605344 -91.087538 2
17.4860 33.087386 -92.833703 2
16.7692 32.560298 -94.598775 2
16.0988 32.087858 -96.419398 2
15.5039 31.735177 -98.332218 2
15.0110 31.568631 -100.373881 2
14.6439 31.655784 -102.581031 2
14.4229 32.063801 -104.989393 2
14.3395 32.801467 -107.598881 2
14.3521 33.799919 -110.362886 2
14.4199 34.983568 -113.231694 2
14.5053 36.275293 -116.155588 2
14.5743 37.596527 -119.084853 2
14.5959 38.867346 -121.969772 2
14.5428 40.006558 -124.760631 2
14.3908 40.931795 -127.407713 2
14.1194 41.559596 -129.861301 2
13.7126 41.809112 -132.073907 2
13.1842 41.681814 -134.049219 2
12.5731 41.262952 -135.842109 2
11.9158 40.642794 -137.509671 2
11.2448 39.912935 -139.109002 2
10.5885 39.166187 -140.697197 2
9.9717 38.496483 -142.331353 2
9.4151 37.998767 -144.068564 2
8.9352 37.768892 -145.965927 2
8.5447 37.903511 -148.080537 2
8.2505 38.492247 -150.466123 2
8.0324 39.509388 -153.126027 2
7.8539 40.839297 -156.024804 2
7.6831 42.362811 -159.126010 2
7.4934 43.959657 -162.393203 2
7.2629 45.508585 -165.789940 2
6.9752 46.887505 -169.279778 2
6.6189 47.973623 -172.826274 2
6.1877 48.643577 -176.392985 2
5.6807 48.773573 -179.943468 2
5.1034 48.253417 -183.442070 2
4.4797 47.116438 -186.861289 2
3.8393 45.481339 -190.178434 2
3.2067 43.468733 -193.370874 2
2.6015 41.199919 -196.415981 2
2.0380 38.796739 -199.291123 2
1.5254 36.381448 -201.973671 2
1.0678 34.076575 -204.440995 2
0.6642 32.004787 -206.670465 2
0.3081 30.288755 -208.639452 2
-0.0118 29.035906 -210.329648 2
-0.3102 28.241741 -211.754690 2
-0.6006 27.851418 -212.942537 2
-0.8941 27.809611 -213.921210 2
-1.1994 28.060808 -214.718735 2
-1.5230 28.549375 -215.363135 2
-1.8689 29.219614 -215.882434 2
-2.2389 30.015831 -216.304656 2
-2.6322 30.882393 -216.657824 2
-3.0461 31.763789 -216.969964 2
-3.4752 32.604697 -217.269098 2
-3.9118 33.350041 -217.583250 2
-4.3461 33.945056 -217.940445 2
-4.7657 34.335345 -218.368706 2
-5.1561 34.466944 -218.896057 2
-5.5005 34.286381 -219.550522 2
-5.7797 33.740739 -220.360125 2
-5.9723 32.777712 -221.352890 2
-6.0546 31.345671 -222.556840 2
-6.0008 29.393720 -224.000000 2

12.0000 20.784610 -45.000000 2
11.2636 19.994700 -47.765970 2
10.6511 19.384006 -50.134805 2
10.1513 18.946534 -52.141956 2
9.7535 18.675944 -53.822873 2
9.4473 18.565565 -55.213006 2
9.2226 18.608402 -56.347807 2
9.0697 18.797146 -57.262727 2
8.9794 19.124182 -57.993214 2
8.9426 19.581604 -58.574722 2
8.9508 20.161221 -59.042699 2
8.9958 20.854571 -59.432597 2
9.0697 21.652925 -59.779867 2
9.1652 22.547308 -60.119959 2
9.2753 23.528498 -60.488323 2
9.3934 24.587047 -60.920411 2
9.5132 25.713287 -61.451672 2
9.6290 26.897340 -62.117559 2
9.7356 28.129133 -62.953521 2
9.8279 29.398408 -63.995008 2
9.9016 30.694704 -65.277370 2
9.9507 32.001693 -66.814285 2
9.9664 33.290049 -68.571082 2
9.9404 34.528346 -70.506548 2
9.8658 35.684807 -72.579470 2
9.7370 36.727331 -74.748636 2
9.5499 37.623537 -76.972833 2
9.3014 38.340792 -79.210848 2
8.9900 38.846250 -81.421468 2
8.6156 39.106885 -83.563482 2
8.1793 39.089985 -85.596025 2
7.6907 38.797944 -87.505344 2
7.1706 38.293193 -89.323633 2
6.6378 37.644639 -91.087538 2
6.1084 36.921837 -92.833703 2
5.5954 36.194910 -94.598775 2
5.1091 35.534472 -96.419398 2
4.6565 35.011548 -98.332218 2
4.2417 34.697495 -100.373881 2
3.8659 34.663922 -102.581031 2
3.5271 34.980955 -104.989393 2
3.2144 35.654250 -107.598881 2
2.9101 36.605300 -110.362886 2
2.5996 37.749495 -113.231694 2
2.2716 39.001807 -116.155588 2
1.9186 40.276886 -119.084853 2
1.5367 41.489155 -121.969772 2
1.1255 42.552907 -124.760631 2
0.6884 43.382398 -127.407713 2
0.2321 43.891944 -129.861301 2
-0.2327 43.999807 -132.073907 2
-0.6936 43.711730 -134.049219 2
-1.1406 43.120926 -135.842109 2
-1.5677 42.324538 -137.509671 2
-1.9731 41.419735 -139.109002 2
-2.3591 40.503606 -140.697197 2
-2.7320 39.673049 -142.331353 2
-3.1025 39.024666 -144.068564 2
-3.4849 38.654651 -145.965927 2
-3.8979 38.658688 -148.080537 2
-4.3633 39.123984 -150.466123 2
-4.8923 40.019703 -153.126027 2
-5.4828 41.224640 -156.024804 2
-6.1272 42.615674 -159.126010 2
-6.8129 44.070245 -162.393203 2
-7.5220 45.466479 -165.789940 2
-8.2315 46.683333 -169.279778 2
-8.9134 47.600723 -172.826274 2
-9.5346 48.099665 -176.392985 2
-10.0567 48.062407 -179.943468 2
-10.4396 47.386207 -183.442070 2
-10.6711 46.110246 -186.861289 2
-10.7608 44.356490 -190.178434 2
-10.7235 42.247145 -193.370874 2
-10.5791 39.903437 -196.415981 2
-10.3526 37.445490 -199.291123 2
-10.0739 34.992183 -201.973671 2
-9.7781 32.661026 -204.440995 2
-9.5049 30.568023 -206.670465 2
-9.2993 28.827546 -208.639452 2
-9.2059 27.537874 -210.329648 2
-9.2375 26.690078 -211.754690 2
-9.3894 26.227883 -212.942537 2
-9.6545 26.095293 -213.921210 2
-10.0237 26.236879 -214.718735 2
-10.4853 26.597838 -215.363135 2
-11.0256 27.124049 -215.882434 2
-11.6287 27.762138 -216.304656 2
-12.2762 28.459528 -216.657824 2
-12.9479 29.164504 -216.969964 2
-13.6212 29.826265 -217.269098 2
-14.2714 30.394983 -217.583250 2
-14.8717 30.821859 -217.940445 2
-15.3933 31.059180 -218.368706 2
-15.8054 31.060369 -218.896057 2
-16.0748 30.780045 -219.550522 2
-16.1669 30.174074 -220.360125 2
-16.0446 29.199622 -221.352890 2
-15.6692 27.815210 -222.556840 2
-15.0000 25.980762 -224.000000 2

4.8006 23.514976 -45.000000 2
4.3523 22.532538 -47.765970 2
3.9647 21.759301 -50.134805 2
3.6291 21.186070 -52.141956 2
3.3375 20.803431 -53.822873 2
3.0820 20.601761 -55.213006 2
2.8553 20.571242 -56.347807 2
2.6505 20.701871 -57.262727 2
2.4613 20.983471 -57.993214 2
2.2815 21.405706 -58.574722 2
2.1058 21.958089 -59.042699 2
1.9289 22.629997 -59.432597 2
1.7462 23.410681 -59.779867 2
1.5536 24.289280 -60.119959 2
1.3472 25.254832 -60.488323 2
1.1240 26.296284 -60.920411 2
0.8810 27.402509 -61.451672 2
0.6160 28.562315 -62.117559 2
0.3270 29.764457 -62.953521 2
0.0126 30.997651 -63.995008 2
-0.3280 32.250556 -65.277370 2
-0.6953 33.505843 -66.814285 2
-1.0884 34.732860 -68.571082 2
-1.5052 35.899196 -70.506548 2
-1.9422 36.972520 -72.579470 2
-2.3944 37.920620 -74.748636 2
-2.8558 38.711433 -76.972833 2
-3.3186 39.313087 -79.210848 2
-3.7740 39.693931 -81.421468 2
-4.2117 39.822576 -83.563482 2
-4.6202 39.668388 -85.596025 2
-4.9911 39.236672 -87.505344 2
-5.3247 38.593178 -89.323633 2
-5.6247 37.809279 -91.087538 2
-5.8980 36.956029 -92.833703 2
-6.1543 36.104084 -94.598775 2
-6.4065 35.323626 -96.419398 2
-6.6702 34.684282 -98.332218 2
-6.9642 34.255046 -100.373881 2
-7.3100 34.104202 -102.581031 2
-7.7318 34.297621 -104.989393 2
-8.2416 34.837244 -107.598881 2
-8.8314 35.643004 -110.362886 2
-9.4883 36.629975 -113.231694 2
-10.1959 37.713977 -116.155588 2
-10.9345 38.811661 -119.084853 2
-11.6807 39.840605 -121.969772 2
-12.4075 40.719408 -124.760631 2
-13.0849 41.367777 -127.407713 2
-13.6790 41.706620 -129.861301 2
-14.1541 41.661728 -132.073907 2
-14.5000 41.242522 -134.049219 2
-14.7369 40.540587 -135.842109 2
-14.8898 39.649938 -137.509671 2
-14.9878 38.663321 -139.109002 2
-15.0639 37.672105 -140.697197 2
-15.1546 36.766182 -142.331353 2
-15.3007 36.033867 -144.068564 2
-15.5462 35.561799 -145.965927 2
-15.9393 35.434838 -148.080537 2
-16.5281 35.728802 -150.466123 2
-17.3135 36.410906 -153.126027 2
-18.2551 37.366849 -156.024804 2
-19.3069 38.482229 -159.126010 2
-20.4179 39.644810 -162.393203 2
-21.5327 40.744640 -165.789940 2
-22.5910 41.674180 -169.279778 2
-23.5284 42.328418 -172.826274 2
-24.2755 42.604994 -176.392985 2
-24.7590 42.404316 -179.943468 2
-24.9080 41.641672 -183.442070 2
-24.7235 40.358059 -186.861289 2
-24.2533 38.666157 -190.178434 2
-23.5499 36.677179 -193.370874 2
-22.6708 34.499810 -196.415981 2
-21.6776 32.240084 -199.291123 2
-20.6364 30.001274 -201.973671 2
-19.6176 27.883772 -204.440995 2
-18.6957 25.984980 -206.670465 2
-17.9494 24.399200 -208.639452 2
-17.4525 23.205448 -210.329648 2
-17.2140 22.391283 -211.754690 2
-17.2117 21.904788 -212.942537 2
-17.4212 21.695062 -213.921210 2
-17.8162 21.712464 -214.718735 2
-18.3684 21.908662 -215.363135 2
-19.0475 22.236684 -215.882434 2
-19.8216 22.650967 -216.304656 2
-20.6567 23.107407 -216.657824 2
-21.5170 23.563401 -216.969964 2
-22.3652 23.977901 -217.269098 2
-23.1621 24.311457 -217.583250 2
-23.8667 24.526258 -217.940445 2
-24.4366 24.586183 -218.368706 2
-24.8278 24.456839 -218.896057 2
-24.9946 24.105607 -219.550522 2
-24.8900 23.501678 -220.360125 2
-24.4655 22.616099 -221.352890 2
-23.6710 21.421810 -222.556840 2
-22.4553 19.893680 -224.000000 2

-2.8929 23.825013 -45.000000 2
-3.0070 22.751168 -47.765970 2
-3.1298 21.894974 -50.134805 2
-3.2666 21.244986 -52.141956 2
-3.4221 20.789681 -53.822873 2
-3.6006 20.517477 -55.213006 2
-3.8059 20.416743 -56.347807 2
-4.0415 20.475812 -57.262727 2
-4.3102 20.682993 -57.993214 2
-4.6144 21.026581 -58.574722 2
-4.9560 21.494874 -59.042699 2
-5.3366 22.076183 -59.432597 2
-5.7571 22.758843 -59.779867 2
-6.2180 23.531227 -60.119959 2
-6.7195 24.381758 -60.488323 2
-7.2610 25.298920 -60.920411 2
-7.8418 26.271270 -61.451672 2
-8.4605 27.287453 -62.117559 2
-9.1153 28.336211 -62.953521 2
-9.8040 29.406395 -63.995008 2
-10.5239 30.486951 -65.277370 2
-11.2697 31.561333 -66.814285 2
-12.0312 32.600718 -68.571082 2
-12.7959 33.575044 -70.506548 2
-13.5502 34.454759 -72.579470 2
-14.2795 35.210848 -74.748636 2
-14.9675 35.814873 -76.972833 2
-15.5970 36.238998 -79.210848 2
-16.1496 36.456030 -81.421468 2
-16.6055 36.439444 -83.563482 2
-16.9441 36.163838 -85.596025 2
-17.1593 35.636882 -87.505344 2
-17.2719 34.920880 -89.323633 2
-17.3082 34.082320 -91.087538 2
-17.2972 33.186444 -92.833703 2
-17.2706 32.297169 -94.598775 2
-17.2626 31.477021 -96.419398 2
-17.3103 30.787062 -98.332218 2
-17.4533 30.286823 -100.373881 2
-17.7335 30.034235 -102.581031 2
-18.1948 30.084131 -104.989393 2
-18.8493 30.434541 -107.598881 2
-19.6639 31.012075 -110.362886 2
-20.5995 31.740238 -113.231694 2
-21.6140 32.544356 -116.155588 2
-22.6622 33.351664 -119.084853 2
-23.6958 34.091377 -121.969772 2
-24.6635 34.694778 -124.760631 2
-25.5113 35.095289 -127.407713 2
-26.1822 35.228554 -129.861301 2
-26.6186 35.035527 -132.073907 2
-26.8140 34.528341 -134.049219 2
-26.8164 33.787522 -135.842109 2
-26.6794 32.894285 -137.509671 2
-26.4599 31.927404 -139.109002 2
-26.2182 30.963124 -140.697197 2
-26.0174 30.075078 -142.331353 2
-25.9240 29.334207 -144.068564 2
-26.0074 28.808672 -145.965927 2
-26.3400 28.563782 -148.080537 2
-26.9917 28.656157 -150.466123 2
-27.9527 29.054440 -153.126027 2
-29.1486 29.662997 -156.024804 2
-30.4994 30.387919 -159.126010 2
-31.9214 31.138849 -162.393203 2
-33.3270 31.829073 -165.789940 2
-34.6253 32.375624 -169.279778 2
-35.7216 32.699371 -172.826274 2
-36.5178 32.725113 -176.392985 2
-36.9129 32.381672 -179.943468 2
-36.8127 31.611079 -183.442070 2
-36.2313 30.451934 -186.861289 2
-35.2494 28.996027 -190.178434 2
-33.9524 27.332137 -193.370874 2
-32.4290 25.545217 -196.415981 2
-30.7714 23.716300 -199.291123 2
-29.0748 21.922420 -201.973671 2
-27.4379 20.236521 -204.440995 2
-25.9621 18.727378 -206.670465 2
-24.7522 17.459515 -208.639452 2
-23.9028 16.484553 -210.329648 2
-23.4187 15.787818 -211.754690 2
-23.2625 15.327096 -212.942537 2
-23.3948 15.061820 -213.921210 2
-23.7749 14.953247 -214.718735 2
-24.3608 14.964490 -215.363135 2
-25.1089 15.060561 -215.882434 2
-25.9744 15.208398 -216.304656 2
-26.9110 15.376906 -216.657824 2
-27.8715 15.536985 -216.969964 2
-28.8073 15.661562 -217.269098 2
-29.6687 15.725622 -217.583250 2
-30.4051 15.706239 -217.940445 2
-30.9647 15.582601 -218.368706 2
-31.2948 15.336038 -218.896057 2
-31.3418 14.950049 -219.550522 2
-31.0513 14.410323 -220.360125 2
-30.3682 13.704767 -221.352890 2
-29.2364 12.823524 -222.556840 2
-27.5994 11.758998 -224.000000 2

-10.2886 21.682810 -45.000000 2
-10.0568 20.628085 -47.765970 2
-9.9022 19.777061 -50.134805 2
-9.8261 19.117216 -52.141956 2
-9.8294 18.636109 -53.822873 2
-9.9125 18.321388 -55.213006 2
-10.0754 18.160808 -56.347807 2
-10.3176 18.142238 -57.262727 2
-10.6380 18.253673 -57.993214 2
-11.0354 18.483250 -58.574722 2
-11.5077 18.819254 -59.042699 2
-12.0528 19.250131 -59.432597 2
-12.6678 19.764503 -59.779867 2
-13.3496 20.351173 -60.119959 2
-14.0946 20.999141 -60.488323 2
-14.8987 21.697611 -60.920411 2
-15.7575 22.436005 -61.451672 2
-16.6662 23.203973 -62.117559 2
-17.6194 23.991400 -62.953521 2
-18.6115 24.788423 -63.995008 2
-19.6365 25.585413 -65.277370 2
-20.6842 26.368307 -66.814285 2
-21.7356 27.113078 -68.571082 2
-22.7695 27.795111 -70.506548 2
-23.7636 28.390669 -72.579470 2
-24.6947 28.876926 -74.748636 2
-25.5386 29.231991 -76.972833 2
-26.2701 29.434934 -79.210848 2
-26.8629 29.465815 -81.421468 2
-27.2901 29.305705 -83.563482 2
-27.5241 28.937049 -85.596025 2
-27.5612 28.369091 -87.505344 2
-27.4413 27.654275 -89.323633 2
-27.2102 26.847366 -91.087538 2
-26.9161 26.001074 -92.833703 2
-26.6093 25.165999 -94.598775 2
-26.3420 24.390576 -96.419398 2
-26.1688 23.721019 -98.332218 2
-26.1459 23.201266 -100.373881 2
-26.3318 22.872931 -102.581031 2
-26.7852 22.774169 -104.989393 2
-27.5169 22.899299 -107.598881 2
-28.4724 23.189164 -110.362886 2
-29.5905 23.583569 -113.231694 2
-30.8074 24.025039 -116.155588 2
-32.0573 24.458876 -119.084853 2
-33.2719 24.833222 -121.969772 2
-34.3810 25.099114 -124.760631 2
-35.3120 25.210545 -127.407713 2
-35.9905 25.124514 -129.861301 2
-36.3433 24.803221 -132.073907 2
-36.3681 24.260258 -134.049219 2
-36.1357 23.556805 -135.842109 2
-35.7229 22.752918 -137.509671 2
-35.2086 21.905290 -139.109002 2
-34.6739 21.067197 -140.697197 2
-34.2023 20.288433 -142.331353 2
-33.8791 19.615261 -144.068564 2
-33.7918 19.090353 -145.965927 2
-34.0297 18.752738 -148.080537 2
-34.6771 18.634017 -150.466123 2
-35.7147 18.707484 -153.126027 2
-37.0418 18.906017 -156.024804 2
-38.5527 19.165868 -159.126010 2
-40.1393 19.427856 -162.393203 2
-41.6912 19.637431 -165.789940 2
-43.0957 19.744738 -169.279778 2
-44.2380 19.704671 -172.826274 2
-45.0015 19.476931 -176.392985 2
-45.2674 19.026075 -179.943468 2
-44.9284 18.326849 -183.442070 2
-44.0099 17.411479 -186.861289 2
-42.6175 16.341420 -190.178434 2
-40.8603 15.173877 -193.370874 2
-38.8495 13.961328 -196.415981 2
-36.6980 12.751465 -199.291123 2
-34.5206 11.587155 -201.973671 2
-32.4341 10.506384 -204.440995 2
-30.5564 9.542221 -206.670465 2
-29.0072 8.722772 -208.639452 2
-27.8928 8.066950 -210.329648 2
-27.2130 7.559358 -211.754690 2
-26.9189 7.171830 -212.942537 2
-26.9604 6.878309 -213.921210 2
-27.2866 6.654936 -214.718735 2
-27.8459 6.480067 -215.363135 2
-28.5859 6.334298 -215.882434 2
-29.4536 6.200472 -216.304656 2
-30.3954 6.063705 -216.657824 2
-31.3572 5.911392 -216.969964 2
-32.2843 5.733223 -217.269098 2
-33.1217 5.521195 -217.583250 2
-33.8140 5.269623 -217.940445 2
-34.3056 4.975147 -218.368706 2
-34.5407 4.636743 -218.896057 2
-34.4630 4.255725 -219.550522 2
-34.0166 3.835754 -220.360125 2
-33.1452 3.382842 -221.352890 2
-31.7926 2.905350 -222.556840 2
-29.9027 2.413997 -224.000000 2

-16.6254 17.308859 -45.000000 2
-16.0715 16.381813 -47.765970 2
-15.6554 15.623551 -50.134805 2
-15.3742 15.021767 -52.141956 2
-15.2250 14.564376 -53.822873 2
-15.2042 14.239532 -55.213006 2
-15.3078 14.035633 -56.347807 2
-15.5316 13.941335 -57.262727 2
-15.8709 13.945556 -57.993214 2
-16.3205 14.037492 -58.574722 2
-16.8749 14.206622 -59.042699 2
-17.5284 14.442719 -59.432597 2
-18.2747 14.735860 -59.779867 2
-19.1072 15.076431 -60.119959 2
-20.0190 15.455142 -60.488323 2
-21.0029 15.863029 -60.920411 2
-22.0513 16.291467 -61.451672 2
-23.1564 16.732174 -62.117559 2
-24.3099 17.177224 -62.953521 2
-25.5034 17.619051 -63.995008 2
-26.7280 18.050441 -65.277370 2
-27.9697 18.461266 -66.814285 2
-29.2029 18.834767 -68.571082 2
-30.3995 19.154306 -70.506548 2
-31.5311 19.404409 -72.579470 2
-32.5683 19.570784 -74.748636 2
-33.4811 19.640344 -76.972833 2
-34.2392 19.601218 -79.210848 2
-34.8113 19.442769 -81.421468 2
-35.1659 19.155614 -83.563482 2
-35.2710 18.731853 -85.596025 2
-35.1264 18.181351 -87.505344 2
-34.7863 17.541296 -89.323633 2
-34.3116 16.849090 -91.087538 2
-33.7646 16.139488 -92.833703 2
-33.2091 15.444566 -94.598775 2
-32.7101 14.793680 -96.419398 2
-32.3337 14.213440 -98.332218 2
-32.1475 13.727669 -100.373881 2
-32.2198 13.357382 -102.581031 2
-32.6185 13.120127 -104.989393 2
-33.3523 13.007098 -107.598881 2
-34.3504 12.979458 -110.362886 2
-35.5358 12.999512 -113.231694 2
-36.8299 13.032893 -116.155588 2
-38.1529 13.048607 -119.084853 2
-39.4235 13.019054 -121.969772 2
-40.5597 12.920071 -124.760631 2
-41.4781 12.730952 -127.407713 2
-42.0944 12.434481 -129.861301 2
-42.3274 12.017991 -132.073907 2
-42.1789 11.495136 -134.049219 2
-41.7358 10.901454 -135.842109 2
-41.0896 10.269659 -137.509671 2
-40.3333 9.628529 -139.109002 2
-39.5608 9.002884 -140.697197 2
-38.8668 8.413559 -142.331353 2
-38.3471 7.877373 -144.068564 2
-38.0980 7.407118 -145.965927 2
-38.2168 7.011530 -148.080537 2
-38.7932 6.693931 -150.466123 2
-39.8008 6.435020 -153.126027 2
-41.1224 6.203096 -156.024804 2
-42.6378 5.971130 -159.126010 2
-44.2257 5.717209 -162.393203 2
-45.7641 5.424565 -165.789940 2
-47.1303 5.081584 -169.279778 2
-48.2012 4.681827 -172.826274 2
-48.8533 4.224044 -176.392985 2
-48.9628 3.712179 -179.943468 2
-48.4198 3.156290 -183.442070 2
-47.2586 2.578911 -186.861289 2
-45.5990 2.004838 -190.178434 2
-43.5626 1.453814 -193.370874 2
-41.2713 0.940440 -196.415981 2
-38.8473 0.474159 -199.291123 2
-36.4134 0.059257 -201.973671 2
-34.0919 -0.305145 -204.440995 2
-32.0056 -0.625089 -206.670465 2
-30.2766 -0.911780 -208.639452 2
-29.0119 -1.180961 -210.329648 2
-28.2063 -1.447165 -211.754690 2
-27.8046 -1.721611 -212.942537 2
-27.7511 -2.013166 -213.921210 2
-27.9898 -2.328349 -214.718735 2
-28.4649 -2.671331 -215.363135 2
-29.1207 -3.043937 -215.882434 2
-29.9013 -3.445650 -216.304656 2
-30.7514 -3.873615 -216.657824 2
-31.6154 -4.322643 -216.969964 2
-32.4383 -4.785220 -217.269098 2
-33.1655 -5.251513 -217.583250 2
-33.7425 -5.709381 -217.940445 2
-34.1156 -6.144384 -218.368706 2
-34.2314 -6.539799 -218.896057 2
-34.0371 -6.876628 -219.550522 2
-33.4806 -7.133617 -220.360125 2
-32.5106 -7.287269 -221.352890 2
-31.0765 -7.311863 -222.556840 2
-29.1283 -7.179470 -224.000000 2

-21.2509 11.153356 -45.000000 2
-20.4320 10.449408 -47.765970 2
-19.7972 9.861955 -50.134805 2
-19.3399 9.380170 -52.141956 2
-19.0535 8.993574 -53.822873 2
-18.9309 8.692041 -55.213006 2
-18.9647 8.465811 -56.347807 2
-19.1471 8.305490 -57.262727 2
-19.4702 8.202063 -57.993214 2
-19.9258 8.146895 -58.574722 2
-20.5053 8.131743 -59.042699 2
-21.1999 8.148759 -59.432597 2
-22.0006 8.190497 -59.779867 2
-22.8981 8.249916 -60.119959 2
-23.8829 8.320391 -60.488323 2
-24.9453 8.395712 -60.920411 2
-26.0755 8.470095 -61.451672 2
-27.2632 8.538181 -62.117559 2
-28.4983 8.595046 -62.953521 2
-29.7703 8.636201 -63.995008 2
-31.0685 8.657590 -65.277370 2
-32.3764 8.654061 -66.814285 2
-33.6644 8.617848 -68.571082 2
-34.9006 8.542004 -70.506548 2
-36.0531 8.420909 -72.579470 2
-37.0896 8.250279 -74.748636 2
-37.9776 8.027174 -76.972833 2
-38.6842 7.750004 -79.210848 2
-39.1767 7.418535 -81.421468 2
-39.4221 7.033892 -83.563482 2
-39.3876 6.598642 -85.596025 2
-39.0762 6.122257 -87.505344 2
-38.5509 5.622842 -89.323633 2
-37.8814 5.116585 -91.087538 2
-37.1379 4.616712 -92.833703 2
-36.3909 4.133468 -94.598775 2
-35.7114 3.674113 -96.419398 2
-35.1707 3.242912 -98.332218 2
-34.8402 2.841123 -100.373881 2
-34.7915 2.466996 -102.581031 2
-35.0946 2.115668 -104.989393 2
-35.7548 1.776113 -107.598881 2
-36.6928 1.433815 -110.362886 2
-37.8236 1.077452 -113.231694 2
-39.0616 0.699310 -116.155588 2
-40.3215 0.295282 -119.084853 2
-41.5174 -0.135127 -121.969772 2
-42.5637 -0.588798 -124.760631 2
-43.3749 -1.059001 -127.407713 2
-43.8657 -1.535397 -129.861301 2
-43.9548 -2.004217 -132.073907 2
-43.6484 -2.453147 -134.049219 2
-43.0400 -2.875952 -135.842109 2
-42.2271 -3.270627 -137.509671 2
-41.3067 -3.639270 -139.109002 2
-40.3758 -3.988069 -140.697197 2
-39.5309 -4.327299 -142.331353 2
-38.8681 -4.671310 -144.068564 2
-38.4830 -5.038510 -145.965927 2
-38.4704 -5.451356 -148.080537 2
-38.9166 -5.935142 -150.466123 2
-39.7903 -6.499781 -153.126027 2
-40.9704 -7.138292 -156.024804 2
-42.3344 -7.838200 -159.126010 2
-43.7602 -8.581893 -162.393203 2
-45.1267 -9.346636 -165.789940 2
-46.3140 -10.104604 -169.279778 2
-47.2032 -10.822904 -172.826274 2
-47.6767 -11.463611 -176.392985 2
-47.6185 -11.983800 -179.943468 2
-46.9274 -12.339138 -183.442070 2
-45.6432 -12.519097 -186.861289 2
-43.8872 -12.538097 -190.178434 2
-41.7811 -12.415886 -193.370874 2
-39.4451 -12.177245 -196.415981 2
-36.9983 -11.851951 -199.291123 2
-34.5582 -11.474740 -201.973671 2
-32.2408 -11.085266 -204.440995 2
-30.1605 -10.728061 -206.670465 2
-28.4297 -10.452486 -208.639452 2
-27.1449 -10.307319 -210.329648 2
-26.2965 -10.304735 -211.754690 2
-25.8285 -10.437852 -212.942537 2
-25.6854 -10.697433 -213.921210 2
-25.8120 -11.071983 -214.718735 2
-26.1541 -11.547776 -215.363135 2
-26.6581 -12.108867 -215.882434 2
-27.2714 -12.737122 -216.304656 2
-27.9421 -13.412236 -216.657824 2
-28.6195 -14.111762 -216.969964 2
-29.2536 -14.811134 -217.269098 2
-29.7957 -15.483698 -217.583250 2
-30.1980 -16.100734 -217.940445 2
-30.4142 -16.631492 -218.368706 2
-30.3988 -17.043218 -218.896057 2
-30.1078 -17.301190 -219.550522 2
-29.4986 -17.368746 -220.360125 2
-28.5299 -17.207323 -221.352890 2
-27.1617 -16.776487 -222.556840 2
-25.3557 -16.033975 -224.000000 2

-23.6892 3.849871 -45.000000 2
-22.6895 3.441476 -47.765970 2
-21.9013 3.085296 -50.134805 2
-21.3150 2.773099 -52.141956 2
-20.9209 2.497089 -53.822873 2
-20.7092 2.249904 -55.213006 2
-20.6695 2.024627 -56.347807 2
-20.7918 1.814786 -57.262727 2
-21.0656 1.614355 -57.993214 2
-21.4802 1.417761 -58.574722 2
-22.0251 1.219888 -59.042699 2
-22.6893 1.016071 -59.432597 2
-23.4620 0.802109 -59.779867 2
-24.3321 0.574260 -60.119959 2
-25.2886 0.329245 -60.488323 2
-26.3202 0.064248 -60.920411 2
-27.4158 -0.223080 -61.451672 2
-28.5640 -0.534622 -62.117559 2
-29.7535 -0.871796 -62.953521 2
-30.9730 -1.235549 -63.995008 2
-32.2112 -1.626362 -65.277370 2
-33.4507 -2.043882 -66.814285 2
-34.6609 -2.486081 -68.571082 2
-35.8095 -2.949501 -70.506548 2
-36.8643 -3.429331 -72.579470 2
-37.7935 -3.919404 -74.748636 2
-38.5650 -4.412210 -76.972833 2
-39.1476 -4.898895 -79.210848 2
-39.5098 -5.369268 -81.421468 2
-39.6207 -5.811809 -83.563482 2
-39.4502 -6.213749 -85.596025 2
-39.0039 -6.566983 -87.505344 2
-38.3475 -6.874355 -89.323633 2
-37.5521 -7.142554 -91.087538 2
-36.6886 -7.381250 -92.833703 2
-35.8270 -7.603076 -94.598775 2
-35.0370 -7.823619 -96.419398 2
-34.3876 -8.061399 -98.332218 2
-33.9468 -8.337852 -100.373881 2
-33.7822 -8.677311 -102.581031 2
-33.9585 -9.106551 -104.989393 2
-34.4771 -9.637681 -107.598881 2
-35.2585 -10.259408 -110.362886 2
-36.2182 -10.955507 -113.231694 2
-37.2728 -11.706252 -116.155588 2
-38.3399 -12.488435 -119.084853 2
-39.3380 -13.275400 -121.969772 2
-40.1868 -14.037063 -124.760631 2
-40.8074 -14.739954 -127.407713 2
-41.1220 -15.347242 -129.861301 2
-41.0580 -15.820136 -132.073907 2
-40.6252 -16.148935 -134.049219 2
-39.9143 -16.357344 -135.842109 2
-39.0182 -16.474276 -137.509671 2
-38.0285 -16.532488 -139.109002 2
-37.0350 -16.568542 -140.697197 2
-36.1261 -16.622761 -142.331353 2
-35.3885 -16.739189 -144.068564 2
-34.9070 -16.965538 -145.965927 2
-34.7643 -17.353149 -148.080537 2
-35.0343 -17.953328 -150.466123 2
-35.6842 -18.765579 -153.126027 2
-36.6015 -19.744956 -156.024804 2
-37.6736 -20.840766 -159.126010 2
-38.7905 -21.997685 -162.393203 2
-39.8446 -23.155815 -165.789940 2
-40.7307 -24.250753 -169.279778 2
-41.3467 -25.213665 -172.826274 2
-41.5930 -25.971350 -176.392985 2
-41.3730 -26.446322 -179.943468 2
-40.6050 -26.564533 -183.442070 2
-39.3298 -26.328551 -186.861289 2
-37.6582 -25.790521 -190.178434 2
-35.6992 -25.007655 -193.370874 2
-33.5590 -24.041561 -196.415981 2
-31.3411 -22.958174 -199.291123 2
-29.1460 -21.827675 -201.973671 2
-27.0712 -20.724413 -204.440995 2
-25.2111 -19.726824 -206.670465 2
-23.6567 -18.917347 -208.639452 2
-22.4839 -18.372775 -210.329648 2
-21.6800 -18.101669 -211.754690 2
-21.1940 -18.079755 -212.942537 2
-20.9760 -18.280643 -213.921210 2
-20.9775 -18.676011 -214.718735 2
-21.1513 -19.235642 -215.363135 2
-21.4517 -19.927467 -215.882434 2
-21.8345 -20.717598 -216.304656 2
-22.2569 -21.570374 -216.657824 2
-22.6779 -22.448397 -216.969964 2
-23.0579 -23.312581 -217.269098 2
-23.3591 -24.122190 -217.583250 2
-23.5454 -24.834885 -217.940445 2
-23.5823 -25.406768 -218.368706 2
-23.4373 -25.792428 -218.896057 2
-23.0796 -25.944990 -219.550522 2
-22.4804 -25.816160 -220.360125 2
-21.6126 -25.356276 -221.352890 2
-20.4513 -24.514356 -222.556840 2
-18.9734 -23.238149 -224.000000 2

