-23.6892 -3.849871 -45.000000 2
-22.6116 -3.920678 -47.765970 2
-21.7512 -4.008924 -50.134805 2
-21.0962 -4.119398 -52.141956 2
-20.6350 -4.256414 -53.822873 2
-20.3559 -4.423809 -55.213006 2
-20.2469 -4.624945 -56.347807 2
-20.2965 -4.862710 -57.262727 2
-20.4927 -5.139514 -57.993214 2
-20.8237 -5.457298 -58.574722 2
-21.2779 -5.817527 -59.042699 2
-21.8434 -6.221198 -59.432597 2
-22.5086 -6.668837 -59.779867 2
-23.2618 -7.160502 -60.119959 2
-24.0914 -7.695789 -60.488323 2
-24.9860 -8.273828 -60.920411 2
-25.9342 -8.893293 -61.451672 2
-26.9247 -9.552398 -62.117559 2
-27.9462 -10.248906 -62.953521 2
-28.9878 -10.980127 -63.995008 2
-30.0385 -11.742917 -65.277370 2
-31.0820 -12.531454 -66.814285 2
-32.0898 -13.334125 -68.571082 2
-33.0326 -14.137424 -70.506548 2
-33.8812 -14.926599 -72.579470 2
-34.6073 -15.685675 -74.748636 2
-35.1831 -16.397459 -76.972833 2
-35.5816 -17.043565 -79.210848 2
-35.7762 -17.604427 -81.421468 2
-35.7413 -18.059318 -83.563482 2
-35.4522 -18.386577 -85.596025 2
-34.9170 -18.580303 -87.505344 2
-34.1971 -18.663995 -89.323633 2
-33.3577 -18.666531 -91.087538 2
-32.4630 -18.619480 -92.833703 2
-31.5756 -18.557057 -94.598775 2
-30.7564 -18.516090 -96.419398 2
-30.0651 -18.535974 -98.332218 2
-29.5595 -18.658636 -100.373881 2
-29.2958 -18.928487 -102.581031 2
-29.3271 -19.391458 -104.989393 2
-29.6509 -20.059497 -107.598881 2
-30.1951 -20.896658 -110.362886 2
-30.8850 -21.860847 -113.231694 2
-31.6477 -22.906922 -116.155588 2
-32.4121 -23.986754 -119.084853 2
-33.1096 -25.049274 -121.969772 2
-33.6735 -26.040535 -124.760631 2
-34.0396 -26.903767 -127.407713 2
-34.1457 -27.579439 -129.861301 2
-33.9353 -28.007734 -132.073907 2
-33.4206 -28.182560 -134.049219 2
-32.6803 -28.155123 -135.842109 2
-31.7933 -27.982276 -137.509671 2
-30.8361 -27.724066 -139.109002 2
-29.8823 -27.443663 -140.697197 2
-29.0031 -27.207290 -142.331353 2
-28.2666 -27.084151 -144.068564 2
-27.7381 -27.146353 -145.965927 2
-27.4800 -27.468832 -148.080537 2
-27.5461 -28.123629 -150.466123 2
-27.9053 -29.099890 -153.126027 2
-28.4652 -30.319328 -156.024804 2
-29.1352 -31.698253 -159.126010 2
-29.8283 -33.149319 -162.393203 2
-30.4613 -34.581632 -165.789940 2
-30.9551 -35.900843 -169.279778 2
-31.2345 -37.009256 -172.826274 2
-31.2281 -37.805933 -176.392985 2
-30.8691 -38.186800 -179.943468 2
-30.1031 -38.055718 -183.442070 2
-28.9684 -37.428083 -186.861289 2
-27.5532 -36.388402 -190.178434 2
-25.9428 -35.025458 -193.370874 2
-24.2187 -33.431349 -196.415981 2
-22.4580 -31.701378 -199.291123 2
-20.7339 -29.933950 -201.973671 2
-19.1153 -28.230456 -204.440995 2
-17.6668 -26.695162 -206.670465 2
-16.4487 -25.435100 -208.639452 2
-15.5087 -24.547173 -210.329648 2
-14.8320 -24.035450 -211.754690 2
-14.3780 -23.860761 -212.942537 2
-14.1076 -23.982280 -213.921210 2
-13.9838 -24.357770 -214.718735 2
-13.9714 -24.943639 -215.363135 2
-14.0373 -25.694990 -215.882434 2
-14.1502 -26.565672 -216.304656 2
-14.2808 -27.508335 -216.657824 2
-14.4021 -28.474484 -216.969964 2
-14.4889 -29.414531 -217.269098 2
-14.5182 -30.277856 -217.583250 2
-14.4692 -31.012854 -217.940445 2
-14.3231 -31.566999 -218.368706 2
-14.0635 -31.886898 -218.896057 2
-13.6759 -31.918347 -219.550522 2
-13.1483 -31.606391 -220.360125 2
-12.4708 -30.895381 -221.352890 2
-11.6359 -29.729033 -222.556840 2
-10.6381 -28.050487 -224.000000 2

-21.2509 -11.153356 -45.000000 2
-20.2064 -10.879287 -47.765970 2
-19.3623 -10.690517 -50.134805 2
-18.7061 -10.587898 -52.141956 2
-18.2252 -10.571817 -53.822873 2
-17.9074 -10.642192 -55.213006 2
-17.7404 -10.798486 -56.347807 2
-17.7121 -11.039700 -57.262727 2
-17.8105 -11.364387 -57.993214 2
-18.0239 -11.770653 -58.574722 2
-18.3406 -12.256161 -59.042699 2
-18.7492 -12.818137 -59.432597 2
-19.2384 -13.453378 -59.779867 2
-19.7971 -14.158255 -60.119959 2
-20.4146 -14.928717 -60.488323 2
-21.0801 -15.760304 -60.920411 2
-21.7833 -16.648146 -61.451672 2
-22.5141 -17.586974 -62.117559 2
-23.2625 -18.571126 -62.953521 2
-24.0189 -19.594552 -63.995008 2
-24.7740 -20.650808 -65.277370 2
-25.5141 -21.729199 -66.814285 2
-26.2159 -22.809726 -68.571082 2
-26.8557 -23.870221 -70.506548 2
-27.4108 -24.887516 -72.579470 2
-27.8591 -25.837463 -74.748636 2
-28.1799 -26.694964 -76.972833 2
-28.3533 -27.433990 -79.210848 2
-28.3603 -28.027614 -81.421468 2
-28.1831 -28.448032 -83.563482 2
-27.8053 -28.666927 -85.596025 2
-27.2363 -28.681206 -87.505344 2
-26.5269 -28.532603 -89.323633 2
-25.7299 -28.269216 -91.087538 2
-24.8962 -27.941262 -92.833703 2
-24.0741 -27.601014 -94.598775 2
-23.3101 -27.302752 -96.419398 2
-22.6481 -27.102694 -98.332218 2
-22.1297 -27.058940 -100.373881 2
-21.7941 -27.231408 -102.581031 2
-21.6772 -27.680459 -104.989393 2
-21.7727 -28.416647 -107.598881 2
-22.0239 -29.383077 -110.362886 2
-22.3730 -30.516113 -113.231694 2
-22.7651 -31.749850 -116.155588 2
-23.1482 -33.016185 -119.084853 2
-23.4734 -34.244899 -121.969772 2
-23.6944 -35.363729 -124.760631 2
-23.7682 -36.298452 -127.407713 2
-23.6549 -36.972964 -129.861301 2
-23.3197 -37.312577 -132.073907 2
-22.7762 -37.315435 -134.049219 2
-22.0827 -37.054976 -135.842109 2
-21.2960 -36.610141 -137.509671 2
-20.4698 -36.062085 -139.109002 2
-19.6539 -35.494086 -140.697197 2
-18.8948 -34.991451 -142.331353 2
-18.2352 -34.641420 -144.068564 2
-17.7142 -34.533072 -145.965927 2
-17.3673 -34.757228 -148.080537 2
-17.2226 -35.399247 -150.466123 2
-17.2542 -36.439033 -153.126027 2
-17.3992 -37.773020 -156.024804 2
-17.5980 -39.293129 -159.126010 2
-17.7959 -40.888990 -162.393203 2
-17.9428 -42.448062 -165.789940 2
-17.9934 -43.855762 -169.279778 2
-17.9074 -44.995591 -172.826274 2
-17.6491 -45.749260 -176.392985 2
-17.1879 -45.996821 -179.943468 2
-16.5029 -45.629938 -183.442070 2
-15.6253 -44.675250 -186.861289 2
-14.6121 -43.240929 -190.178434 2
-13.5163 -41.438192 -193.370874 2
-12.3857 -39.380144 -196.415981 2
-11.2634 -37.181651 -199.291123 2
-10.1878 -34.959210 -201.973671 2
-9.1919 -32.830819 -204.440995 2
-8.3041 -30.915844 -206.670465 2
-7.5477 -29.334892 -208.639452 2
-6.9373 -28.195002 -210.329648 2
-6.4575 -27.495332 -211.754690 2
-6.0821 -27.185848 -212.942537 2
-5.7871 -27.215489 -213.921210 2
-5.5508 -27.532454 -214.718735 2
-5.3536 -28.084259 -215.363135 2
-5.1781 -28.817802 -215.882434 2
-5.0095 -29.679418 -216.304656 2
-4.8349 -30.614943 -216.657824 2
-4.6440 -31.569774 -216.969964 2
-4.4286 -32.488928 -217.269098 2
-4.1830 -33.317108 -217.583250 2
-3.9038 -33.998758 -217.940445 2
-3.5898 -34.478130 -218.368706 2
-3.2422 -34.699341 -218.896057 2
-2.8646 -34.606441 -219.550522 2
-2.4629 -34.143468 -220.360125 2
-2.0455 -33.254514 -221.352890 2
-1.6228 -31.883786 -222.556840 2
-1.2080 -29.975670 -224.000000 2

-16.6254 -17.308859 -45.000000 2
-15.7214 -16.718123 -47.765970 2
-14.9805 -16.271765 -50.134805 2
-14.3905 -15.966616 -52.141956 2
-13.9395 -15.799092 -53.822873 2
-13.6158 -15.765206 -55.213006 2
-13.4079 -15.860569 -56.347807 2
-13.3046 -16.080406 -57.262727 2
-13.2952 -16.419557 -57.993214 2
-13.3689 -16.872489 -58.574722 2
-13.5156 -17.433303 -59.042699 2
-13.7252 -18.095743 -59.432597 2
-13.9881 -18.853203 -59.779867 2
-14.2948 -19.698739 -60.119959 2
-14.6365 -20.625076 -60.488323 2
-15.0045 -21.624616 -60.920411 2
-15.3903 -22.689452 -61.451672 2
-15.7862 -23.811373 -62.117559 2
-16.1844 -24.981873 -62.953521 2
-16.5778 -26.192167 -63.995008 2
-16.9596 -27.433170 -65.277370 2
-17.3201 -28.690421 -66.814285 2
-17.6436 -29.937588 -68.571082 2
-17.9147 -31.146126 -70.506548 2
-18.1190 -32.286833 -72.579470 2
-18.2435 -33.329877 -74.748636 2
-18.2763 -34.244833 -76.972833 2
-18.2066 -35.000714 -79.210848 2
-18.0253 -35.565999 -81.421468 2
-17.7241 -35.908673 -83.563482 2
-17.2964 -35.996673 -85.596025 2
-16.7522 -35.830034 -87.505344 2
-16.1264 -35.464433 -89.323633 2
-15.4538 -34.962232 -91.087538 2
-14.7668 -34.387129 -92.833703 2
-14.0948 -33.804078 -94.598775 2
-13.4646 -33.279221 -96.419398 2
-12.9000 -32.879812 -98.332218 2
-12.4221 -32.674146 -100.373881 2
-12.0492 -32.731479 -102.581031 2
-11.7961 -33.120389 -104.989393 2
-11.6536 -33.848953 -107.598881 2
-11.5858 -34.845179 -110.362886 2
-11.5581 -36.030443 -113.231694 2
-11.5393 -37.324857 -116.155588 2
-11.5018 -38.647356 -119.084853 2
-11.4211 -39.915795 -121.969772 2
-11.2764 -41.047036 -124.760631 2
-11.0505 -41.957042 -127.407713 2
-10.7294 -42.560968 -129.861301 2
-10.3039 -42.776944 -132.073907 2
-9.7874 -42.607539 -134.049219 2
-9.2121 -42.140867 -135.842109 2
-8.6068 -41.469829 -137.509671 2
-7.9967 -40.688338 -139.109002 2
-7.4026 -39.891206 -140.697197 2
-6.8417 -39.174043 -142.331353 2
-6.3269 -38.633147 -144.068564 2
-5.8671 -38.365401 -145.965927 2
-5.4670 -38.468163 -148.080537 2
-5.1265 -39.031322 -150.466123 2
-4.8272 -40.027612 -153.126027 2
-4.5422 -41.338844 -156.024804 2
-4.2494 -42.843677 -159.126010 2
-3.9318 -44.420074 -162.393203 2
-3.5774 -45.945435 -165.789940 2
-3.1797 -47.296734 -169.279778 2
-2.7372 -48.350659 -172.826274 2
-2.2535 -48.983747 -176.392985 2
-1.7376 -49.072522 -179.943468 2
-1.2041 -48.507599 -183.442070 2
-0.6739 -47.324122 -186.861289 2
-0.1671 -45.642792 -190.178434 2
0.3015 -43.585812 -193.370874 2
0.7221 -41.275654 -196.415981 2
1.0904 -38.834924 -199.291123 2
1.4070 -36.386220 -201.973671 2
1.6776 -34.052001 -204.440995 2
1.9133 -31.954448 -206.670465 2
2.1302 -30.215328 -208.639452 2
2.3482 -28.940801 -210.329648 2
2.5817 -28.125198 -211.754690 2
2.8398 -27.712774 -212.942537 2
3.1290 -27.647487 -213.921210 2
3.4535 -27.873302 -214.718735 2
3.8153 -28.334247 -215.363135 2
4.2140 -28.974480 -215.882434 2
4.6469 -29.738347 -216.304656 2
5.1087 -30.570443 -216.657824 2
5.5922 -31.415678 -216.969964 2
6.0875 -32.219334 -217.269098 2
6.5827 -32.927127 -217.583250 2
7.0634 -33.485269 -217.940445 2
7.5131 -33.840526 -218.368706 2
7.9129 -33.940281 -218.896057 2
8.2416 -33.732593 -219.550522 2
8.4760 -33.166255 -220.360125 2
8.5904 -32.190855 -221.352890 2
8.5573 -30.756833 -222.556840 2
8.3465 -28.815543 -224.000000 2

-10.2886 -21.682810 -45.000000 2
-9.6182 -20.836210 -47.765970 2
-9.0568 -20.178208 -50.134805 2
-8.5938 -19.701936 -52.141956 2
-8.2191 -19.400213 -53.822873 2
-7.9227 -19.265552 -55.213006 2
-7.6953 -19.290170 -56.347807 2
-7.5278 -19.466002 -57.262727 2
-7.4114 -19.784709 -57.993214 2
-7.3380 -20.237689 -58.574722 2
-7.2995 -20.816086 -59.042699 2
-7.2885 -21.510806 -59.432597 2
-7.2980 -22.312522 -59.779867 2
-7.3212 -23.211689 -60.119959 2
-7.3520 -24.198555 -60.488323 2
-7.3845 -25.263170 -60.920411 2
-7.4133 -26.395399 -61.451672 2
-7.4335 -27.584936 -62.117559 2
-7.4406 -28.821308 -62.953521 2
-7.4305 -30.093897 -63.995008 2
-7.3996 -31.391916 -65.277370 2
-7.3434 -32.698621 -66.814285 2
-7.2553 -33.984060 -68.571082 2
-7.1298 -35.216250 -70.506548 2
-6.9624 -36.362958 -72.579470 2
-6.7501 -37.391742 -74.748636 2
-6.4915 -38.269981 -76.972833 2
-6.1861 -38.964915 -79.210848 2
-5.8350 -39.443678 -81.421468 2
-5.4408 -39.673338 -83.563482 2
-5.0073 -39.621386 -85.596025 2
-4.5439 -39.290981 -87.505344 2
-4.0660 -38.746011 -89.323633 2
-3.5871 -38.056687 -91.087538 2
-3.1176 -37.293629 -92.833703 2
-2.6648 -36.527786 -94.598775 2
-2.2332 -35.830356 -96.419398 2
-1.8241 -35.272706 -98.332218 2
-1.4359 -34.926296 -100.373881 2
-1.0641 -34.862594 -102.581031 2
-0.7008 -35.151334 -104.989393 2
-0.3350 -35.797284 -107.598881 2
0.0448 -36.720768 -110.362886 2
0.4464 -37.836264 -113.231694 2
0.8741 -39.058124 -116.155588 2
1.3285 -40.300665 -119.084853 2
1.8068 -41.478273 -121.969772 2
2.3022 -42.505490 -124.760631 2
2.8047 -43.297115 -127.407713 2
3.3004 -43.768295 -129.861301 2
3.7725 -43.838403 -132.073907 2
4.2087 -43.514173 -134.049219 2
4.6067 -42.889320 -135.842109 2
4.9683 -42.061148 -137.509671 2
5.2996 -41.126658 -139.109002 2
5.6106 -40.182439 -140.697197 2
5.9155 -39.324563 -142.331353 2
6.2326 -38.648476 -144.068564 2
6.5840 -38.248891 -145.965927 2
6.9960 -38.219680 -148.080537 2
7.4973 -38.646016 -150.466123 2
8.0967 -39.496264 -153.126027 2
8.7822 -40.649779 -156.024804 2
9.5365 -41.984449 -159.126010 2
10.3370 -43.379129 -162.393203 2
11.1561 -44.713777 -165.789940 2
11.9613 -45.869590 -169.279778 2
12.7148 -46.729134 -172.826274 2
13.3741 -47.176479 -176.392985 2
13.8915 -47.097329 -179.943468 2
14.2187 -46.392513 -183.442070 2
14.3468 -45.102060 -186.861289 2
14.2951 -43.346774 -190.178434 2
14.0882 -41.247270 -193.370874 2
13.7557 -38.922781 -196.415981 2
13.3321 -36.491030 -199.291123 2
12.8570 -34.068101 -201.973671 2
12.3745 -31.768308 -204.440995 2
11.9338 -29.704072 -206.670465 2
11.5888 -27.985787 -208.639452 2
11.3920 -26.707806 -210.329648 2
11.3552 -25.860219 -211.754690 2
11.4694 -25.387303 -212.942537 2
11.7230 -25.233809 -213.921210 2
12.1023 -25.345231 -214.718735 2
12.5915 -25.667873 -215.363135 2
13.1725 -26.148899 -215.882434 2
13.8249 -26.736393 -216.304656 2
14.5265 -27.379416 -216.657824 2
15.2527 -28.028057 -216.969964 2
15.9770 -28.633496 -217.269098 2
16.6709 -29.148052 -217.583250 2
17.3036 -29.525237 -217.940445 2
17.8427 -29.719814 -218.368706 2
18.2534 -29.687846 -218.896057 2
18.4995 -29.386747 -219.550522 2
18.5425 -28.775336 -220.360125 2
18.3422 -27.813884 -221.352890 2
17.8566 -26.464168 -222.556840 2
17.0419 -24.689516 -224.000000 2

-2.8929 -23.825013 -45.000000 2
-2.5251 -22.809687 -47.765970 2
-2.2009 -22.007766 -50.134805 2
-1.9126 -21.409393 -52.141956 2
-1.6527 -21.004526 -53.822873 2
-1.4142 -20.782950 -55.213006 2
-1.1907 -20.734289 -56.347807 2
-0.9761 -20.848019 -57.262727 2
-0.7648 -21.113478 -57.993214 2
-0.5517 -21.519881 -58.574722 2
-0.3320 -22.056329 -59.042699 2
-0.1016 -22.711823 -59.432597 2
0.1433 -23.475277 -59.779867 2
0.4060 -24.335527 -60.119959 2
0.6893 -25.281346 -60.488323 2
0.9956 -26.301458 -60.920411 2
1.3268 -27.384544 -61.451672 2
1.6843 -28.519261 -62.117559 2
2.0691 -29.694249 -62.953521 2
2.4817 -30.898150 -63.995008 2
2.9221 -32.119582 -65.277370 2
3.3891 -33.341245 -66.814285 2
3.8797 -34.532651 -68.571082 2
4.3890 -35.661667 -70.506548 2
4.9109 -36.696350 -72.579470 2
5.4380 -37.604983 -74.748636 2
5.9615 -38.356109 -76.972833 2
6.4712 -38.918569 -79.210848 2
6.9558 -39.261534 -81.421468 2
7.4025 -39.354540 -83.563482 2
7.7972 -39.167983 -85.596025 2
8.1322 -38.707821 -87.505344 2
8.4129 -38.039574 -89.323633 2
8.6488 -37.234076 -91.087538 2
8.8526 -36.361603 -92.833703 2
9.0395 -35.491794 -94.598775 2
9.2281 -34.693575 -96.419398 2
9.4395 -34.035082 -98.332218 2
9.6980 -33.583583 -100.373881 2
10.0305 -33.405402 -102.581031 2
10.4665 -33.564253 -104.989393 2
11.0181 -34.061104 -107.598881 2
11.6708 -34.816794 -110.362886 2
12.4050 -35.747708 -113.231694 2
13.1976 -36.771251 -116.155588 2
14.0221 -37.805944 -119.084853 2
14.8486 -38.771513 -121.969772 2
15.6438 -39.588977 -124.760631 2
16.3711 -40.180741 -127.407713 2
16.9906 -40.470677 -129.861301 2
17.4605 -40.387703 -132.073907 2
17.7717 -39.942018 -134.049219 2
17.9513 -39.223299 -135.842109 2
18.0320 -38.323234 -137.509671 2
18.0503 -37.331929 -139.109002 2
18.0464 -36.337809 -140.697197 2
18.0639 -35.427520 -142.331353 2
18.1506 -34.685829 -144.068564 2
18.3573 -34.195532 -145.965927 2
18.7389 -34.037356 -148.080537 2
19.3495 -34.282986 -150.466123 2
20.1872 -34.899679 -153.126027 2
21.2027 -35.776751 -156.024804 2
22.3408 -36.803883 -159.126010 2
23.5418 -37.873295 -162.393203 2
24.7414 -38.879859 -165.789940 2
25.8711 -39.721221 -169.279778 2
26.8581 -40.297914 -172.826274 2
27.6251 -40.513472 -176.392985 2
28.0908 -40.274544 -179.943468 2
28.1780 -39.502380 -183.442070 2
27.8909 -38.237772 -186.861289 2
27.2859 -36.589198 -190.178434 2
26.4248 -34.663266 -193.370874 2
25.3733 -32.563698 -196.415981 2
24.2015 -30.391220 -199.291123 2
22.9836 -28.243450 -201.973671 2
21.7977 -26.214796 -204.440995 2
20.7260 -24.396342 -206.670465 2
19.8546 -22.875750 -208.639452 2
19.2632 -21.725854 -210.329648 2
18.9600 -20.933522 -211.754690 2
18.9185 -20.448791 -212.942537 2
19.1104 -20.222887 -213.921210 2
19.5055 -20.208449 -214.718735 2
20.0717 -20.359579 -215.363135 2
20.7751 -20.631887 -215.882434 2
21.5800 -20.982540 -216.304656 2
22.4491 -21.370304 -216.657824 2
23.3433 -21.755589 -216.969964 2
24.2221 -22.100495 -217.269098 2
25.0432 -22.368851 -217.583250 2
25.7628 -22.526258 -217.940445 2
26.3357 -22.540128 -218.368706 2
26.7152 -22.379727 -218.896057 2
26.8533 -22.016208 -219.550522 2
26.7004 -21.422654 -220.360125 2
26.2060 -20.574111 -221.352890 2
25.3180 -19.447623 -222.556840 2
23.9833 -18.022268 -224.000000 2

4.8006 -23.514976 -45.000000 2
4.8280 -22.435428 -47.765970 2
4.8815 -21.572128 -50.134805 2
4.9655 -20.913243 -52.141956 2
5.0839 -20.446904 -53.822873 2
5.2399 -20.161219 -55.213006 2
5.4365 -20.044288 -56.347807 2
5.6760 -20.084209 -57.262727 2
5.9605 -20.269098 -57.993214 2
6.2914 -20.587094 -58.574722 2
6.6696 -21.026378 -59.042699 2
7.0957 -21.575178 -59.432597 2
7.5698 -22.221789 -59.779867 2
8.0914 -22.954579 -60.119959 2
8.6596 -23.762002 -60.488323 2
9.2732 -24.632613 -60.920411 2
9.9303 -25.555076 -61.451672 2
10.6288 -26.518180 -62.117559 2
11.3659 -27.510847 -62.953521 2
12.1384 -28.522144 -63.995008 2
12.9429 -29.541272 -65.277370 2
13.7728 -30.552152 -66.814285 2
14.6154 -31.526896 -68.571082 2
15.4560 -32.436531 -70.506548 2
16.2788 -33.252692 -72.579470 2
17.0664 -33.947652 -74.748636 2
17.8008 -34.494355 -76.972833 2
18.4625 -34.866448 -79.210848 2
19.0307 -35.038313 -81.421468 2
19.4838 -34.985093 -83.563482 2
19.7992 -34.683133 -85.596025 2
19.9712 -34.140576 -87.505344 2
20.0258 -33.417833 -89.323633 2
19.9946 -32.579069 -91.087538 2
19.9115 -31.686982 -92.833703 2
19.8134 -30.802734 -94.598775 2
19.7395 -29.985885 -96.419398 2
19.7315 -29.294325 -98.332218 2
19.8337 -28.784208 -100.373881 2
20.0928 -28.509888 -102.581031 2
20.5566 -28.522501 -104.989393 2
21.2371 -28.819112 -107.598881 2
22.0955 -29.329228 -110.362886 2
23.0867 -29.979743 -113.231694 2
24.1627 -30.699619 -116.155588 2
25.2724 -31.419965 -119.084853 2
26.3621 -32.074112 -121.969772 2
27.3753 -32.597685 -124.760631 2
28.2526 -32.928679 -127.407713 2
28.9320 -33.007530 -129.861301 2
29.3515 -32.780012 -132.073907 2
29.5054 -32.258747 -134.049219 2
29.4482 -31.520137 -135.842109 2
29.2398 -30.640820 -137.509671 2
28.9432 -29.694733 -139.109002 2
28.6246 -28.753034 -140.697197 2
28.3531 -27.884024 -142.331353 2
28.2004 -27.153069 -144.068564 2
28.2412 -26.622526 -145.965927 2
28.5531 -26.351665 -148.080537 2
29.2100 -26.391308 -150.466123 2
30.1999 -26.710971 -153.126027 2
31.4409 -27.221324 -156.024804 2
32.8457 -27.835199 -159.126010 2
34.3235 -28.469272 -162.393203 2
35.7801 -29.044149 -165.789940 2
37.1182 -29.484461 -169.279778 2
38.2369 -29.718946 -172.826274 2
39.0327 -29.680530 -176.392985 2
39.3988 -29.306417 -179.943468 2
39.2370 -28.546381 -183.442070 2
38.5642 -27.437780 -186.861289 2
37.4683 -26.065601 -190.178434 2
36.0417 -24.511471 -193.370874 2
34.3794 -22.852927 -196.415981 2
32.5800 -21.163329 -199.291123 2
30.7445 -19.511783 -201.973671 2
28.9773 -17.963070 -204.440995 2
27.3849 -16.577566 -206.670465 2
26.0768 -15.411178 -208.639452 2
25.1517 -14.507723 -210.329648 2
24.6132 -13.852198 -211.754690 2
24.4204 -13.405544 -212.942537 2
24.5309 -13.130482 -213.921210 2
24.9011 -12.991670 -214.718735 2
25.4860 -12.955732 -215.363135 2
26.2394 -12.991295 -215.882434 2
27.1139 -13.069015 -216.304656 2
28.0611 -13.161608 -216.657824 2
29.0313 -13.243881 -216.969964 2
29.9741 -13.292754 -217.269098 2
30.8379 -13.287290 -217.583250 2
31.5703 -13.208716 -217.940445 2
32.1181 -13.040451 -218.368706 2
32.4273 -12.768126 -218.896057 2
32.4431 -12.379604 -219.550522 2
32.1102 -11.865000 -220.360125 2
31.3725 -11.216703 -221.352890 2
30.1735 -10.429389 -222.556840 2
28.4561 -9.500040 -224.000000 2

12.0000 -20.784610 -45.000000 2
11.6841 -19.751955 -47.765970 2
11.4615 -18.916133 -50.134805 2
11.3325 -18.264553 -52.141956 2
11.2971 -17.784740 -53.822873 2
11.3546 -17.464352 -55.213006 2
11.5041 -17.291186 -56.347807 2
11.7439 -17.253190 -57.262727 2
12.0723 -17.338478 -57.993214 2
12.4869 -17.535337 -58.574722 2
12.9847 -17.832242 -59.042699 2
13.5627 -18.217863 -59.432597 2
14.2171 -18.681077 -59.779867 2
14.9439 -19.210982 -60.119959 2
15.7386 -19.796903 -60.488323 2
16.5963 -20.428404 -60.920411 2
17.5118 -21.095299 -61.451672 2
18.4793 -21.787661 -62.117559 2
19.4928 -22.495833 -62.953521 2
20.5458 -23.210437 -63.995008 2
21.6316 -23.922364 -65.277370 2
22.7389 -24.618413 -66.814285 2
23.8468 -25.276168 -68.571082 2
24.9322 -25.872797 -70.506548 2
25.9711 -26.386430 -72.579470 2
26.9383 -26.796186 -74.748636 2
27.8080 -27.082195 -76.972833 2
28.5534 -27.225624 -79.210848 2
29.1468 -27.208699 -81.421468 2
29.5598 -27.014732 -83.563482 2
29.7633 -26.628448 -85.596025 2
29.7546 -26.059340 -87.505344 2
29.5776 -25.356491 -89.323633 2
29.2823 -24.570793 -91.087538 2
28.9211 -23.750911 -92.833703 2
28.5480 -22.943238 -94.598775 2
28.2192 -22.191834 -96.419398 2
27.9927 -21.538388 -98.332218 2
27.9281 -21.022159 -100.373881 2
28.0869 -20.679934 -102.581031 2
28.5309 -20.545009 -104.989393 2
29.2703 -20.610853 -107.598881 2
30.2461 -20.822889 -110.362886 2
31.3922 -21.126049 -113.231694 2
32.6408 -21.468164 -116.155588 2
33.9215 -21.800020 -119.084853 2
35.1623 -22.075416 -121.969772 2
36.2891 -22.251207 -124.760631 2
37.2261 -22.287363 -127.407713 2
37.8955 -22.147012 -129.861301 2
38.2213 -21.798369 -132.073907 2
38.2023 -21.255176 -134.049219 2
37.9141 -20.572698 -135.842109 2
37.4380 -19.804635 -137.509671 2
36.8571 -19.001143 -139.109002 2
36.2567 -18.208791 -140.697197 2
35.7239 -17.470506 -142.331353 2
35.3476 -16.825523 -144.068564 2
35.2183 -16.309340 -145.965927 2
35.4284 -15.953673 -148.080537 2
36.0640 -15.783249 -150.466123 2
37.1042 -15.772980 -153.126027 2
38.4430 -15.864085 -156.024804 2
39.9699 -16.001519 -159.126010 2
41.5724 -16.134988 -162.393203 2
43.1361 -16.219009 -165.789940 2
44.5447 -16.212951 -169.279778 2
45.6802 -16.081092 -172.826274 2
46.4228 -15.792657 -176.392985 2
46.6516 -15.321865 -179.943468 2
46.2574 -14.652185 -183.442070 2
45.2682 -13.813697 -186.861289 2
43.7942 -12.859147 -190.178434 2
41.9488 -11.836782 -193.370874 2
39.8469 -10.789971 -196.415981 2
37.6050 -9.757157 -199.291123 2
35.3411 -8.771824 -201.973671 2
33.1743 -7.862457 -204.440995 2
31.2251 -7.052510 -206.670465 2
29.6150 -6.360378 -208.639452 2
28.4515 -5.796353 -210.329648 2
27.7330 -5.345107 -211.754690 2
27.4087 -4.982503 -212.942537 2
27.4264 -4.686595 -213.921210 2
27.7336 -4.437695 -214.718735 2
28.2770 -4.218389 -215.363135 2
29.0029 -4.013546 -215.882434 2
29.8571 -3.810333 -216.304656 2
30.7848 -3.598227 -216.657824 2
31.7312 -3.369019 -216.969964 2
32.6409 -3.116828 -217.269098 2
33.4585 -2.838106 -217.583250 2
34.1284 -2.531639 -217.940445 2
34.5947 -2.198559 -218.368706 2
34.8017 -1.842340 -218.896057 2
34.6937 -1.468803 -219.550522 2
34.2149 -1.086116 -220.360125 2
33.3099 -0.704793 -221.352890 2
31.9233 -0.337689 -222.556840 2
30.0000 -0.000000 -224.000000 2

17.9643 -15.914944 -45.000000 2
17.3376 -15.035471 -47.765970 2
16.8618 -14.313155 -50.134805 2
16.5331 -13.735945 -52.141956 2
16.3476 -13.292045 -53.822873 2
16.3007 -12.969930 -55.213006 2
16.3876 -12.758352 -56.347807 2
16.6031 -12.646349 -57.262727 2
16.9416 -12.623258 -57.993214 2
17.3971 -12.678718 -58.574722 2
17.9634 -12.802685 -59.042699 2
18.6337 -12.985435 -59.432597 2
19.4012 -13.217576 -59.779867 2
20.2584 -13.490055 -60.119959 2
21.1977 -13.794166 -60.488323 2
22.2112 -14.121558 -60.920411 2
23.2908 -14.464242 -61.451672 2
24.4277 -14.814599 -62.117559 2
25.6133 -15.165387 -62.953521 2
26.8384 -15.509747 -63.995008 2
28.0938 -15.841196 -65.277370 2
29.3646 -16.150773 -66.814285 2
30.6237 -16.423837 -68.571082 2
31.8422 -16.646050 -70.506548 2
32.9902 -16.804289 -72.579470 2
34.0374 -16.886667 -74.748636 2
34.9530 -16.882543 -76.972833 2
35.7054 -16.782544 -79.210848 2
36.2630 -16.578572 -81.421468 2
36.5932 -16.263821 -83.563482 2
36.6639 -15.832974 -85.596025 2
36.4755 -15.295891 -87.505344 2
36.0850 -14.685279 -89.323633 2
35.5561 -14.033515 -91.087538 2
34.9538 -13.370228 -92.833703 2
34.3442 -12.722260 -94.598775 2
33.7944 -12.113642 -96.419398 2
33.3726 -11.565566 -98.332218 2
33.1478 -11.096359 -100.373881 2
33.1901 -10.721454 -102.581031 2
33.5685 -10.452879 -104.989393 2
34.2907 -10.281178 -107.598881 2
35.2834 -10.173310 -110.362886 2
36.4666 -10.097912 -113.231694 2
37.7592 -10.027053 -116.155588 2
39.0791 -9.936262 -119.084853 2
40.3433 -9.804560 -121.969772 2
41.4678 -9.614476 -124.760631 2
42.3680 -9.352073 -127.407713 2
42.9585 -9.006966 -129.861301 2
43.1571 -8.573083 -132.073907 2
42.9671 -8.063871 -134.049219 2
42.4776 -7.507771 -135.842109 2
41.7828 -6.930015 -137.509671 2
40.9773 -6.351820 -139.109002 2
40.1569 -5.790371 -140.697197 2
39.4178 -5.258799 -142.331353 2
38.8566 -4.766174 -144.068564 2
38.5705 -4.317480 -145.965927 2
38.6571 -3.913616 -148.080537 2
39.2061 -3.550665 -150.466123 2
40.1895 -3.211521 -153.126027 2
41.4882 -2.874002 -156.024804 2
42.9800 -2.520848 -159.126010 2
44.5424 -2.139977 -162.393203 2
46.0522 -1.724493 -165.789940 2
47.3864 -1.272689 -169.279778 2
48.4217 -0.788058 -172.826274 2
49.0348 -0.279291 -176.392985 2
49.1027 0.239723 -179.943468 2
48.5167 0.750119 -183.442070 2
47.3129 1.232190 -186.861289 2
45.6125 1.670862 -190.178434 2
43.5383 2.056233 -193.370874 2
41.2131 2.383566 -196.415981 2
38.7595 2.653290 -199.291123 2
36.3001 2.870993 -201.973671 2
33.9568 3.047416 -204.440995 2
31.8515 3.198441 -206.670465 2
30.1051 3.345077 -208.639452 2
28.8228 3.511618 -210.329648 2
27.9984 3.712140 -211.754690 2
27.5760 3.953373 -212.942537 2
27.4991 4.239671 -213.921210 2
27.7116 4.573039 -214.718735 2
28.1576 4.953141 -215.363135 2
28.7813 5.377306 -215.882434 2
29.5271 5.840535 -216.304656 2
30.3399 6.335510 -216.657824 2
31.1650 6.852607 -216.969964 2
31.9481 7.379904 -217.269098 2
32.6354 7.903197 -217.583250 2
33.1737 8.406012 -217.940445 2
33.5106 8.869625 -218.368706 2
33.5941 9.273074 -218.896057 2
33.3734 9.593178 -219.550522 2
32.7981 9.804558 -220.360125 2
31.8188 9.879660 -221.352890 2
30.3873 9.788769 -222.556840 2
28.4561 9.500040 -224.000000 2

22.0795 -9.407199 -45.000000 2
21.2066 -8.771429 -47.765970 2
20.5265 -8.236966 -50.134805 2
20.0320 -7.793536 -52.141956 2
19.7154 -7.431238 -53.822873 2
19.5689 -7.140550 -55.213006 2
19.5844 -6.912337 -56.347807 2
19.7533 -6.737856 -57.262727 2
20.0671 -6.608763 -57.993214 2
20.5167 -6.517116 -58.574722 2
21.0931 -6.455384 -59.042699 2
21.7868 -6.416454 -59.432597 2
22.5883 -6.393627 -59.779867 2
23.4877 -6.380635 -60.119959 2
24.4750 -6.371635 -60.488323 2
25.5400 -6.361221 -60.920411 2
26.6725 -6.344424 -61.451672 2
27.8619 -6.316714 -62.117559 2
29.0975 -6.274012 -62.953521 2
30.3687 -6.212683 -63.995008 2
31.6644 -6.129540 -65.277370 2
32.9678 -6.020780 -66.814285 2
34.2486 -5.881048 -68.571082 2
35.4748 -5.705973 -70.506548 2
36.6138 -5.492531 -72.579470 2
37.6332 -5.239051 -74.748636 2
38.5003 -4.945220 -76.972833 2
39.1824 -4.612086 -79.210848 2
39.6466 -4.242061 -81.421468 2
39.8602 -3.838923 -83.563482 2
39.7909 -3.407857 -85.596025 2
39.4421 -2.958080 -87.505344 2
38.8783 -2.502553 -89.323633 2
38.1703 -2.051809 -91.087538 2
37.3889 -1.613386 -92.833703 2
36.6055 -1.191816 -94.598775 2
35.8912 -0.788627 -96.419398 2
35.3175 -0.402335 -98.332218 2
34.9558 -0.028443 -100.373881 2
34.8772 0.340554 -102.581031 2
35.1510 0.715135 -104.989393 2
35.7817 1.106709 -107.598881 2
36.6892 1.523378 -110.362886 2
37.7876 1.969574 -113.231694 2
38.9913 2.446114 -116.155588 2
40.2145 2.950206 -119.084853 2
41.3719 3.475450 -121.969772 2
42.3783 4.011845 -124.760631 2
43.1491 4.545799 -127.407713 2
43.5999 5.060141 -129.861301 2
43.6509 5.534606 -132.073907 2
43.3094 5.957426 -134.049219 2
42.6690 6.329909 -135.842109 2
41.8270 6.657890 -137.509671 2
40.8799 6.951277 -139.109002 2
39.9239 7.224036 -140.697197 2
39.0545 7.494180 -142.331353 2
38.3662 7.783744 -144.068564 2
37.9528 8.118765 -145.965927 2
37.9070 8.529259 -148.080537 2
38.3128 9.047378 -150.466123 2
39.1382 9.680490 -153.126027 2
40.2632 10.411895 -156.024804 2
41.5664 11.219287 -159.126010 2
42.9277 12.075295 -162.393203 2
44.2283 12.947520 -165.789940 2
45.3508 13.798568 -169.279778 2
46.1793 14.586089 -172.826274 2
46.5997 15.262822 -176.392985 2
46.4998 15.776637 -179.943468 2
45.7824 16.075214 -183.442070 2
44.4878 16.151251 -186.861289 2
42.7360 16.028894 -190.178434 2
40.6465 15.737606 -193.370874 2
38.3373 15.311770 -196.415981 2
35.9246 14.790642 -199.291123 2
33.5228 14.218308 -201.973671 2
31.2443 13.643628 -204.440995 2
29.1995 13.120186 -206.670465 2
27.4965 12.706234 -208.639452 2
26.2274 12.458149 -210.329648 2
25.3820 12.387307 -211.754690 2
24.9049 12.482340 -212.942537 2
24.7413 12.729559 -213.921210 2
24.8374 13.113083 -214.718735 2
25.1400 13.614858 -215.363135 2
25.5973 14.214687 -215.882434 2
26.1580 14.890254 -216.304656 2
26.7723 15.617152 -216.657824 2
27.3912 16.368914 -216.969964 2
27.9669 17.117044 -217.269098 2
28.4531 17.831045 -217.583250 2
28.8045 18.478457 -217.940445 2
28.9773 19.024884 -218.368706 2
28.9288 19.434036 -218.896057 2
28.6180 19.667760 -219.550522 2
28.0054 19.686078 -220.360125 2
27.0528 19.447227 -221.352890 2
25.7237 18.907696 -222.556840 2
23.9833 18.022268 -224.000000 2

23.9222 -1.931198 -45.000000 2
22.8929 -1.604569 -47.765970 2
22.0785 -1.312969 -50.134805 2
21.4690 -1.048961 -52.141956 2
21.0540 -0.805555 -53.822873 2
20.8230 -0.576214 -55.213006 2
20.7654 -0.354856 -56.347807 2
20.8704 -0.135856 -57.262727 2
21.1272 0.085953 -57.993214 2
21.5246 0.315275 -58.574722 2
22.0518 0.556350 -59.042699 2
22.6975 0.812955 -59.432597 2
23.4505 1.088399 -59.779867 2
24.2994 1.385525 -60.119959 2
25.2331 1.706709 -60.488323 2
26.2400 2.053858 -60.920411 2
27.3089 2.428408 -61.451672 2
28.4283 2.831332 -62.117559 2
29.5869 3.263129 -62.953521 2
30.7732 3.723835 -63.995008 2
31.9759 4.213012 -65.277370 2
33.1777 4.728915 -66.814285 2
34.3484 5.267060 -68.571082 2
35.4560 5.821403 -70.506548 2
36.4688 6.384557 -72.579470 2
37.3555 6.947804 -74.748636 2
38.0850 7.501100 -76.972833 2
38.6264 8.033081 -79.210848 2
38.9496 8.531073 -81.421468 2
39.0246 8.981104 -83.563482 2
38.8223 9.368021 -85.596025 2
38.3490 9.684197 -87.505344 2
37.6700 9.937753 -89.323633 2
36.8556 10.141084 -91.087538 2
35.9757 10.309518 -92.833703 2
35.0990 10.461297 -94.598775 2
34.2939 10.617558 -96.419398 2
33.6274 10.802308 -98.332218 2
33.1658 11.042401 -100.373881 2
32.9744 11.367510 -102.581031 2
33.1156 11.809543 -104.989393 2
33.5898 12.380686 -107.598881 2
34.3186 13.063269 -110.362886 2
35.2192 13.834337 -113.231694 2
36.2100 14.667510 -116.155588 2
37.2107 15.533019 -119.084853 2
38.1422 16.397742 -121.969772 2
38.9270 17.225238 -124.760631 2
39.4890 17.975785 -127.407713 2
39.7537 18.606422 -129.861301 2
39.6519 19.072633 -132.073907 2
39.1940 19.365541 -134.049219 2
38.4687 19.516071 -135.842109 2
37.5661 19.560519 -137.509671 2
36.5748 19.538899 -139.109002 2
35.5817 19.494894 -140.697197 2
34.6714 19.475806 -142.331353 2
33.9268 19.532504 -144.068564 2
33.4286 19.719369 -145.965927 2
33.2552 20.094241 -148.080537 2
33.4761 20.714201 -150.466123 2
34.0585 21.576116 -153.126027 2
34.8940 22.626125 -156.024804 2
35.8745 23.804652 -159.126010 2
36.8946 25.047693 -162.393203 2
37.8521 26.286883 -165.789940 2
38.6473 27.449578 -169.279778 2
39.1838 28.458931 -172.826274 2
39.3683 29.233976 -176.392985 2
39.1108 29.689707 -179.943468 2
38.3357 29.745734 -183.442070 2
37.0837 29.407911 -186.861289 2
35.4608 28.737118 -190.178434 2
33.5711 27.799153 -193.370874 2
31.5156 26.663977 -196.415981 2
29.3921 25.405636 -199.291123 2
27.2951 24.102173 -201.973671 2
25.3158 22.835540 -204.440995 2
23.5420 21.691508 -206.670465 2
22.0577 20.759574 -208.639452 2
20.9326 20.122398 -210.329648 2
20.1531 19.787485 -211.754690 2
19.6704 19.726535 -212.942537 2
19.4370 19.909230 -213.921210 2
19.4067 20.303435 -214.718735 2
19.5349 20.875237 -215.363135 2
19.7786 21.588992 -215.882434 2
20.0966 22.407362 -216.304656 2
20.4490 23.291364 -216.657824 2
20.7980 24.200416 -216.969964 2
21.1072 25.092376 -217.269098 2
21.3423 25.923596 -217.583250 2
21.4706 26.648967 -217.940445 2
21.4614 27.221967 -218.368706 2
21.2859 27.594710 -218.896057 2
20.9171 27.717997 -219.550522 2
20.3302 27.541367 -220.360125 2
19.5022 27.013148 -221.352890 2
18.4124 26.080510 -222.556840 2
17.0419 24.689516 -224.000000 2

23.3026 5.743576 -45.000000 2
22.2228 5.727445 -47.765970 2
21.3581 5.746168 -50.134805 2
20.6963 5.803581 -52.141956 2
20.2256 5.903042 -53.822873 2
19.9339 6.047430 -55.213006 2
19.8091 6.239149 -56.347807 2
19.8394 6.480129 -57.262727 2
20.0127 6.771823 -57.993214 2
20.3171 7.115215 -58.574722 2
20.7408 7.510821 -59.042699 2
21.2720 7.958688 -59.432597 2
21.8990 8.458399 -59.779867 2
22.6102 9.009077 -60.119959 2
23.3940 9.609387 -60.488323 2
24.2392 10.257539 -60.920411 2
25.1345 10.951291 -61.451672 2
26.0687 11.687957 -62.117559 2
27.0309 12.464406 -62.953521 2
28.0102 13.277069 -63.995008 2
28.9962 14.121931 -65.277370 2
29.9728 14.991876 -66.814285 2
30.9128 15.873045 -68.571082 2
31.7879 16.749598 -70.506548 2
32.5702 17.604501 -72.579470 2
33.2329 18.419543 -74.748636 2
33.7496 19.175354 -76.972833 2
34.0948 19.851426 -79.210848 2
34.2436 20.426129 -81.421468 2
34.1722 20.876733 -83.563482 2
33.8578 21.179675 -85.596025 2
33.3087 21.329708 -87.505344 2
32.5844 21.355195 -89.323633 2
31.7475 21.290185 -91.087538 2
30.8595 21.171293 -92.833703 2
29.9799 21.037660 -94.598775 2
29.1667 20.930909 -96.419398 2
28.4761 20.895101 -98.332218 2
27.9622 20.976682 -100.373881 2
27.6777 21.224441 -102.581031 2
27.6716 21.688429 -104.989393 2
27.9406 22.380354 -107.598881 2
28.4157 23.258596 -110.362886 2
29.0258 24.275172 -113.231694 2
29.7018 25.379220 -116.155588 2
30.3769 26.517063 -119.084853 2
30.9866 27.632262 -121.969772 2
31.4690 28.665687 -124.760631 2
31.7644 29.555575 -127.407713 2
31.8158 30.237597 -129.861301 2
31.5716 30.647570 -132.073907 2
31.0445 30.780417 -134.049219 2
30.3088 30.693499 -135.842109 2
29.4386 30.449839 -137.509671 2
28.5052 30.115438 -139.109002 2
27.5771 29.759198 -140.697197 2
26.7197 29.452843 -142.331353 2
25.9955 29.270839 -144.068564 2
25.4638 29.290315 -145.965927 2
25.1806 29.590981 -148.080537 2
25.1937 30.248971 -150.466123 2
25.4733 31.250975 -153.126027 2
25.9332 32.511513 -156.024804 2
26.4901 33.939874 -159.126010 2
27.0641 35.442003 -162.393203 2
27.5799 36.920612 -165.789940 2
27.9660 38.275282 -169.279778 2
28.1552 39.402578 -172.826274 2
28.0848 40.196162 -176.392985 2
27.6962 40.546901 -179.943468 2
26.9433 40.354612 -183.442070 2
25.8627 39.637699 -186.861289 2
24.5358 38.487514 -190.178434 2
23.0403 36.999413 -193.370874 2
21.4501 35.271738 -196.415981 2
19.8343 33.405701 -199.291123 2
18.2580 31.505271 -201.973671 2
16.7817 29.677055 -204.440995 2
15.4614 28.030185 -206.670465 2
14.3487 26.676191 -208.639452 2
13.4832 25.715507 -210.329648 2
12.8499 25.150994 -211.754690 2
12.4114 24.940335 -212.942537 2
12.1321 25.039702 -213.921210 2
11.9785 25.404013 -214.718735 2
11.9190 25.986989 -215.363135 2
11.9242 26.741203 -215.882434 2
11.9666 27.618144 -216.304656 2
12.0210 28.568264 -216.657824 2
12.0642 29.541038 -216.969964 2
12.0750 30.485022 -217.269098 2
12.0348 31.347906 -217.583250 2
11.9268 32.076576 -217.940445 2
11.7366 32.617171 -218.368706 2
11.4521 32.915139 -218.896057 2
11.0632 32.915300 -219.550522 2
10.5624 32.561902 -220.360125 2
9.9444 31.798683 -221.352890 2
9.2060 30.568931 -222.556840 2
8.3465 28.815543 -224.000000 2

20.2846 12.827180 -45.000000 2
19.2655 12.469949 -47.765970 2
18.4393 12.213868 -50.134805 2
17.7934 12.058777 -52.141956 2
17.3154 12.004055 -53.822873 2
16.9930 12.048630 -55.213006 2
16.8139 12.190977 -56.347807 2
16.7663 12.429132 -57.262727 2
16.8383 12.760688 -57.993214 2
17.0183 13.182807 -58.574722 2
17.2949 13.692225 -59.042699 2
17.6570 14.285256 -59.432597 2
18.0935 14.957801 -59.779867 2
18.5937 15.705351 -60.119959 2
19.1471 16.522999 -60.488323 2
19.7436 17.405441 -60.920411 2
20.3731 18.346990 -61.451672 2
21.0259 19.341575 -62.117559 2
21.6927 20.382757 -62.953521 2
22.3643 21.463732 -63.995008 2
23.0319 22.577321 -65.277370 2
23.6828 23.711766 -66.814285 2
24.2955 24.845263 -68.571082 2
24.8479 25.953806 -70.506548 2
25.3193 27.012465 -72.579470 2
25.6898 27.995411 -74.748636 2
25.9405 28.875944 -76.972833 2
26.0538 29.626521 -79.210848 2
26.0130 30.218782 -81.421468 2
25.8026 30.623579 -83.563482 2
25.4084 30.811366 -85.596025 2
24.8401 30.779813 -87.505344 2
24.1450 30.574609 -89.323633 2
23.3718 30.247949 -91.087538 2
22.5671 29.853967 -92.833703 2
21.7751 29.448676 -94.598775 2
21.0376 29.089902 -96.419398 2
20.3938 28.837221 -98.332218 2
19.8806 28.751894 -100.373881 2
19.5322 28.896802 -102.581031 2
19.3795 29.334987 -104.989393 2
19.4155 30.076477 -107.598881 2
19.5881 31.059983 -110.362886 2
19.8449 32.217433 -113.231694 2
20.1364 33.478721 -116.155588 2
20.4165 34.771782 -119.084853 2
20.6417 36.022673 -121.969772 2
20.7719 37.155660 -124.760631 2
20.7703 38.093295 -127.407713 2
20.6032 38.756505 -129.861301 2
20.2417 39.068041 -132.073907 2
19.6997 39.027154 -134.049219 2
19.0294 38.711734 -135.842109 2
18.2811 38.205045 -137.509671 2
17.5016 37.592283 -139.109002 2
16.7341 36.960474 -140.697197 2
16.0179 36.398384 -142.331353 2
15.3886 35.996411 -144.068564 2
14.8780 35.846494 -145.965927 2
14.5142 36.042007 -148.080537 2
14.3183 36.670302 -150.466123 2
14.2662 37.709261 -153.126027 2
14.3033 39.050585 -156.024804 2
14.3791 40.581762 -159.126010 2
14.4480 42.188371 -162.393203 2
14.4689 43.754209 -165.789940 2
14.4062 45.161421 -169.279778 2
14.2287 46.290631 -172.826274 2
13.9106 47.021072 -176.392985 2
13.4310 47.230719 -179.943468 2
12.7777 46.809906 -183.442070 2
11.9797 45.787693 -186.861289 2
11.0853 44.276500 -190.178434 2
10.1381 42.391430 -193.370874 2
9.1767 40.249080 -196.415981 2
8.2350 37.967413 -199.291123 2
7.3417 35.665622 -201.973671 2
6.5203 33.463997 -204.440995 2
5.7895 31.483796 -206.670465 2
5.1627 29.847105 -208.639452 2
4.6460 28.661793 -210.329648 2
4.2241 27.925783 -211.754690 2
3.8748 27.587098 -212.942537 2
3.5784 27.592909 -213.921210 2
3.3174 27.889830 -214.718735 2
3.0764 28.423974 -215.363135 2
2.8425 29.141020 -215.882434 2
2.6050 29.986271 -216.304656 2
2.3557 30.904715 -216.657824 2
2.0886 31.841087 -216.969964 2
1.8000 32.739933 -217.269098 2
1.4886 33.545666 -217.583250 2
1.1554 34.202636 -217.940445 2
0.8038 34.655184 -218.368706 2
0.4395 34.847708 -218.896057 2
0.0706 34.724726 -219.550522 2
-0.2925 34.230935 -220.360125 2
-0.6370 33.311272 -221.352890 2
-0.9480 31.910981 -222.556840 2
-1.2080 29.975670 -224.000000 2

15.1787 18.590519 -45.000000 2
14.3252 17.928958 -47.765970 2
13.6226 17.424431 -50.134805 2
13.0591 17.072798 -52.141956 2
12.6230 16.869526 -53.822873 2
12.3030 16.809699 -55.213006 2
12.0881 16.888023 -56.347807 2
11.9676 17.098840 -57.262727 2
11.9309 17.436132 -57.993214 2
11.9679 17.893530 -58.574722 2
12.0690 18.464328 -59.042699 2
12.2246 19.141484 -59.432597 2
12.4257 19.917639 -59.779867 2
12.6634 20.785118 -60.119959 2
12.9294 21.735946 -60.488323 2
13.2157 22.761852 -60.920411 2
13.5147 23.854285 -61.451672 2
13.8190 25.004420 -62.117559 2
14.1217 26.203170 -62.953521 2
14.4165 27.441196 -63.995008 2
14.6971 28.708892 -65.277370 2
14.9553 29.991073 -66.814285 2
15.1774 31.260230 -68.571082 2
15.3504 32.486664 -70.506548 2
15.4623 33.640114 -72.579470 2
15.5024 34.689792 -74.748636 2
15.4614 35.604416 -76.972833 2
15.3312 36.352243 -79.210848 2
15.1050 36.901103 -81.421468 2
14.7772 37.218429 -83.563482 2
14.3438 37.271732 -85.596025 2
13.8148 37.061841 -87.505344 2
13.2204 36.647066 -89.323633 2
12.5904 36.092378 -91.087538 2
11.9519 35.463859 -92.833703 2
11.3290 34.828626 -94.598775 2
10.7431 34.254755 -96.419398 2
10.2124 33.811209 -98.332218 2
9.7526 33.567756 -100.373881 2
9.3763 33.594898 -102.581031 2
9.0927 33.962179 -104.989393 2
8.8921 34.676915 -107.598881 2
8.7443 35.664455 -110.362886 2
8.6214 36.843647 -113.231694 2
8.4985 38.132354 -116.155588 2
8.3546 39.447542 -119.084853 2
8.1721 40.705374 -121.969772 2
7.9369 41.821308 -124.760631 2
7.6385 42.710182 -127.407713 2
7.2699 43.286316 -129.861301 2
6.8284 43.467350 -132.073907 2
6.3272 43.256938 -134.049219 2
5.7913 42.745482 -135.842109 2
5.2420 42.027917 -137.509671 2
4.6967 41.199862 -139.109002 2
4.1687 40.357515 -140.697197 2
3.6673 39.597544 -142.331353 2
3.1977 39.016976 -144.068564 2
2.7609 38.713096 -145.965927 2
2.3539 38.783333 -148.080537 2
1.9691 39.317264 -150.466123 2
1.5906 40.286242 -153.126027 2
1.2011 41.570293 -156.024804 2
0.7882 43.046686 -159.126010 2
0.3447 44.592411 -162.393203 2
-0.1312 46.084312 -165.789940 2
-0.6364 47.399226 -169.279778 2
-1.1623 48.414123 -172.826274 2
-1.6954 49.006239 -176.392985 2
-2.2167 49.053216 -179.943468 2
-2.7031 48.447191 -183.442070 2
-3.1363 47.224892 -186.861289 2
-3.5061 45.508234 -190.178434 2
-3.8077 43.420219 -193.370874 2
-4.0411 41.083701 -196.415981 2
-4.2118 38.621249 -199.291123 2
-4.3303 36.155013 -201.973671 2
-4.4122 33.806587 -204.440995 2
-4.4784 31.696871 -206.670465 2
-4.5546 29.945943 -208.639452 2
-4.6693 28.658003 -210.329648 2
-4.8365 27.826252 -211.754690 2
-5.0605 27.394401 -212.942537 2
-5.3435 27.306058 -213.921210 2
-5.6852 27.505027 -214.718735 2
-6.0829 27.935362 -215.363135 2
-6.5319 28.541436 -215.882434 2
-7.0247 29.267997 -216.304656 2
-7.5520 30.060232 -216.657824 2
-8.1019 30.863825 -216.969964 2
-8.6603 31.625016 -217.269098 2
-9.2109 32.290668 -217.583250 2
-9.7350 32.808317 -217.940445 2
-10.2118 33.126238 -218.368706 2
-10.6183 33.193503 -218.896057 2
-10.9292 32.960037 -219.550522 2
-11.1173 32.376676 -220.360125 2
-11.1529 31.395227 -221.352890 2
-11.0044 29.968525 -222.556840 2
-10.6381 28.050487 -224.000000 2

8.5105 22.440390 -45.000000 2
7.9104 21.542590 -47.765970 2
7.4038 20.841546 -50.134805 2
6.9806 20.329565 -52.141956 2
6.6314 19.998665 -53.822873 2
6.3468 19.840594 -55.213006 2
6.1181 19.846834 -56.347807 2
5.9370 20.008615 -57.262727 2
5.7954 20.316925 -57.993214 2
5.6857 20.762524 -58.574722 2
5.6008 21.335950 -59.042699 2
5.5340 22.027535 -59.432597 2
5.4789 22.827412 -59.779867 2
5.4297 23.725533 -60.119959 2
5.3810 24.711674 -60.488323 2
5.3277 25.775451 -60.920411 2
5.2653 26.906328 -61.451672 2
5.1897 28.093632 -62.117559 2
5.0973 29.326566 -62.953521 2
4.9848 30.594216 -63.995008 2
4.8496 31.885539 -65.277370 2
4.6884 33.183485 -66.814285 2
4.4972 34.457672 -68.571082 2
4.2729 35.675763 -70.506548 2
4.0138 36.805282 -72.579470 2
3.7195 37.813653 -74.748636 2
3.3910 38.668229 -76.972833 2
3.0306 39.336335 -79.210848 2
2.6422 39.785300 -81.421468 2
2.2308 39.982494 -83.563482 2
1.8029 39.895827 -85.596025 2
1.3675 39.529201 -87.505344 2
0.9351 38.947546 -89.323633 2
0.5132 38.221923 -91.087538 2
0.1066 37.423558 -92.833703 2
-0.2831 36.623765 -94.598775 2
-0.6572 35.893865 -96.419398 2
-1.0201 35.305107 -98.332218 2
-1.3791 34.928586 -100.373881 2
-1.7446 34.835168 -102.581031 2
-2.1299 35.093743 -104.989393 2
-2.5466 35.708159 -107.598881 2
-2.9995 36.598088 -110.362886 2
-3.4895 37.677651 -113.231694 2
-4.0141 38.861133 -116.155588 2
-4.5671 40.063080 -119.084853 2
-5.1385 41.198389 -121.969772 2
-5.7150 42.182409 -124.760631 2
-6.2796 42.931033 -127.407713 2
-6.8116 43.360793 -129.861301 2
-7.2878 43.392691 -132.073907 2
-7.6965 43.034410 -134.049219 2
-8.0429 42.379560 -135.842109 2
-8.3367 41.524976 -137.509671 2
-8.5917 40.566858 -139.109002 2
-8.8258 39.600674 -140.697197 2
-9.0607 38.721043 -142.331353 2
-9.3223 38.021637 -144.068564 2
-9.6404 37.595071 -145.965927 2
-10.0487 37.532803 -148.080537 2
-10.5827 37.917413 -150.466123 2
-11.2486 38.716676 -153.126027 2
-12.0247 39.811290 -156.024804 2
-12.8839 41.080939 -159.126010 2
-13.7940 42.406683 -162.393203 2
-14.7179 43.671089 -165.789940 2
-15.6135 44.758365 -169.279778 2
-16.4337 45.554489 -172.826274 2
-17.1268 45.947336 -176.392985 2
-17.6362 45.826807 -179.943468 2
-17.9056 45.097946 -183.442070 2
-17.9295 43.801369 -186.861289 2
-17.7367 42.055937 -190.178434 2
-17.3615 39.979891 -193.370874 2
-16.8430 37.689695 -196.415981 2
-16.2252 35.299912 -199.291123 2
-15.5566 32.923074 -201.973671 2
-14.8906 30.669561 -204.440995 2
-14.2853 28.647479 -206.670465 2
-13.8031 26.962531 -208.639452 2
-13.5041 25.704528 -210.329648 2
-13.3993 24.862646 -211.754690 2
-13.4750 24.382077 -212.942537 2
-13.7155 24.208673 -213.921210 2
-14.1025 24.289210 -214.718735 2
-14.6161 24.571443 -215.363135 2
-15.2339 25.004164 -215.882434 2
-15.9315 25.537253 -216.304656 2
-16.6825 26.121737 -216.657824 2
-17.4586 26.709838 -216.969964 2
-18.2293 27.255029 -217.269098 2
-18.9623 27.712084 -217.583250 2
-19.6233 28.037132 -217.940445 2
-20.1763 28.187705 -218.368706 2
-20.5831 28.122787 -218.896057 2
-20.8041 27.802866 -219.550522 2
-20.7978 27.189979 -220.360125 2
-20.5208 26.247762 -221.352890 2
-19.9282 24.941496 -222.556840 2
-18.9734 23.238149 -224.000000 2

0.9664 23.980536 -45.000000 2
0.6815 22.938906 -47.765970 2
0.4229 22.113502 -50.134805 2
0.1836 21.493868 -52.141956 2
-0.0429 21.069399 -53.822873 2
-0.2627 20.829354 -55.213006 2
-0.4816 20.762866 -56.347807 2
-0.7046 20.858960 -57.262727 2
-0.9366 21.106556 -57.993214 2
-1.1817 21.494491 -58.574722 2
-1.4438 22.011525 -59.042699 2
-1.7262 22.646354 -59.432597 2
-2.0318 23.387626 -59.779867 2
-2.3628 24.223948 -60.119959 2
-2.7214 25.143902 -60.488323 2
-3.1088 26.136057 -60.920411 2
-3.5261 27.188980 -61.451672 2
-3.9737 28.291248 -62.117559 2
-4.4518 29.431464 -62.953521 2
-4.9599 30.598262 -63.995008 2
-5.4971 31.780300 -65.277370 2
-6.0610 32.960417 -66.814285 2
-6.6459 34.108485 -68.571082 2
-7.2444 35.192858 -70.506548 2
-7.8478 36.182190 -72.579470 2
-8.4463 37.045463 -74.748636 2
-9.0285 37.752032 -76.972833 2
-9.5819 38.271650 -79.210848 2
-10.0925 38.574510 -81.421468 2
-10.5452 38.631275 -83.563482 2
-10.9236 38.413559 -85.596025 2
-11.2205 37.927934 -87.505344 2
-11.4465 37.239268 -89.323633 2
-11.6169 36.417395 -91.087538 2
-11.7498 35.531358 -92.833703 2
-11.8661 34.649326 -94.598775 2
-11.9898 33.838523 -96.419398 2
-12.1476 33.165152 -98.332218 2
-12.3689 32.694317 -100.373881 2
-12.6860 32.489955 -102.581031 2
-13.1334 32.613208 -104.989393 2
-13.7232 33.064064 -107.598881 2
-14.4345 33.764785 -110.362886 2
-15.2413 34.633603 -113.231694 2
-16.1136 35.590048 -116.155588 2
-17.0187 36.555040 -119.084853 2
-17.9203 37.450971 -121.969772 2
-18.7787 38.201796 -124.760631 2
-19.5513 38.733117 -127.407713 2
-20.1921 38.972267 -129.861301 2
-20.6538 38.851747 -132.073907 2
-20.9280 38.382475 -134.049219 2
-21.0492 37.651633 -135.842109 2
-21.0573 36.747989 -137.509671 2
-20.9958 35.758425 -139.109002 2
-20.9118 34.767849 -140.697197 2
-20.8561 33.859097 -142.331353 2
-20.8828 33.112840 -144.068564 2
-21.0494 32.607494 -145.965927 2
-21.4170 32.419129 -148.080537 2
-22.0453 32.614833 -150.466123 2
-22.9300 33.162114 -153.126027 2
-24.0128 33.954626 -156.024804 2
-25.2299 34.886850 -159.126010 2
-26.5130 35.856157 -162.393203 2
-27.7897 36.762927 -165.789940 2
-28.9835 37.510655 -169.279778 2
-30.0136 38.006063 -172.826274 2
-30.7955 38.159205 -176.392985 2
-31.2405 37.883576 -179.943468 2
-31.2652 37.106900 -183.442070 2
-30.8773 35.869497 -186.861289 2
-30.1417 34.274943 -190.178434 2
-29.1284 32.424548 -193.370874 2
-27.9114 30.416398 -196.415981 2
-26.5685 28.345256 -199.291123 2
-25.1817 26.302457 -201.973671 2
-23.8364 24.375807 -204.440995 2
-22.6219 22.649484 -206.670465 2
-21.6309 21.203943 -208.639452 2
-20.9489 20.105359 -210.329648 2
-20.5829 19.339998 -211.754690 2
-20.5026 18.860176 -212.942537 2
-20.6757 18.619559 -213.921210 2
-21.0684 18.573376 -214.718735 2
-21.6449 18.678457 -215.363135 2
-22.3679 18.893285 -215.882434 2
-23.1984 19.178033 -216.304656 2
-24.0959 19.494607 -216.657824 2
-25.0182 19.806684 -216.969964 2
-25.9219 20.079759 -217.269098 2
-26.7619 20.281175 -217.583250 2
-27.4919 20.380166 -217.940445 2
-28.0641 20.347892 -218.368706 2
-28.4294 20.157473 -218.896057 2
-28.5378 19.784026 -219.550522 2
-28.3376 19.204696 -220.360125 2
-27.7765 18.398691 -221.352890 2
-26.8008 17.347310 -222.556840 2
-25.3557 16.033975 -224.000000 2

-6.6772 23.052435 -45.000000 2
-6.6176 21.974186 -47.765970 2
-6.6015 21.109378 -50.134805 2
-6.6322 20.445870 -52.141956 2
-6.7127 19.971521 -53.822873 2
-6.8452 19.674208 -55.213006 2
-7.0317 19.541837 -56.347807 2
-7.2737 19.562352 -57.262727 2
-7.5722 19.723750 -57.993214 2
-7.9275 20.014093 -58.574722 2
-8.3399 20.421517 -59.042699 2
-8.8088 20.934250 -59.432597 2
-9.3333 21.540619 -59.779867 2
-9.9122 22.229061 -60.119959 2
-10.5436 22.988140 -60.488323 2
-11.2252 23.806554 -60.920411 2
-11.9545 24.673148 -61.451672 2
-12.7282 25.576927 -62.117559 2
-13.5427 26.507065 -62.953521 2
-14.3942 27.452917 -63.995008 2
-15.2780 28.404006 -65.277370 2
-16.1866 29.344828 -66.814285 2
-17.1049 30.248610 -68.571082 2
-18.0160 31.087654 -70.506548 2
-18.9017 31.834968 -72.579470 2
-19.7428 32.464291 -74.748636 2
-20.5188 32.950127 -76.972833 2
-21.2082 33.267775 -79.210848 2
-21.7884 33.393358 -81.421468 2
-22.2358 33.303851 -83.563482 2
-22.5258 32.977494 -85.596025 2
-22.6536 32.422854 -87.505344 2
-22.6499 31.698059 -89.323633 2
-22.5513 30.864531 -91.087538 2
-22.3967 29.982018 -92.833703 2
-22.2278 29.108532 -94.598775 2
-22.0884 28.300280 -96.419398 2
-22.0248 27.611603 -98.332218 2
-22.0856 27.094917 -100.373881 2
-22.3217 26.800644 -102.581031 2
-22.7851 26.775891 -104.989393 2
-23.4873 27.016780 -107.598881 2
-24.3839 27.456170 -110.362886 2
-25.4242 28.024817 -113.231694 2
-26.5546 28.655782 -116.155588 2
-27.7187 29.284496 -119.084853 2
-28.8576 29.848834 -121.969772 2
-29.9096 30.289183 -124.760631 2
-30.8106 30.548513 -127.407713 2
-31.4942 30.572439 -129.861301 2
-31.8940 30.311905 -132.073907 2
-32.0055 29.779942 -134.049219 2
-31.8890 29.048332 -135.842109 2
-31.6105 28.188637 -137.509671 2
-31.2388 27.269480 -139.109002 2
-30.8455 26.356470 -140.697197 2
-30.5049 25.512131 -142.331353 2
-30.2938 24.795834 -144.068564 2
-30.2919 24.263721 -145.965927 2
-30.5809 23.968648 -148.080537 2
-31.2389 23.955302 -150.466123 2
-32.2513 24.194271 -153.126027 2
-33.5294 24.603111 -156.024804 2
-34.9790 25.101957 -159.126010 2
-36.5030 25.615060 -162.393203 2
-38.0012 26.070863 -165.789940 2
-39.3703 26.402081 -169.279778 2
-40.5043 26.545782 -172.826274 2
-41.2944 26.443458 -176.392985 2
-41.6292 26.041099 -179.943468 2
-41.4068 25.296548 -183.442070 2
-40.6469 24.245682 -186.861289 2
-39.4443 22.966129 -190.178434 2
-37.8971 21.531839 -193.370874 2
-36.1068 20.012428 -196.415981 2
-34.1773 18.473105 -199.291123 2
-32.2149 16.974604 -201.973671 2
-30.3287 15.573121 -204.440995 2
-28.6300 14.320243 -206.670465 2
-27.2323 13.262895 -208.639452 2
-26.2376 12.436804 -210.329648 2
-25.6480 11.826741 -211.754690 2
-25.4199 11.397052 -212.942537 2
-25.5079 11.113988 -213.921210 2
-25.8657 10.945837 -214.718735 2
-26.4458 10.862951 -215.363135 2
-27.1997 10.837775 -215.882434 2
-28.0776 10.844874 -216.304656 2
-29.0291 10.860952 -216.657824 2
-30.0029 10.864886 -216.969964 2
-30.9465 10.837738 -217.269098 2
-31.8071 10.762784 -217.583250 2
-32.5308 10.625529 -217.940445 2
-33.0633 10.413729 -218.368706 2
-33.3496 10.117408 -218.896057 2
-33.3341 9.728873 -219.550522 2
-32.9608 9.242729 -220.360125 2
-32.1733 8.655896 -221.352890 2
-30.9148 7.967616 -222.556840 2
-29.1283 7.179470 -224.000000 2

-13.6336 19.751613 -45.000000 2
-13.2356 18.747727 -47.765970 2
-12.9464 17.932528 -50.134805 2
-12.7655 17.293437 -52.141956 2
-12.6915 16.818031 -53.822873 2
-12.7231 16.494054 -55.213006 2
-12.8581 16.309423 -56.347807 2
-13.0942 16.252248 -57.262727 2
-13.4283 16.310835 -57.993214 2
-13.8574 16.473701 -58.574722 2
-14.3775 16.729581 -59.042699 2
-14.9846 17.067444 -59.432597 2
-15.6742 17.476497 -59.779867 2
-16.4413 17.946201 -60.119959 2
-17.2806 18.466275 -60.488323 2
-18.1863 19.026711 -60.920411 2
-19.1525 19.617781 -61.451672 2
-20.1725 20.230047 -62.117559 2
-21.2397 20.854371 -62.953521 2
-22.3468 21.481923 -63.995008 2
-23.4864 22.104170 -65.277370 2
-24.6461 22.708860 -66.814285 2
-25.8034 23.275332 -68.571082 2
-26.9333 23.782688 -70.506548 2
-28.0101 24.211066 -72.579470 2
-29.0071 24.541663 -74.748636 2
-29.8970 24.756761 -76.972833 2
-30.6516 24.839744 -79.210848 2
-31.2417 24.775124 -81.421468 2
-31.6377 24.548557 -83.563482 2
-31.8095 24.147151 -85.596025 2
-31.7551 23.580583 -87.505344 2
-31.5220 22.894260 -89.323633 2
-31.1645 22.134869 -91.087538 2
-30.7384 21.346715 -92.833703 2
-30.3016 20.571680 -94.598775 2
-29.9134 19.849170 -96.419398 2
-29.6350 19.216072 -98.332218 2
-29.5291 18.706715 -100.373881 2
-29.6598 18.352820 -102.581031 2
-30.0915 18.182608 -104.989393 2
-30.8339 18.188738 -107.598881 2
-31.8235 18.321570 -110.362886 2
-32.9904 18.531519 -113.231694 2
-34.2624 18.772059 -116.155588 2
-35.5657 18.999783 -119.084853 2
-36.8246 19.174442 -121.969772 2
-37.9619 19.258991 -124.760631 2
-38.8987 19.219638 -127.407713 2
-39.5547 19.025878 -129.861301 2
-39.8514 18.652146 -132.073907 2
-39.7887 18.112246 -134.049219 2
-39.4466 17.455170 -135.842109 2
-38.9102 16.727910 -137.509671 2
-38.2665 15.973766 -139.109002 2
-37.6043 15.232295 -140.697197 2
-37.0138 14.539276 -142.331353 2
-36.5869 13.926664 -144.068564 2
-36.4165 13.422554 -145.965927 2
-36.5972 13.051143 -148.080537 2
-37.2171 12.830120 -150.466123 2
-38.2531 12.736182 -153.126027 2
-39.5948 12.719268 -156.024804 2
-41.1278 12.733393 -159.126010 2
-42.7359 12.737480 -162.393203 2
-44.3013 12.695400 -165.789940 2
-45.7049 12.576017 -169.279778 2
-46.8260 12.353220 -172.826274 2
-47.5431 12.005962 -176.392985 2
-47.7332 11.518286 -179.943468 2
-47.2864 10.882495 -183.442070 2
-46.2329 10.126328 -186.861289 2
-44.6870 9.293477 -190.178434 2
-42.7653 8.422920 -193.370874 2
-40.5859 7.548637 -196.415981 2
-38.2682 6.699570 -199.291123 2
-35.9323 5.899604 -201.973671 2
-33.6994 5.167538 -204.440995 2
-31.6914 4.517060 -206.670465 2
-30.0308 3.956735 -208.639452 2
-28.8256 3.488165 -210.329648 2
-28.0732 3.096191 -211.754690 2
-27.7207 2.760862 -212.942537 2
-27.7146 2.464486 -213.921210 2
-28.0008 2.191675 -214.718735 2
-28.5248 1.929353 -215.363135 2
-29.2318 1.666765 -215.882434 2
-30.0668 1.395482 -216.304656 2
-30.9745 1.109412 -216.657824 2
-31.8994 0.804796 -216.969964 2
-32.7859 0.480220 -217.269098 2
-33.5784 0.136610 -217.583250 2
-34.2214 -0.222764 -217.940445 2
-34.6594 -0.592288 -218.368706 2
-34.8371 -0.964012 -218.896057 2
-34.6994 -1.327644 -219.550522 2
-34.1914 -1.670565 -220.360125 2
-33.2586 -1.977826 -221.352890 2
-31.8469 -2.232162 -222.556840 2
-29.9027 -2.413997 -224.000000 2

-19.1866 14.417814 -45.000000 2
-18.4912 13.591618 -47.765970 2
-17.9588 12.909933 -50.134805 2
-17.5848 12.361040 -52.141956 2
-17.3641 11.933511 -53.822873 2
-17.2915 11.616213 -55.213006 2
-17.3611 11.398328 -56.347807 2
-17.5669 11.269348 -57.262727 2
-17.9024 11.219093 -57.993214 2
-18.3609 11.237719 -58.574722 2
-18.9353 11.315718 -59.042699 2
-19.6182 11.443935 -59.432597 2
-20.4018 11.613571 -59.779867 2
-21.2782 11.816190 -60.119959 2
-22.2389 12.043730 -60.488323 2
-23.2755 12.288504 -60.920411 2
-24.3791 12.543212 -61.451672 2
-25.5406 12.800947 -62.117559 2
-26.7505 13.055197 -62.953521 2
-27.9994 13.299856 -63.995008 2
-29.2774 13.529215 -65.277370 2
-30.5689 13.735535 -66.814285 2
-31.8460 13.906392 -68.571082 2
-33.0784 14.029838 -70.506548 2
-34.2354 14.095188 -72.579470 2
-35.2859 14.093033 -74.748636 2
-36.1981 14.015253 -76.972833 2
-36.9401 13.855030 -79.210848 2
-37.4794 13.606857 -81.421468 2
-37.7833 13.266551 -83.563482 2
-37.8191 12.831411 -85.596025 2
-37.5880 12.311231 -87.505344 2
-37.1497 11.734022 -89.323633 2
-36.5701 11.126928 -91.087538 2
-35.9164 10.514257 -92.833703 2
-35.2566 9.917445 -94.598775 2
-34.6596 9.355042 -96.419398 2
-34.1950 8.842686 -98.332218 2
-33.9332 8.393084 -100.373881 2
-33.9452 8.015994 -102.581031 2
-34.3008 7.717841 -104.989393 2
-35.0068 7.488581 -107.598881 2
-35.9876 7.301185 -110.362886 2
-37.1609 7.130824 -113.231694 2
-38.4436 6.956182 -116.155588 2
-39.7520 6.759478 -119.084853 2
-41.0014 6.526480 -121.969772 2
-42.1070 6.246527 -124.760631 2
-42.9831 5.912541 -127.407713 2
-43.5439 5.521038 -129.861301 2
-43.7070 5.072576 -132.073907 2
-43.4766 4.580308 -134.049219 2
-42.9440 4.065397 -135.842109 2
-42.2049 3.545428 -137.509671 2
-41.3556 3.033918 -139.109002 2
-40.4926 2.540304 -140.697197 2
-39.7131 2.069935 -142.331353 2
-39.1141 1.624063 -144.068564 2
-38.7929 1.199842 -145.965927 2
-38.8467 0.790321 -148.080537 2
-39.3647 0.384372 -150.466123 2
-40.3176 -0.032805 -153.126027 2
-41.5849 -0.473732 -156.024804 2
-43.0435 -0.945783 -159.126010 2
-44.5701 -1.451133 -162.393203 2
-46.0417 -1.986764 -165.789940 2
-47.3352 -2.544460 -169.279778 2
-48.3281 -3.110823 -172.826274 2
-48.8982 -3.667274 -176.392985 2
-48.9242 -4.190071 -179.943468 2
-48.2991 -4.651662 -183.442070 2
-47.0603 -5.035299 -186.861289 2
-45.3301 -5.335726 -190.178434 2
-43.2317 -5.552945 -193.370874 2
-40.8877 -5.692114 -196.415981 2
-38.4203 -5.763532 -199.291123 2
-35.9513 -5.782625 -201.973671 2
-33.6015 -5.769924 -204.440995 2
-31.4908 -5.751050 -206.670465 2
-29.7383 -5.756680 -208.639452 2
-28.4467 -5.819501 -210.329648 2
-27.6089 -5.953041 -211.754690 2
-27.1684 -6.159496 -212.942537 2
-27.0688 -6.438679 -213.921210 2
-27.2538 -6.788070 -214.718735 2
-27.6678 -7.202828 -215.363135 2
-28.2553 -7.675802 -215.882434 2
-28.9614 -8.197542 -216.304656 2
-29.7318 -8.756317 -216.657824 2
-30.5126 -9.338129 -216.969964 2
-31.2507 -9.926726 -217.269098 2
-31.8936 -10.503625 -217.583250 2
-32.3897 -11.048128 -217.940445 2
-32.6882 -11.537344 -218.368706 2
-32.7390 -11.946209 -218.896057 2
-32.4932 -12.247511 -219.550522 2
-31.9028 -12.411913 -220.360125 2
-30.9207 -12.407976 -221.352890 2
-29.5011 -12.202190 -222.556840 2
-27.5994 -11.758998 -224.000000 2

-22.7649 7.600032 -45.000000 2
-21.8436 7.036563 -47.765970 2
-21.1228 6.558557 -50.134805 2
-20.5942 6.156358 -52.141956 2
-20.2495 5.820708 -53.822873 2
-20.0801 5.542750 -55.213006 2
-20.0771 5.314035 -56.347807 2
-20.2314 5.126525 -57.262727 2
-20.5338 4.972602 -57.993214 2
-20.9746 4.845070 -58.574722 2
-21.5442 4.737160 -59.042699 2
-22.2325 4.642535 -59.432597 2
-23.0295 4.555293 -59.779867 2
-23.9249 4.469973 -60.119959 2
-24.9083 4.381558 -60.488323 2
-25.9691 4.285476 -60.920411 2
-27.0965 4.177606 -61.451672 2
-28.2798 4.054281 -62.117559 2
-29.5080 3.912288 -62.953521 2
-30.7701 3.748873 -63.995008 2
-32.0550 3.561738 -65.277370 2
-33.3454 3.348451 -66.814285 2
-34.6108 3.106107 -68.571082 2
-35.8189 2.832937 -70.506548 2
-36.9371 2.528533 -72.579470 2
-37.9328 2.193847 -74.748636 2
-38.7734 1.831195 -76.972833 2
-39.4265 1.444257 -79.210848 2
-39.8594 1.038076 -81.421468 2
-40.0399 0.619058 -83.563482 2
-39.9361 0.194971 -85.596025 2
-39.5522 -0.225280 -87.505344 2
-38.9536 -0.633966 -89.323633 2
-38.2116 -1.026274 -91.087538 2
-37.3975 -1.400404 -92.833703 2
-36.5827 -1.757564 -94.598775 2
-35.8383 -2.101973 -96.419398 2
-35.2354 -2.440852 -98.332218 2
-34.8447 -2.784422 -100.373881 2
-34.7367 -3.145896 -102.581031 2
-34.9795 -3.541300 -104.989393 2
-35.5767 -3.982354 -107.598881 2
-36.4476 -4.470691 -110.362886 2
-37.5066 -5.003826 -113.231694 2
-38.6680 -5.575674 -116.155588 2
-39.8467 -6.176562 -119.084853 2
-40.9581 -6.793234 -121.969772 2
-41.9181 -7.408874 -124.760631 2
-42.6434 -8.003116 -127.407713 2
-43.0514 -8.552067 -129.861301 2
-43.0641 -9.029101 -132.073907 2
-42.6896 -9.423068 -134.049219 2
-42.0213 -9.742815 -135.842109 2
-41.1556 -10.001975 -137.509671 2
-40.1880 -10.218202 -139.109002 2
-39.2132 -10.413153 -140.697197 2
-38.3248 -10.612459 -142.331353 2
-37.6154 -10.845698 -144.068564 2
-37.1764 -11.146367 -145.965927 2
-37.0977 -11.551846 -148.080537 2
-37.4605 -12.100939 -150.466123 2
-38.2323 -12.798416 -153.126027 2
-39.2948 -13.617973 -156.024804 2
-40.5288 -14.527612 -159.126010 2
-41.8169 -15.490385 -162.393203 2
-43.0430 -16.464435 -165.789940 2
-44.0934 -17.403043 -169.279778 2
-44.8558 -18.254677 -172.826274 2
-45.2204 -18.963047 -176.392985 2
-45.0795 -19.467156 -179.943468 2
-44.3404 -19.707037 -183.442070 2
-43.0439 -19.678658 -186.861289 2
-41.3076 -19.415738 -190.178434 2
-39.2484 -18.957262 -193.370874 2
-36.9809 -18.346992 -196.415981 2
-34.6180 -17.633410 -199.291123 2
-32.2700 -16.869665 -201.973671 2
-30.0451 -16.113505 -204.440995 2
-28.0490 -15.427221 -206.670465 2
-26.3849 -14.877577 -208.639452 2
-25.1399 -14.528183 -210.329648 2
-24.3029 -14.389543 -211.754690 2
-23.8197 -14.445874 -212.942537 2
-23.6368 -14.679129 -213.921210 2
-23.7017 -15.069138 -214.718735 2
-23.9630 -15.593643 -215.363135 2
-24.3705 -16.228320 -215.882434 2
-24.8750 -16.946817 -216.304656 2
-25.4288 -17.720784 -216.657824 2
-25.9852 -18.519907 -216.969964 2
-26.4989 -19.311942 -217.269098 2
-26.9261 -20.062752 -217.583250 2
-27.2242 -20.736340 -217.940445 2
-27.3524 -21.294893 -218.368706 2
-27.2712 -21.698817 -218.896057 2
-26.9426 -21.906777 -219.550522 2
-26.3305 -21.875738 -220.360125 2
-25.4002 -21.561009 -221.352890 2
-24.1188 -20.916282 -222.556840 2
-22.4553 -19.893680 -224.000000 2

-24.0000 0.000000 -45.000000 2
-22.9477 -0.242745 -47.765970 2
-22.1126 -0.467873 -50.134805 2
-21.4838 -0.681981 -52.141956 2
-21.0506 -0.891203 -53.822873 2
-20.8019 -1.101213 -55.213006 2
-20.7266 -1.317217 -56.347807 2
-20.8137 -1.543956 -57.262727 2
-21.0517 -1.785704 -57.993214 2
-21.4295 -2.046267 -58.574722 2
-21.9355 -2.328980 -59.042699 2
-22.5585 -2.636708 -59.432597 2
-23.2868 -2.971848 -59.779867 2
-24.1092 -3.336325 -60.119959 2
-25.0139 -3.731595 -60.488323 2
-25.9897 -4.158643 -60.920411 2
-27.0249 -4.617988 -61.451672 2
-28.1083 -5.109679 -62.117559 2
-29.2283 -5.633300 -62.953521 2
-30.3737 -6.187970 -63.995008 2
-31.5332 -6.772340 -65.277370 2
-32.6896 -7.383279 -66.814285 2
-33.8132 -8.013881 -68.571082 2
-34.8726 -8.655550 -70.506548 2
-35.8368 -9.298377 -72.579470 2
-36.6753 -9.931145 -74.748636 2
-37.3579 -10.541342 -76.972833 2
-37.8548 -11.115169 -79.210848 2
-38.1368 -11.637551 -81.421468 2
-38.1753 -12.092154 -83.563482 2
-37.9426 -12.461537 -85.596025 2
-37.4454 -12.738605 -87.505344 2
-36.7482 -12.936702 -89.323633 2
-35.9201 -13.073846 -91.087538 2
-35.0294 -13.170925 -92.833703 2
-34.1434 -13.251673 -94.598775 2
-33.3283 -13.342638 -96.419398 2
-32.6491 -13.473160 -98.332218 2
-32.1698 -13.675336 -100.373881 2
-31.9528 -13.983988 -102.581031 2
-32.0579 -14.435946 -104.989393 2
-32.4847 -15.043397 -107.598881 2
-33.1562 -15.782411 -110.362886 2
-33.9918 -16.623446 -113.231694 2
-34.9124 -17.533643 -116.155588 2
-35.8401 -18.476865 -119.084853 2
-36.6990 -19.413740 -121.969772 2
-37.4147 -20.301701 -124.760631 2
-37.9145 -21.095036 -127.407713 2
-38.1276 -21.744932 -129.861301 2
-37.9886 -22.201438 -132.073907 2
-37.5087 -22.456554 -134.049219 2
-36.7735 -22.548227 -135.842109 2
-35.8703 -22.519903 -137.509671 2
-34.8840 -22.418592 -139.109002 2
-33.8976 -22.294814 -140.697197 2
-32.9918 -22.202543 -142.331353 2
-32.2451 -22.199143 -144.068564 2
-31.7335 -22.345312 -145.965927 2
-31.5305 -22.705015 -148.080537 2
-31.7007 -23.340735 -150.466123 2
-32.2119 -24.246723 -153.126027 2
-32.9602 -25.360554 -156.024804 2
-33.8427 -26.614156 -159.126010 2
-34.7595 -27.935256 -162.393203 2
-35.6141 -29.247470 -165.789940 2
-36.3132 -30.470381 -169.279778 2
-36.7667 -31.519631 -172.826274 2
-36.8882 -32.307009 -176.392985 2
-36.5949 -32.740543 -179.943468 2
-35.8179 -32.734023 -183.442070 2
-34.5971 -32.296549 -186.861289 2
-33.0335 -31.497344 -190.178434 2
-31.2254 -30.410363 -193.370874 2
-29.2679 -29.113467 -196.415981 2
-27.2525 -27.688333 -199.291123 2
-25.2672 -26.220359 -201.973671 2
-23.3962 -24.798569 -204.440995 2
-21.7202 -23.515513 -206.670465 2
-20.3158 -22.467167 -208.639452 2
-19.2455 -21.741521 -210.329648 2
-18.4955 -21.344971 -211.754690 2
-18.0193 -21.245380 -212.942537 2
-17.7719 -21.408698 -213.921210 2
-17.7100 -21.799184 -214.718735 2
-17.7918 -22.379449 -215.363135 2
-17.9773 -23.110503 -215.882434 2
-18.2284 -23.951805 -216.304656 2
-18.5086 -24.861302 -216.657824 2
-18.7832 -25.795485 -216.969964 2
-19.0197 -26.709436 -217.269098 2
-19.1871 -27.556877 -217.583250 2
-19.2567 -28.290220 -217.940445 2
-19.2014 -28.860621 -218.368706 2
-18.9964 -29.218029 -218.896057 2
-18.6189 -29.311242 -219.550522 2
-18.0481 -29.087957 -220.360125 2
-17.2653 -28.494829 -221.352890 2
-16.2541 -27.477521 -222.556840 2
-15.0000 -25.980762 -224.000000 2

