-17.0000 0.000000 -22.000000 2
-17.1124 -0.181018 -22.288253 2
-17.1333 -0.362519 -23.196986 2
-17.0712 -0.541906 -24.666291 2
-16.9343 -0.716934 -26.636259 2
-16.7311 -0.885714 -29.046981 2
-16.4701 -1.046709 -31.838549 2
-16.1599 -1.198738 -34.951054 2
-15.8088 -1.340975 -38.324586 2
-15.4254 -1.472949 -41.899237 2
-15.0182 -1.594542 -45.615098 2
-14.5957 -1.705991 -49.412260 2
-14.1663 -1.807886 -53.230815 2
-13.7383 -1.901169 -57.010854 2
-13.3203 -1.987133 -60.692468 2
-12.9205 -2.067421 -64.215747 2
-12.5464 -2.143908 -67.524348 2
-12.1999 -2.217766 -70.591037 2
-11.8802 -2.289723 -73.402796 2
-11.5864 -2.360463 -75.946701 2
-11.3175 -2.430634 -78.209831 2
-11.0726 -2.500846 -80.179262 2
-10.8507 -2.571670 -81.842073 2
-10.6511 -2.643645 -83.185391 2
-10.4817 -2.719613 -84.217589 2
-10.3734 -2.808955 -85.001049 2
-10.3602 -2.923368 -85.606616 2
-10.4759 -3.075996 -86.105131 2
-10.7534 -3.281421 -86.567435 2
-11.2253 -3.555649 -87.064373 2
-11.9236 -3.916092 -87.666785 2
-12.8773 -4.380749 -88.442289 2
-14.0687 -4.952686 -89.396195 2
-15.4386 -5.619190 -90.477456 2
-16.9272 -6.364556 -91.632992 2
-18.4753 -7.170609 -92.809726 2
-20.0248 -8.016726 -93.954579 2
-21.5183 -8.879857 -95.014472 2
-22.8995 -9.734551 -95.936328 2
-24.1243 -10.557897 -96.683666 2
-25.2060 -11.350469 -97.303701 2
-26.1752 -12.121534 -97.869967 2
-27.0621 -12.881629 -98.456009 2
-27.8964 -13.642546 -99.135370 2
-28.7072 -14.417316 -99.981593 2
-29.5231 -15.220197 -101.068224 2
-30.3715 -16.066490 -102.468069 2
-31.2569 -16.960390 -104.200373 2
-32.1459 -17.885511 -106.195451 2
-33.0027 -18.822099 -108.375229 2
-33.7921 -19.748893 -110.661639 2
-34.4798 -20.643159 -112.976608 2
-35.0325 -21.480704 -115.242066 2
-35.4179 -22.235906 -117.379942 2
-35.6082 -22.884007 -119.317663 2
-35.6137 -23.423472 -121.040988 2
-35.4668 -23.868097 -122.570807 2
-35.1996 -24.233182 -123.928490 2
-34.8436 -24.535316 -125.135411 2
-34.4292 -24.792357 -126.212943 2
-33.9861 -25.023407 -127.182456 2
-33.5432 -25.248791 -128.065327 2
-33.1173 -25.481467 -128.893892 2
-32.6897 -25.707484 -129.735334 2
-32.2352 -25.906557 -130.663749 2
-31.7296 -26.057338 -131.753231 2
-31.1494 -26.137440 -133.077875 2
-30.4722 -26.123464 -134.711777 2
-29.6766 -25.991019 -136.729032 2
-28.7431 -25.715685 -139.200430 2
-27.6818 -25.298468 -142.105055 2
-26.5346 -24.770148 -145.320598 2
-25.3432 -24.164710 -148.719502 2
-24.1481 -23.517834 -152.174214 2
-22.9881 -22.866852 -155.557176 2
-21.9004 -22.250711 -158.740834 2
-20.9207 -21.709924 -161.597632 2
-20.0760 -21.279265 -164.022637 2
-19.3486 -20.947827 -166.055383 2
-18.7046 -20.685425 -167.792224 2
-18.1115 -20.460471 -169.329649 2
-17.5381 -20.240057 -170.764149 2
-16.9546 -19.989989 -172.192213 2
-16.3326 -19.674827 -173.710331 2
-15.6455 -19.258051 -175.414681 2
-14.8830 -18.720703 -177.355730 2
-14.0657 -18.082004 -179.490319 2
-13.2168 -17.366733 -181.763829 2
-12.3587 -16.600586 -184.121640 2
-11.5123 -15.810145 -186.509131 2
-10.6977 -15.022848 -188.871681 2
-9.9337 -14.266962 -191.154672 2
-9.2379 -13.571547 -193.303482 2
-8.6267 -12.966428 -195.263491 2
-8.1154 -12.482164 -196.980080 2
-7.7178 -12.150012 -198.398627 2
-7.4468 -12.001899 -199.464513 2
-7.3136 -12.070386 -200.123117 2
-7.3284 -12.388637 -200.319820 2
-7.5000 -12.990381 -200.000000 2

-16.1251 -5.383356 -22.000000 2
-16.1744 -5.590654 -22.288253 2
-16.1368 -5.769444 -23.196986 2
-16.0210 -5.919908 -24.666291 2
-15.8357 -6.042579 -26.636259 2
-15.5896 -6.138338 -29.046981 2
-15.2911 -6.208409 -31.838549 2
-14.9486 -6.254362 -34.951054 2
-14.5706 -6.278105 -38.324586 2
-14.1651 -6.281882 -41.899237 2
-13.7404 -6.268271 -45.615098 2
-13.3043 -6.240181 -49.412260 2
-12.8647 -6.200845 -53.230815 2
-12.4293 -6.153821 -57.010854 2
-12.0055 -6.102984 -60.692468 2
-11.6009 -6.052524 -64.215747 2
-11.2218 -6.006610 -67.524348 2
-10.8698 -5.966954 -70.591037 2
-10.5437 -5.933968 -73.402796 2
-10.2426 -5.908015 -75.946701 2
-9.9653 -5.889419 -78.209831 2
-9.7108 -5.878466 -80.179262 2
-9.4779 -5.875401 -81.842073 2
-9.2658 -5.880444 -83.185391 2
-9.0810 -5.898855 -84.217589 2
-8.9500 -5.949306 -85.001049 2
-8.9013 -6.053676 -85.606616 2
-8.9627 -6.235070 -86.105131 2
-9.1609 -6.517800 -86.567435 2
-9.5216 -6.927356 -87.064373 2
-10.0699 -7.490383 -87.666785 2
-10.8273 -8.233128 -88.442289 2
-11.7763 -9.152899 -89.396195 2
-12.8647 -10.218915 -90.477456 2
-14.0406 -11.397312 -91.632992 2
-15.2538 -12.652133 -92.809726 2
-16.4556 -13.945375 -93.954579 2
-17.5989 -15.237025 -95.014472 2
-18.6384 -16.485110 -95.936328 2
-19.5395 -17.653952 -96.683666 2
-20.3145 -18.748270 -97.303701 2
-20.9896 -19.786568 -97.869967 2
-21.5902 -20.788404 -98.456009 2
-22.1406 -21.774359 -99.135370 2
-22.6644 -22.766013 -99.981593 2
-23.1840 -23.785921 -101.068224 2
-23.7207 -24.857334 -102.468069 2
-24.2775 -25.985595 -104.200373 2
-24.8278 -27.144645 -106.195451 2
-25.3439 -28.304348 -108.375229 2
-25.7992 -29.433414 -110.661639 2
-26.1683 -30.499434 -112.976608 2
-26.4274 -31.468910 -115.242066 2
-26.5538 -32.307294 -117.379942 2
-26.5291 -32.982294 -119.317663 2
-26.3634 -33.495722 -121.040988 2
-26.0833 -33.870952 -122.570807 2
-25.7143 -34.132656 -123.928490 2
-25.2809 -34.306491 -125.135411 2
-24.8064 -34.419065 -126.212943 2
-24.3129 -34.497912 -127.182456 2
-23.8214 -34.571448 -128.065327 2
-23.3438 -34.657300 -128.893892 2
-22.8667 -34.736275 -129.735334 2
-22.3725 -34.781176 -130.663749 2
-21.8451 -34.764072 -131.753231 2
-21.2694 -34.656329 -133.077875 2
-20.6316 -34.428642 -134.711777 2
-19.9188 -34.051068 -136.729032 2
-19.1205 -33.494274 -139.200430 2
-18.2460 -32.762467 -142.105055 2
-17.3251 -31.898040 -145.320598 2
-16.3868 -30.946494 -148.719502 2
-15.4580 -29.954459 -152.174214 2
-14.5639 -28.969643 -155.557176 2
-13.7273 -28.040778 -158.740834 2
-12.9692 -27.217569 -161.597632 2
-12.3043 -26.541570 -164.022637 2
-11.7193 -25.996849 -166.055383 2
-11.1916 -25.544037 -167.792224 2
-10.7003 -25.142848 -169.329649 2
-10.2262 -24.752189 -170.764149 2
-9.7518 -24.330199 -172.192213 2
-9.2617 -23.834301 -173.710331 2
-8.7419 -23.221398 -175.414681 2
-8.1889 -22.470251 -177.355730 2
-7.6158 -21.605600 -179.490319 2
-7.0372 -20.658332 -181.763829 2
-6.4658 -19.659859 -184.121640 2
-5.9133 -18.642079 -186.509131 2
-5.3899 -17.637345 -188.871681 2
-4.9046 -16.678422 -191.154672 2
-4.4648 -15.798458 -193.303482 2
-4.0767 -15.030943 -195.263491 2
-3.7451 -14.409675 -196.980080 2
-3.4731 -13.968724 -198.398627 2
-3.2629 -13.742391 -199.464513 2
-3.1149 -13.765177 -200.123117 2
-3.0282 -14.071739 -200.319820 2
-3.0004 -14.696860 -200.000000 2

-13.5905 -10.212618 -22.000000 2
-13.5716 -10.424861 -22.288253 2
-13.4793 -10.582538 -23.196986 2
-13.3219 -10.688592 -24.666291 2
-13.1073 -10.746280 -26.636259 2
-12.8435 -10.759160 -29.046981 2
-12.5381 -10.731096 -31.838549 2
-12.1988 -10.666243 -34.951054 2
-11.8327 -10.569047 -38.324586 2
-11.4469 -10.444239 -41.899237 2
-11.0483 -10.296825 -45.615098 2
-10.6436 -10.132087 -49.412260 2
-10.2390 -9.955570 -53.230815 2
-9.8409 -9.773079 -57.010854 2
-9.4551 -9.590673 -60.692468 2
-9.0872 -9.414657 -64.215747 2
-8.7422 -9.251069 -67.524348 2
-8.4208 -9.101981 -70.591037 2
-8.1220 -8.967447 -73.402796 2
-7.8446 -8.847472 -75.946701 2
-7.5875 -8.742023 -78.209831 2
-7.3495 -8.651032 -80.179262 2
-7.1296 -8.574394 -81.842073 2
-6.9268 -8.511987 -83.185391 2
-6.7457 -8.470945 -84.217589 2
-6.6054 -8.477313 -85.001049 2
-6.5262 -8.560896 -85.606616 2
-6.5270 -8.752387 -86.105131 2
-6.6254 -9.083320 -86.567435 2
-6.8380 -9.586050 -87.064373 2
-7.1797 -10.293710 -87.666785 2
-7.6630 -11.238094 -88.442289 2
-8.2718 -12.411031 -89.396195 2
-8.9666 -13.766838 -90.477456 2
-9.7089 -15.256976 -91.632992 2
-10.4623 -16.831410 -92.809726 2
-11.1927 -18.438666 -93.954579 2
-11.8681 -20.025890 -95.014472 2
-12.4589 -21.538905 -95.936328 2
-12.9434 -22.932936 -96.683666 2
-13.3321 -24.216364 -97.303701 2
-13.6437 -25.415028 -97.869967 2
-13.8961 -26.555489 -98.456009 2
-14.1059 -27.665000 -99.135370 2
-14.2887 -28.771469 -99.981593 2
-14.4586 -29.903429 -101.068224 2
-14.6285 -31.089685 -102.468069 2
-14.7992 -32.336178 -104.200373 2
-14.9542 -33.609858 -106.195451 2
-15.0765 -34.873312 -108.375229 2
-15.1508 -36.088439 -110.661639 2
-15.1634 -37.216491 -112.976608 2
-15.1021 -38.218112 -115.242066 2
-14.9566 -39.053386 -117.379942 2
-14.7193 -39.685810 -119.317663 2
-14.3996 -40.120355 -121.040988 2
-14.0151 -40.387568 -122.570807 2
-13.5822 -40.518955 -123.928490 2
-13.1161 -40.546597 -125.135411 2
-12.6303 -40.503119 -126.212943 2
-12.1373 -40.421645 -127.182456 2
-11.6478 -40.335765 -128.065327 2
-11.1676 -40.265957 -128.893892 2
-10.6900 -40.189762 -129.735334 2
-10.2071 -40.075869 -130.663749 2
-9.7122 -39.892640 -131.753231 2
-9.2003 -39.608141 -133.077875 2
-8.6673 -39.190180 -134.711777 2
-8.1109 -38.606339 -136.729032 2
-7.5299 -37.825394 -139.200430 2
-6.9322 -36.854320 -142.105055 2
-6.3324 -35.742759 -145.320598 2
-5.7437 -34.543044 -148.719502 2
-5.1769 -33.307957 -152.174214 2
-4.6406 -32.090671 -155.557176 2
-4.1412 -30.944689 -158.740834 2
-3.6828 -29.923788 -161.597632 2
-3.2662 -29.072027 -164.022637 2
-2.8838 -28.370091 -166.055383 2
-2.5267 -27.773475 -167.792224 2
-2.1877 -27.237345 -169.329649 2
-1.8617 -26.716650 -170.764149 2
-1.5454 -26.166173 -172.192213 2
-1.2375 -25.540580 -173.710331 2
-0.9386 -24.794634 -175.414681 2
-0.6518 -23.907001 -177.355730 2
-0.3821 -22.905393 -179.490319 2
-0.1332 -21.823627 -181.763829 2
0.0926 -20.695599 -184.121640 2
0.2944 -19.555239 -186.509131 2
0.4726 -18.436481 -188.871681 2
0.6293 -17.373220 -191.154672 2
0.7678 -16.399279 -193.303482 2
0.8929 -15.548365 -195.263491 2
1.0108 -14.854040 -196.980080 2
1.1291 -14.349675 -198.398627 2
1.2568 -14.068419 -199.464513 2
1.4044 -14.043158 -200.123117 2
1.5838 -14.306479 -200.319820 2
1.8081 -14.890633 -200.000000 2

-9.6571 -13.990726 -22.000000 2
-9.5720 -14.186067 -22.288253 2
-9.4345 -14.306401 -23.196986 2
-9.2515 -14.357130 -24.666291 2
-9.0297 -14.343896 -26.636259 2
-8.7754 -14.272574 -29.046981 2
-8.4947 -14.149262 -31.838549 2
-8.1933 -13.980278 -34.951054 2
-7.8768 -13.772148 -38.324586 2
-7.5504 -13.531600 -41.899237 2
-7.2190 -13.265557 -45.615098 2
-6.8873 -12.981127 -49.412260 2
-6.5595 -12.685596 -53.230815 2
-6.2396 -12.386422 -57.010854 2
-5.9314 -12.091222 -60.692468 2
-5.6382 -11.807767 -64.215747 2
-5.3628 -11.543342 -67.524348 2
-5.1052 -11.300166 -70.591037 2
-4.8643 -11.077932 -73.402796 2
-4.6392 -10.876284 -75.946701 2
-4.4287 -10.694836 -78.209831 2
-4.2318 -10.533173 -80.179262 2
-4.0475 -10.390849 -81.842073 2
-3.8748 -10.267415 -83.185391 2
-3.7161 -10.171146 -84.217589 2
-3.5810 -10.132774 -85.001049 2
-3.4794 -10.186969 -85.606616 2
-3.4195 -10.368845 -86.105131 2
-3.4081 -10.713921 -86.567435 2
-3.4505 -11.258080 -87.064373 2
-3.5505 -12.037536 -87.666785 2
-3.7099 -13.086356 -88.442289 2
-3.9159 -14.391731 -89.396195 2
-4.1456 -15.897779 -90.477456 2
-4.3778 -17.546283 -91.632992 2
-4.5939 -19.278278 -92.809726 2
-4.7778 -21.034119 -93.954579 2
-4.9158 -22.753548 -95.014472 2
-4.9970 -24.375762 -95.936328 2
-5.0152 -25.851500 -96.683666 2
-4.9774 -27.191939 -97.303701 2
-4.8934 -28.427591 -97.869967 2
-4.7717 -29.589294 -98.456009 2
-4.6194 -30.708163 -99.135370 2
-4.4424 -31.815561 -99.981593 2
-4.2450 -32.943063 -101.068224 2
-4.0305 -34.122064 -102.468069 2
-3.7978 -35.358491 -104.200373 2
-3.5415 -36.615705 -106.195451 2
-3.2574 -37.852866 -108.375229 2
-2.9431 -39.028985 -110.661639 2
-2.5978 -40.102961 -112.976608 2
-2.2225 -41.033634 -115.242066 2
-1.8199 -41.779825 -117.379942 2
-1.3946 -42.304579 -119.317663 2
-0.9537 -42.615515 -121.040988 2
-0.5044 -42.747208 -122.570807 2
-0.0522 -42.734754 -123.928490 2
0.3988 -42.613359 -125.135411 2
0.8457 -42.418303 -126.212943 2
1.2876 -42.184896 -127.182456 2
1.7247 -41.948439 -128.065327 2
2.1580 -41.730156 -128.893892 2
2.5870 -41.506632 -129.735334 2
3.0090 -41.245669 -130.663749 2
3.4203 -40.915174 -131.753231 2
3.8158 -40.483202 -133.077875 2
4.1890 -39.917985 -134.711777 2
4.5319 -39.187971 -136.729032 2
4.8357 -38.263255 -139.200430 2
5.0952 -37.152864 -142.105055 2
5.3121 -35.908580 -145.320598 2
5.4906 -34.584179 -148.719502 2
5.6371 -33.233164 -152.174214 2
5.7603 -31.908699 -155.557176 2
5.8711 -30.663552 -158.740834 2
5.9826 -29.550038 -161.597632 2
6.1081 -28.610184 -164.022637 2
6.2485 -27.823281 -166.055383 2
6.3983 -27.144270 -167.792224 2
6.5501 -26.528380 -169.329649 2
6.6945 -25.931243 -170.764149 2
6.8201 -25.308938 -172.192213 2
6.9141 -24.618040 -173.710331 2
6.9614 -23.815830 -175.414681 2
6.9523 -22.883072 -177.355730 2
6.8910 -21.847600 -179.490319 2
6.7845 -20.742680 -181.763829 2
6.6415 -19.601201 -184.121640 2
6.4718 -18.455634 -186.509131 2
6.2866 -17.338003 -188.871681 2
6.0985 -16.279843 -191.154672 2
5.9214 -15.312169 -193.303482 2
5.7706 -14.465440 -195.263491 2
5.6625 -13.769521 -196.980080 2
5.6150 -13.253656 -198.398627 2
5.6471 -12.946425 -199.464513 2
5.7791 -12.875716 -200.123117 2
6.0326 -13.068693 -200.319820 2
6.4304 -13.551757 -200.000000 2

-4.7297 -16.328808 -22.000000 2
-4.5871 -16.487142 -22.288253 2
-4.4186 -16.557748 -23.196986 2
-4.2290 -16.547930 -24.666291 2
-4.0228 -16.465137 -26.636259 2
-3.8041 -16.316952 -29.046981 2
-3.5769 -16.111086 -31.838549 2
-3.3446 -15.855364 -34.951054 2
-3.1103 -15.557722 -38.324586 2
-2.8768 -15.226193 -41.899237 2
-2.6467 -14.868903 -45.615098 2
-2.4221 -14.494056 -49.412260 2
-2.2048 -14.109931 -53.230815 2
-1.9961 -13.724866 -57.010854 2
-1.7973 -13.347256 -60.692468 2
-1.6089 -12.985538 -64.215747 2
-1.4314 -12.647492 -67.524348 2
-1.2640 -12.335259 -70.591037 2
-1.1060 -12.048198 -73.402796 2
-0.9563 -11.785632 -75.946701 2
-0.8140 -11.546861 -78.209831 2
-0.6785 -11.331164 -80.179262 2
-0.5487 -11.137805 -81.842073 2
-0.4240 -10.966047 -83.185391 2
-0.3039 -10.824459 -84.217589 2
-0.1880 -10.745298 -85.001049 2
-0.0745 -10.764526 -85.606616 2
0.0400 -10.918068 -86.105131 2
0.1601 -11.241768 -86.567435 2
0.2922 -11.771349 -87.064373 2
0.4441 -12.542372 -87.666785 2
0.6251 -13.587677 -88.442289 2
0.8430 -14.891131 -89.396195 2
1.1020 -16.392408 -90.477456 2
1.4038 -18.029602 -91.632992 2
1.7473 -19.740888 -92.809726 2
2.1290 -21.464590 -93.954579 2
2.5425 -23.139249 -95.014472 2
2.9792 -24.703692 -95.936328 2
3.4292 -26.109243 -96.683666 2
3.8896 -27.368725 -97.303701 2
4.3606 -28.514185 -97.869967 2
4.8439 -29.577558 -98.456009 2
5.3426 -30.590623 -99.135370 2
5.8612 -31.584970 -99.981593 2
6.4054 -32.591963 -101.068224 2
6.9823 -33.642357 -102.468069 2
7.5946 -34.741457 -104.200373 2
8.2358 -35.852803 -106.195451 2
8.8970 -36.936335 -108.375229 2
9.5676 -37.952389 -110.661639 2
10.2352 -38.861749 -112.976608 2
10.8859 -39.625682 -115.242066 2
11.5041 -40.205987 -117.379942 2
12.0737 -40.569060 -119.317663 2
12.5903 -40.724383 -121.040988 2
13.0583 -40.707001 -122.570807 2
13.4833 -40.551989 -123.928490 2
13.8725 -40.294051 -125.135411 2
14.2347 -39.967493 -126.212943 2
14.5799 -39.606177 -127.182456 2
14.9196 -39.243481 -128.065327 2
15.2616 -38.899190 -128.893892 2
15.5977 -38.551344 -129.735334 2
15.9153 -38.170170 -130.663749 2
16.2008 -37.726428 -131.753231 2
16.4392 -37.191444 -133.077875 2
16.6141 -36.537147 -134.711777 2
16.7083 -35.736098 -136.729032 2
16.7036 -34.762789 -139.200430 2
16.5981 -33.627371 -142.105055 2
16.4098 -32.378433 -145.320598 2
16.1597 -31.065664 -148.719502 2
15.8709 -29.737777 -152.174214 2
15.5683 -28.442457 -155.557176 2
15.2791 -27.226305 -158.740834 2
15.0323 -26.134787 -161.597632 2
14.8536 -25.203578 -164.022637 2
14.7377 -24.412701 -166.055383 2
14.6648 -23.721183 -167.792224 2
14.6137 -23.088926 -169.329649 2
14.5615 -22.476809 -170.764149 2
14.4837 -21.846727 -172.192213 2
14.3540 -21.161637 -173.710331 2
14.1448 -20.385731 -175.414681 2
13.8409 -19.503855 -177.355730 2
13.4548 -18.541097 -179.490319 2
13.0039 -17.526749 -181.763829 2
12.5068 -16.489307 -184.121640 2
11.9830 -15.456444 -186.509131 2
11.4534 -14.454974 -188.871681 2
10.9399 -13.510828 -191.154672 2
10.4656 -12.649022 -193.303482 2
10.0544 -11.893628 -195.263491 2
9.7315 -11.267746 -196.980080 2
9.5231 -10.793476 -198.398627 2
9.4562 -10.491892 -199.464513 2
9.5591 -10.383015 -200.123117 2
9.8606 -10.485785 -200.319820 2
10.3909 -10.818037 -200.000000 2

0.6845 -16.986213 -22.000000 2
0.8699 -17.091243 -22.288253 2
1.0521 -17.104853 -23.196986 2
1.2289 -17.035499 -24.666291 2
1.3982 -16.891669 -26.636259 2
1.5587 -16.681874 -29.046981 2
1.7090 -16.414642 -31.838549 2
1.8485 -16.098502 -34.951054 2
1.9764 -15.741984 -38.324586 2
2.0929 -15.353598 -41.899237 2
2.1980 -14.941836 -45.615098 2
2.2923 -14.515155 -49.412260 2
2.3768 -14.081971 -53.230815 2
2.4528 -13.650649 -57.010854 2
2.5219 -13.229495 -60.692468 2
2.5860 -12.826744 -64.215747 2
2.6474 -12.449873 -67.524348 2
2.7072 -12.100718 -70.591037 2
2.7662 -11.778378 -73.402796 2
2.8251 -11.481919 -75.946701 2
2.8844 -11.210400 -78.209831 2
2.9447 -10.962872 -80.179262 2
3.0065 -10.738378 -81.842073 2
3.0704 -10.535977 -83.185391 2
3.1395 -10.363643 -84.217589 2
3.2244 -10.251839 -85.001049 2
3.3382 -10.234121 -85.606616 2
3.4953 -10.343526 -86.105131 2
3.7118 -10.612533 -86.567435 2
4.0048 -11.073026 -87.064373 2
4.3930 -11.756258 -87.666785 2
4.8957 -12.690457 -88.442289 2
5.5152 -13.857831 -89.396195 2
6.2363 -15.199814 -90.477456 2
7.0410 -16.657186 -91.632992 2
7.9087 -18.171626 -92.809726 2
8.8165 -19.685773 -93.954579 2
9.7391 -21.143294 -95.014472 2
10.6487 -22.488942 -95.936328 2
11.5207 -23.679637 -96.683666 2
12.3562 -24.728528 -97.303701 2
13.1657 -25.665896 -97.869967 2
13.9609 -26.521489 -98.456009 2
14.7548 -27.324478 -99.135370 2
15.5615 -28.103428 -99.981593 2
16.3966 -28.886265 -101.068224 2
17.2764 -29.699940 -102.468069 2
18.2052 -30.548585 -104.200373 2
19.1654 -31.399676 -106.195451 2
20.1357 -32.218053 -108.375229 2
21.0935 -32.969464 -110.661639 2
22.0148 -33.620610 -112.976608 2
22.8739 -34.139173 -115.242066 2
23.6440 -34.493863 -117.379942 2
24.2992 -34.657885 -119.317663 2
24.8385 -34.641608 -121.040988 2
25.2768 -34.476940 -122.570807 2
25.6309 -34.195324 -123.928490 2
25.9184 -33.827393 -125.135411 2
26.1586 -33.402945 -126.212943 2
26.3716 -32.950908 -127.182456 2
26.5790 -32.499304 -128.065327 2
26.7943 -32.064442 -128.893892 2
27.0029 -31.628078 -129.735334 2
27.1835 -31.165926 -130.663749 2
27.3138 -30.654608 -131.753231 2
27.3705 -30.071677 -133.077875 2
27.3293 -29.395646 -134.711777 2
27.1649 -28.606011 -136.729032 2
26.8522 -27.684290 -139.200430 2
26.3926 -26.640710 -142.105055 2
25.8185 -25.515668 -145.320598 2
25.1656 -24.349650 -148.719502 2
24.4711 -23.181567 -152.174214 2
23.7739 -22.048715 -155.557176 2
23.1145 -20.986732 -158.740834 2
22.5347 -20.029559 -161.597632 2
22.0704 -19.202840 -164.022637 2
21.7099 -18.489392 -166.055383 2
21.4218 -17.856543 -167.792224 2
21.1732 -17.272995 -169.329649 2
20.9298 -16.708901 -170.764149 2
20.6565 -16.135895 -172.192213 2
20.3165 -15.527127 -173.710331 2
19.8724 -14.857388 -175.414681 2
19.3048 -14.117162 -177.355730 2
18.6337 -13.326212 -179.490319 2
17.8848 -12.506840 -181.763829 2
17.0848 -11.680217 -184.121640 2
16.2609 -10.866367 -186.509131 2
15.4414 -10.084137 -188.871681 2
14.6554 -9.351183 -191.154672 2
13.9325 -8.683948 -193.303482 2
13.3033 -8.097640 -195.263491 2
12.7988 -7.606213 -196.980080 2
12.4509 -7.222355 -198.398627 2
12.2920 -6.957460 -199.464513 2
12.3551 -6.821620 -200.123117 2
12.6737 -6.823605 -200.319820 2
13.2818 -6.970848 -200.000000 2

6.0283 -15.895276 -22.000000 2
6.2374 -15.936192 -22.288253 2
6.4145 -15.891406 -23.196986 2
6.5602 -15.769653 -24.666291 2
6.6753 -15.579590 -26.636259 2
6.7611 -15.329779 -29.046981 2
6.8191 -15.028686 -31.838549 2
6.8512 -14.684669 -34.951054 2
6.8597 -14.305969 -38.324586 2
6.8472 -13.900701 -41.899237 2
6.8165 -13.476848 -45.615098 2
6.7708 -13.042250 -49.412260 2
6.7138 -12.604594 -53.230815 2
6.6493 -12.171410 -57.010854 2
6.5814 -11.750061 -60.692468 2
6.5147 -11.347731 -64.215747 2
6.4536 -10.970823 -67.524348 2
6.3998 -10.620686 -70.591037 2
6.3537 -10.296243 -73.402796 2
6.3157 -9.996405 -75.946701 2
6.2859 -9.720085 -78.209831 2
6.2647 -9.466202 -80.179262 2
6.2523 -9.233681 -81.842073 2
6.2488 -9.021468 -83.185391 2
6.2597 -8.836126 -84.217589 2
6.3049 -8.703188 -85.001049 2
6.4072 -8.650348 -85.606616 2
6.5909 -8.704355 -86.105131 2
6.8814 -8.890980 -86.567435 2
7.3051 -9.234989 -87.064373 2
7.8898 -9.760107 -87.666785 2
8.6624 -10.487046 -88.442289 2
9.6197 -11.398183 -89.396195 2
10.7286 -12.442746 -90.477456 2
11.9534 -13.570294 -91.632992 2
13.2561 -14.732011 -92.809726 2
14.5967 -15.880756 -93.954579 2
15.9333 -16.971120 -95.014472 2
17.2222 -17.959471 -95.936328 2
18.4264 -18.812754 -96.683666 2
19.5510 -19.543094 -97.303701 2
20.6157 -20.175891 -97.869967 2
21.6409 -20.735640 -98.456009 2
22.6482 -21.245904 -99.135370 2
23.6602 -21.729282 -99.981593 2
24.7002 -22.207388 -101.068224 2
25.7923 -22.700593 -102.468069 2
26.9421 -23.211435 -104.200373 2
28.1223 -23.714671 -106.195451 2
29.3019 -24.183659 -108.375229 2
30.4484 -24.593087 -110.661639 2
31.5284 -24.918998 -112.976608 2
32.5075 -25.138817 -115.242066 2
33.3503 -25.231385 -117.379942 2
34.0238 -25.179473 -119.317663 2
34.5301 -24.993272 -121.040988 2
34.8938 -24.698267 -122.570807 2
35.1404 -24.319033 -123.928490 2
35.2966 -23.878978 -125.135411 2
35.3900 -23.400328 -126.212943 2
35.4489 -22.904097 -127.182456 2
35.5026 -22.410068 -128.065327 2
35.5692 -21.929394 -128.893892 2
35.6289 -21.449425 -129.735334 2
35.6538 -20.953864 -130.663749 2
35.6155 -20.427599 -131.753231 2
35.4847 -19.856720 -133.077875 2
35.2315 -19.228536 -134.711777 2
34.8255 -18.531590 -136.729032 2
34.2370 -17.756327 -139.200430 2
33.4706 -16.911997 -142.105055 2
32.5698 -16.026649 -145.320598 2
31.5812 -15.127396 -148.719502 2
30.5526 -14.239344 -152.174214 2
29.5326 -13.385562 -155.557176 2
28.5708 -12.587055 -158.740834 2
27.7177 -11.862745 -161.597632 2
27.0155 -11.225609 -164.022637 2
26.4477 -10.663024 -166.055383 2
25.9740 -10.153981 -167.792224 2
25.5533 -9.679204 -169.329649 2
25.1439 -9.221194 -170.764149 2
24.7031 -8.764242 -172.192213 2
24.1879 -8.294455 -173.710331 2
23.5546 -7.799817 -175.414681 2
22.7818 -7.277430 -177.355730 2
21.8947 -6.739698 -179.490319 2
20.9249 -6.199637 -181.763829 2
19.9043 -5.668916 -184.121640 2
18.8651 -5.157846 -186.509131 2
17.8401 -4.675368 -188.871681 2
16.8624 -4.229048 -191.154672 2
15.9654 -3.825060 -193.303482 2
15.1829 -3.468184 -195.263491 2
14.5488 -3.161795 -196.980080 2
14.0972 -2.907857 -198.398627 2
13.8626 -2.706916 -199.464513 2
13.8794 -2.558095 -200.123117 2
14.1823 -2.459091 -200.319820 2
14.8058 -2.406169 -200.000000 2

10.7516 -13.168284 -22.000000 2
10.9629 -13.140874 -22.288253 2
11.1167 -13.042301 -23.196986 2
11.2163 -12.880683 -24.666291 2
11.2653 -12.663948 -26.636259 2
11.2676 -12.399833 -29.046981 2
11.2273 -12.095871 -31.838549 2
11.1488 -11.759384 -34.951054 2
11.0369 -11.397482 -38.324586 2
10.8967 -11.017045 -41.899237 2
10.7333 -10.624728 -45.615098 2
10.5524 -10.226944 -49.412260 2
10.3598 -9.829863 -53.230815 2
10.1614 -9.439403 -57.010854 2
9.9636 -9.061226 -60.692468 2
9.7729 -8.700729 -64.215747 2
9.5956 -8.362579 -67.524348 2
9.4337 -8.047497 -70.591037 2
9.2872 -7.754345 -73.402796 2
9.1562 -7.481989 -75.946701 2
9.0405 -7.229310 -78.209831 2
8.9400 -6.995204 -80.179262 2
8.8545 -6.778587 -81.842073 2
8.7840 -6.578406 -83.185391 2
8.7357 -6.399132 -84.217589 2
8.7364 -6.258743 -85.001049 2
8.8167 -6.176220 -85.606616 2
9.0081 -6.169269 -86.105131 2
9.3427 -6.254304 -86.567435 2
9.8536 -6.446421 -87.064373 2
10.5745 -6.759376 -87.666785 2
11.5375 -7.204233 -88.442289 2
12.7340 -7.765354 -89.396195 2
14.1167 -8.404983 -90.477456 2
15.6355 -9.086651 -91.632992 2
17.2390 -9.776072 -92.809726 2
18.8744 -10.441179 -93.954579 2
20.4875 -11.052158 -95.014472 2
22.0231 -11.581483 -95.936328 2
23.4355 -12.009529 -96.683666 2
24.7336 -12.346146 -97.303701 2
25.9438 -12.609239 -97.869967 2
27.0935 -12.815532 -98.456009 2
28.2106 -12.980550 -99.135370 2
29.3235 -13.118603 -99.981593 2
30.4614 -13.242769 -101.068224 2
31.6535 -13.364740 -102.468069 2
32.9059 -13.485199 -104.200373 2
34.1847 -13.588783 -106.195451 2
35.4521 -13.660112 -108.375229 2
36.6692 -13.685415 -110.661639 2
37.7969 -13.652545 -112.976608 2
38.7952 -13.550996 -115.242066 2
39.6240 -13.371913 -117.379942 2
40.2463 -13.109411 -119.317663 2
40.6676 -12.772450 -121.040988 2
40.9191 -12.377473 -122.570807 2
41.0330 -11.939654 -123.928490 2
41.0418 -11.472769 -125.135411 2
40.9788 -10.989183 -126.212943 2
40.8776 -10.499834 -127.182456 2
40.7721 -10.014228 -128.065327 2
40.6830 -9.537217 -128.893892 2
40.5876 -9.063044 -129.735334 2
40.4544 -8.585080 -130.663749 2
40.2514 -8.098035 -131.753231 2
39.9465 -7.597968 -133.077875 2
39.5074 -7.082288 -134.711777 2
38.9016 -6.549766 -136.729032 2
38.0979 -6.000756 -139.200430 2
37.1036 -5.442581 -142.105055 2
35.9688 -4.888053 -145.320598 2
34.7463 -4.348124 -148.719502 2
33.4894 -3.831507 -152.174214 2
32.2515 -3.344672 -155.557176 2
31.0863 -2.891829 -158.740834 2
30.0478 -2.474934 -161.597632 2
29.1800 -2.092959 -164.022637 2
28.4632 -1.739141 -166.055383 2
27.8527 -1.406299 -167.792224 2
27.3033 -1.089161 -169.329649 2
26.7699 -0.784376 -170.764149 2
26.2072 -0.490511 -172.192213 2
25.5697 -0.208058 -173.710331 2
24.8123 0.060567 -175.414681 2
23.9139 0.311347 -177.355730 2
22.9022 0.540513 -179.490319 2
21.8113 0.745675 -181.763829 2
20.6751 0.925870 -184.121640 2
19.5275 1.081558 -186.509131 2
18.4025 1.214622 -188.871681 2
17.3338 1.328371 -191.154672 2
16.3551 1.427530 -193.303482 2
15.4998 1.518241 -195.263491 2
14.8013 1.608057 -196.980080 2
14.2926 1.705938 -198.398627 2
14.0064 1.822243 -199.464513 2
13.9752 1.968727 -200.123117 2
14.2311 2.158530 -200.319820 2
14.8058 2.406169 -200.000000 2

14.3682 -9.085919 -22.000000 2
14.5600 -8.993004 -22.288253 2
14.6747 -8.850791 -23.196986 2
14.7180 -8.665941 -24.666291 2
14.6959 -8.444843 -26.636259 2
14.6143 -8.193609 -29.046981 2
14.4798 -7.918062 -31.838549 2
14.2989 -7.623740 -34.951054 2
14.0781 -7.315885 -38.324586 2
13.8247 -6.999437 -41.899237 2
13.5455 -6.679035 -45.615098 2
13.2479 -6.359008 -49.412260 2
12.9394 -6.043372 -53.230815 2
12.6276 -5.735826 -57.010854 2
12.3202 -5.439746 -60.692468 2
12.0252 -5.158185 -64.215747 2
11.7499 -4.893598 -67.524348 2
11.4966 -4.646002 -70.591037 2
11.2648 -4.414315 -73.402796 2
11.0543 -4.197475 -75.946701 2
10.8645 -3.994443 -78.209831 2
10.6950 -3.804210 -80.179262 2
10.5454 -3.625794 -81.842073 2
10.4151 -3.458247 -83.185391 2
10.3125 -3.303495 -84.217589 2
10.2687 -3.170104 -85.001049 2
10.3188 -3.066391 -85.606616 2
10.4981 -2.999199 -86.105131 2
10.8425 -2.973891 -86.567435 2
11.3879 -2.994341 -87.064373 2
12.1707 -3.062922 -87.666785 2
13.2251 -3.179909 -88.442289 2
14.5377 -3.333259 -89.396195 2
16.0518 -3.502119 -90.477456 2
17.7083 -3.667745 -91.632992 2
19.4476 -3.813910 -92.809726 2
21.2094 -3.926921 -93.954579 2
22.9330 -3.995630 -95.014472 2
24.5572 -4.011446 -95.936328 2
26.0325 -3.970198 -96.683666 2
27.3703 -3.878445 -97.303701 2
28.6016 -3.744754 -97.869967 2
29.7574 -3.576357 -98.456009 2
30.8693 -3.379145 -99.135370 2
31.9686 -3.157664 -99.981593 2
33.0873 -2.915109 -101.068224 2
34.2567 -2.653293 -102.468069 2
35.4827 -2.370971 -104.200373 2
36.7286 -2.064241 -106.195451 2
37.9533 -1.730568 -108.375229 2
39.1158 -1.369142 -110.661639 2
40.1750 -0.980876 -112.976608 2
41.0898 -0.568409 -115.242066 2
41.8192 -0.136109 -117.379942 2
42.3264 0.309964 -119.317663 2
42.6194 0.763003 -121.040988 2
42.7328 1.217299 -122.570807 2
42.7022 1.668639 -123.928490 2
42.5627 2.114299 -125.135411 2
42.3498 2.553048 -126.212943 2
42.0988 2.985147 -127.182456 2
41.8450 3.412348 -128.065327 2
41.6094 3.836599 -128.893892 2
41.3688 4.256170 -129.735334 2
41.0911 4.667341 -130.663749 2
40.7443 5.065036 -131.753231 2
40.2967 5.442822 -133.077875 2
39.7169 5.792920 -134.711777 2
38.9737 6.106206 -136.729032 2
38.0375 6.372455 -139.200430 2
36.9176 6.587024 -142.105055 2
35.6656 6.753656 -145.320598 2
34.3350 6.878689 -148.719502 2
32.9792 6.970696 -152.174214 2
31.6509 7.040476 -155.557176 2
30.4023 7.101044 -158.740834 2
29.2852 7.167616 -161.597632 2
28.3410 7.255114 -164.022637 2
27.5491 7.363747 -166.055383 2
26.8646 7.486130 -167.792224 2
26.2431 7.612986 -169.329649 2
25.6407 7.733175 -170.764149 2
25.0138 7.833707 -172.192213 2
24.3197 7.899753 -173.710331 2
23.5162 7.914718 -175.414681 2
22.5846 7.868077 -177.355730 2
21.5524 7.765091 -179.490319 2
20.4527 7.614238 -181.763829 2
19.3179 7.425359 -184.121640 2
18.1801 7.209639 -186.509131 2
17.0708 6.979596 -188.871681 2
16.0211 6.749065 -191.154672 2
15.0613 6.533189 -193.303482 2
14.2213 6.348398 -195.263491 2
13.5303 6.212397 -196.980080 2
13.0168 6.144145 -198.398627 2
12.7085 6.163844 -199.464513 2
12.6326 6.292914 -200.123117 2
12.8152 6.553980 -200.319820 2
13.2818 6.970848 -200.000000 2

16.5060 -4.068366 -22.000000 2
16.6585 -3.919510 -22.288253 2
16.7222 -3.748293 -23.196986 2
16.7048 -3.559238 -24.666291 2
16.6138 -3.356535 -26.636259 2
16.4569 -3.144040 -29.046981 2
16.2420 -2.925271 -31.838549 2
15.9772 -2.703407 -34.951054 2
15.6703 -2.481285 -38.324586 2
15.3297 -2.261396 -41.899237 2
14.9634 -2.045888 -45.615098 2
14.5798 -1.836558 -49.412260 2
14.1873 -1.634855 -53.230815 2
13.7941 -1.441876 -57.010854 2
13.4088 -1.258369 -60.692468 2
13.0398 -1.084725 -64.215747 2
12.6949 -0.920934 -67.524348 2
12.3762 -0.766308 -70.591037 2
12.0830 -0.619933 -73.402796 2
11.8146 -0.480926 -75.946701 2
11.5703 -0.348439 -78.209831 2
11.3493 -0.221659 -80.179262 2
11.1509 -0.099807 -81.842073 2
10.9742 0.017859 -83.185391 2
10.8279 0.132162 -84.217589 2
10.7442 0.244825 -85.001049 2
10.7588 0.359053 -85.606616 2
10.9076 0.479571 -86.105131 2
11.2262 0.612616 -86.567435 2
11.7500 0.765937 -87.064373 2
12.5143 0.948790 -87.666785 2
13.5515 1.171714 -88.442289 2
14.8451 1.441918 -89.396195 2
16.3347 1.761208 -90.477456 2
17.9585 2.128672 -91.632992 2
19.6545 2.540806 -92.809726 2
21.3615 2.991523 -93.954579 2
23.0181 3.472158 -95.014472 2
24.5637 3.971477 -95.936328 2
25.9500 4.477775 -96.683666 2
27.1899 4.988453 -97.303701 2
28.3155 5.505167 -97.869967 2
29.3585 6.030921 -98.456009 2
30.3507 6.570065 -99.135370 2
31.3233 7.128284 -99.981593 2
32.3076 7.712594 -101.068224 2
33.3339 8.331250 -102.468069 2
34.4075 8.987295 -104.200373 2
35.4921 9.672768 -106.195451 2
36.5481 10.377098 -108.375229 2
37.5364 11.088053 -110.661639 2
38.4181 11.791753 -112.976608 2
39.1552 12.472682 -115.242066 2
39.7102 13.113704 -117.379942 2
40.0500 13.697437 -119.317663 2
40.1844 14.219922 -121.040988 2
40.1482 14.686778 -122.570807 2
39.9762 15.105184 -123.928490 2
39.7028 15.483748 -125.135411 2
39.3619 15.832500 -126.212943 2
38.9870 16.162875 -127.182456 2
38.6109 16.487700 -128.065327 2
38.2531 16.815524 -128.893892 2
37.8920 17.137308 -129.735334 2
37.4984 17.439366 -130.663749 2
37.0435 17.706777 -131.753231 2
36.4993 17.923397 -133.077875 2
35.8385 18.071878 -134.711777 2
35.0343 18.133684 -136.729032 2
34.0620 18.089768 -139.200430 2
32.9318 17.938646 -142.105055 2
31.6914 17.700231 -145.320598 2
30.3898 17.397498 -148.719502 2
29.0746 17.055425 -152.174214 2
27.7925 16.700968 -155.557176 2
26.5890 16.363028 -158.740834 2
25.5083 16.072423 -161.597632 2
24.5850 15.856439 -164.022637 2
23.7995 15.708706 -166.055383 2
23.1115 15.608033 -167.792224 2
22.4818 15.531551 -169.329649 2
21.8722 15.454773 -170.764149 2
21.2458 15.351624 -172.192213 2
20.5665 15.194466 -173.710331 2
19.7996 14.954229 -175.414681 2
18.9307 14.614969 -177.355730 2
17.9843 14.190430 -179.490319 2
16.9889 13.699089 -181.763829 2
15.9723 13.160578 -184.121640 2
14.9614 12.595654 -186.509131 2
13.9821 12.026179 -188.871681 2
13.0594 11.475097 -191.154672 2
12.2174 10.966406 -193.303482 2
11.4791 10.525133 -195.263491 2
10.8668 10.177312 -196.980080 2
10.4013 9.949954 -198.398627 2
10.1026 9.871018 -199.464513 2
9.9897 9.969390 -200.123117 2
10.0802 10.274847 -200.319820 2
10.3909 10.818037 -200.000000 2

16.9449 1.367932 -22.000000 2
17.0424 1.557408 -22.288253 2
17.0486 1.740005 -23.196986 2
16.9722 1.913806 -24.666291 2
16.8217 2.077252 -26.636259 2
16.6056 2.229136 -29.046981 2
16.3325 2.368611 -31.838549 2
16.0110 2.495180 -34.951054 2
15.6496 2.608707 -38.324586 2
15.2569 2.709403 -41.899237 2
14.8412 2.797836 -45.615098 2
14.4111 2.874924 -49.412260 2
13.9748 2.941933 -53.230815 2
13.5408 3.000481 -57.010854 2
13.1172 3.052529 -60.692468 2
12.7122 3.100383 -64.215747 2
12.3332 3.146520 -67.524348 2
11.9819 3.192260 -70.591037 2
11.6574 3.238258 -73.402796 2
11.3589 3.285123 -75.946701 2
11.0852 3.333429 -78.209831 2
10.8354 3.383707 -80.179262 2
10.6086 3.436452 -81.842073 2
10.4038 3.492127 -83.185391 2
10.2288 3.554216 -84.217589 2
10.1137 3.634555 -85.001049 2
10.0914 3.747541 -85.606616 2
10.1944 3.908980 -86.105131 2
10.4545 4.136069 -86.567435 2
10.9028 4.447380 -87.064373 2
11.5698 4.862846 -87.666785 2
12.4830 5.402736 -88.442289 2
13.6245 6.068683 -89.396195 2
14.9364 6.843259 -90.477456 2
16.3602 7.705990 -91.632992 2
17.8384 8.634005 -92.809726 2
19.3148 9.602059 -93.954579 2
20.7340 10.582566 -95.014472 2
22.0419 11.545628 -95.936328 2
23.1965 12.464863 -96.683666 2
24.2109 13.341904 -97.303701 2
25.1150 14.188457 -97.869967 2
25.9378 15.017454 -98.456009 2
26.7082 15.843037 -99.135370 2
27.4540 16.680538 -99.981593 2
28.2026 17.546463 -101.068224 2
28.9802 18.458282 -102.468069 2
29.7908 19.420525 -104.200373 2
30.6025 20.414186 -106.195451 2
31.3811 21.416679 -108.375229 2
32.0934 22.403986 -110.661639 2
32.7069 23.350690 -112.976608 2
33.1904 24.229996 -115.242066 2
33.5138 25.013762 -117.379942 2
33.6513 25.675071 -119.317663 2
33.6134 26.213225 -121.040988 2
33.4312 26.644590 -122.570807 2
33.1355 26.986996 -123.928490 2
32.7563 27.259500 -125.135411 2
32.3226 27.482359 -126.212943 2
31.8623 27.677006 -127.182456 2
31.4027 27.866021 -128.065327 2
30.9595 28.063677 -128.893892 2
30.5151 28.254553 -129.735334 2
30.0461 28.416408 -130.663749 2
29.5299 28.526011 -131.753231 2
28.9452 28.559169 -133.077875 2
28.2714 28.490751 -134.711777 2
27.4890 28.294715 -136.729032 2
26.5806 27.945153 -139.200430 2
25.5564 27.443894 -142.105055 2
24.4554 26.824972 -145.320598 2
23.3166 26.125633 -148.719502 2
22.1774 25.384689 -152.174214 2
21.0736 24.642477 -155.557176 2
20.0390 23.940812 -158.740834 2
19.1059 23.322942 -161.597632 2
18.2986 22.825706 -164.022637 2
17.6002 22.436812 -166.055383 2
16.9795 22.123445 -167.792224 2
16.4064 21.851498 -169.329649 2
15.8526 21.585656 -170.764149 2
15.2911 21.289443 -172.192213 2
14.6965 20.925256 -173.710331 2
14.0452 20.454544 -175.414681 2
13.3284 19.857585 -177.355730 2
12.5651 19.155189 -179.490319 2
11.7765 18.373933 -181.763829 2
10.9828 17.541216 -184.121640 2
10.2028 16.685233 -186.509131 2
9.4542 15.834943 -188.871681 2
8.7535 15.020030 -191.154672 2
8.1159 14.270882 -193.303482 2
7.5554 13.618546 -195.263491 2
7.0847 13.094707 -196.980080 2
6.7151 12.731642 -198.398627 2
6.4569 12.562197 -199.464513 2
6.3186 12.619744 -200.123117 2
6.3078 12.938154 -200.319820 2
6.4304 13.551757 -200.000000 2

15.6397 6.663432 -22.000000 2
15.6721 6.874026 -22.288253 2
15.6202 7.049209 -23.196986 2
15.4927 7.189868 -24.666291 2
15.2982 7.297233 -26.636259 2
15.0451 7.372874 -29.046981 2
14.7419 7.418697 -31.838549 2
14.3969 7.436946 -34.951054 2
14.0182 7.430191 -38.324586 2
13.6137 7.401331 -41.899237 2
13.1914 7.353587 -45.615098 2
12.7590 7.290498 -49.412260 2
12.3240 7.215917 -53.230815 2
11.8938 7.134008 -57.010854 2
11.4755 7.049239 -60.692468 2
11.0762 6.966378 -64.215747 2
10.7021 6.890111 -67.524348 2
10.3544 6.822258 -70.591037 2
10.0321 6.763144 -73.402796 2
9.7340 6.713044 -75.946701 2
9.4591 6.672196 -78.209831 2
9.2063 6.640797 -80.179262 2
8.9744 6.619007 -81.842073 2
8.7625 6.606960 -83.185391 2
8.5769 6.610445 -84.217589 2
8.4423 6.650190 -85.001049 2
8.3853 6.750304 -85.606616 2
8.4319 6.936048 -86.105131 2
8.6067 7.233807 -86.567435 2
8.9334 7.671067 -87.064373 2
9.4345 8.276383 -87.666785 2
10.1297 9.077669 -88.442289 2
11.0016 10.070816 -89.396195 2
12.0007 11.220953 -90.477456 2
13.0780 12.490153 -91.632992 2
14.1863 13.838530 -92.809726 2
15.2801 15.224282 -93.954579 2
16.3158 16.603741 -95.014472 2
17.2514 17.931420 -95.936328 2
18.0555 19.168978 -96.683666 2
18.7400 20.322112 -97.303701 2
19.3294 21.411371 -97.869967 2
19.8474 22.458284 -98.456009 2
20.3167 23.485331 -99.135370 2
20.7590 24.515913 -99.981593 2
21.1948 25.574324 -101.068224 2
21.6436 26.685456 -102.468069 2
22.1078 27.854856 -104.200373 2
22.5631 29.054432 -106.195451 2
22.9842 30.251903 -108.375229 2
23.3471 31.413942 -110.661639 2
23.6293 32.506208 -112.976608 2
23.8095 33.493386 -115.242066 2
23.8680 34.339225 -117.379942 2
23.7891 35.010045 -119.317663 2
23.5826 35.508477 -121.040988 2
23.2732 35.859950 -122.570807 2
22.8843 36.091114 -123.928490 2
22.4384 36.229510 -125.135411 2
21.9563 36.303538 -126.212943 2
21.4581 36.342422 -127.182456 2
20.9623 36.376173 -128.065327 2
20.4794 36.423315 -128.893892 2
19.9974 36.463638 -129.735334 2
19.5012 36.468630 -130.663749 2
18.9769 36.409145 -131.753231 2
18.4118 36.255428 -133.077875 2
17.7943 35.977153 -134.711777 2
17.1143 35.543452 -136.729032 2
16.3633 34.924224 -139.200430 2
15.5506 34.124422 -142.105055 2
14.7022 33.188696 -145.320598 2
13.8435 32.164731 -148.719502 2
12.9976 31.101180 -152.174214 2
12.1855 30.047607 -155.557176 2
11.4264 29.054438 -158.740834 2
10.7370 28.172898 -161.597632 2
10.1287 27.445589 -164.022637 2
9.5894 26.855563 -166.055383 2
9.0999 26.361756 -167.792224 2
8.6424 25.922333 -169.329649 2
8.2013 25.494789 -170.764149 2
7.7624 25.036000 -172.192213 2
7.3138 24.502269 -173.710331 2
6.8450 23.849532 -175.414681 2
6.3542 23.056316 -177.355730 2
5.8526 22.148360 -179.490319 2
5.3520 21.157600 -181.763829 2
4.8629 20.116387 -184.121640 2
4.3940 19.057450 -186.509131 2
3.9532 18.013861 -188.871681 2
3.5466 17.018995 -191.154672 2
3.1791 16.106497 -193.303482 2
2.8540 15.310242 -195.263491 2
2.5734 14.664301 -196.980080 2
2.3379 14.202899 -198.398627 2
2.1465 13.960384 -199.464513 2
1.9972 13.971185 -200.123117 2
1.8860 14.269775 -200.319820 2
1.8081 14.890633 -200.000000 2

12.7247 11.273085 -22.000000 2
12.6888 11.483120 -22.288253 2
12.5841 11.632859 -23.196986 2
12.4186 11.725898 -24.666291 2
12.2001 11.766131 -26.636259 2
11.9361 11.757742 -29.046981 2
11.6340 11.705199 -31.838549 2
11.3009 11.613248 -34.951054 2
10.9438 11.486908 -38.324586 2
10.5693 11.331462 -41.899237 2
10.1839 11.152454 -45.615098 2
9.7937 10.955682 -49.412260 2
9.4047 10.747187 -53.230815 2
9.0226 10.533252 -57.010854 2
8.6527 10.320391 -60.692468 2
8.3002 10.115343 -64.215747 2
7.9694 9.924523 -67.524348 2
7.6611 9.750061 -70.591037 2
7.3741 9.591919 -73.402796 2
7.1072 9.450011 -75.946701 2
6.8594 9.324213 -78.209831 2
6.6296 9.214369 -80.179262 2
6.4166 9.120286 -81.842073 2
6.2194 9.041758 -83.185391 2
6.0422 8.986280 -84.217589 2
5.9019 8.981341 -85.001049 2
5.8162 9.058279 -85.606616 2
5.8015 9.249209 -86.105131 2
5.8730 9.586991 -86.567435 2
6.0444 10.105193 -87.064373 2
6.3281 10.838056 -87.666785 2
6.7338 11.818264 -88.442289 2
7.2463 13.036389 -89.396195 2
7.8297 14.443707 -90.477456 2
8.4497 15.988741 -91.632992 2
9.0740 17.618695 -92.809726 2
9.6727 19.279514 -93.954579 2
10.2182 20.915941 -95.014472 2
10.6853 22.471583 -95.936328 2
11.0561 23.900086 -96.683666 2
11.3402 25.210623 -97.303701 2
11.5544 26.430473 -97.869967 2
11.7142 27.587548 -98.456009 2
11.8341 28.710348 -99.135370 2
11.9272 29.827935 -99.981593 2
12.0055 30.969894 -101.068224 2
12.0793 32.165973 -102.468069 2
12.1493 33.422167 -104.200373 2
12.2013 34.704188 -106.195451 2
12.2215 35.973386 -108.375229 2
12.1978 37.190551 -110.661639 2
12.1195 38.315956 -112.976608 2
11.9779 39.309399 -115.242066 2
11.7656 40.130251 -117.379942 2
11.4782 40.741535 -119.317663 2
11.1246 41.148944 -121.040988 2
10.7198 41.384349 -122.570807 2
10.2777 41.480478 -123.928490 2
9.8109 41.470521 -125.135411 2
9.3302 41.388098 -126.212943 2
8.8453 41.267217 -127.182456 2
8.3644 41.142230 -128.065327 2
7.8913 41.034007 -128.893892 2
7.4214 40.919626 -129.735334 2
6.9492 40.767242 -130.663749 2
6.4707 40.544790 -131.753231 2
5.9833 40.220020 -133.077875 2
5.4857 39.760530 -134.711777 2
4.9780 39.133804 -136.729032 2
4.4618 38.308646 -139.200430 2
3.9442 37.292622 -142.105055 2
3.4358 36.136404 -145.320598 2
2.9455 34.893207 -148.719502 2
2.4799 33.616516 -152.174214 2
2.0433 32.360024 -155.557176 2
1.6378 31.177574 -158.740834 2
1.2630 30.123099 -161.597632 2
0.9163 29.240577 -164.022637 2
0.5916 28.510147 -166.055383 2
0.2836 27.886727 -167.792224 2
-0.0111 27.325057 -169.329649 2
-0.2942 26.779817 -170.764149 2
-0.5651 26.205675 -172.192213 2
-0.8217 25.557335 -173.710331 2
-1.0596 24.789757 -175.414681 2
-1.2740 23.881928 -177.355730 2
-1.4623 22.861864 -179.490319 2
-1.6233 21.763577 -181.763829 2
-1.7576 20.621037 -184.121640 2
-1.8670 19.468139 -186.509131 2
-1.9546 18.338665 -188.871681 2
-2.0253 17.266244 -191.154672 2
-2.0849 16.284317 -193.303482 2
-2.1411 15.426099 -195.263491 2
-2.2027 14.724540 -196.980080 2
-2.2801 14.212293 -198.398627 2
-2.3847 13.921670 -199.464513 2
-2.5299 13.884612 -200.123117 2
-2.7298 14.132648 -200.319820 2
-3.0004 14.696860 -200.000000 2

8.5000 14.722432 -22.000000 2
8.3994 14.910291 -22.288253 2
8.2527 15.019172 -23.196986 2
8.0663 15.055015 -24.666291 2
7.8463 15.023975 -26.636259 2
7.5985 14.932421 -29.046981 2
7.3286 14.786919 -31.838549 2
7.0418 14.594232 -34.951054 2
6.7431 14.361310 -38.324586 2
6.4371 14.095278 -41.899237 2
6.1282 13.803432 -45.615098 2
5.8204 13.493229 -49.412260 2
5.5175 13.172280 -53.230815 2
5.2227 12.848339 -57.010854 2
4.9392 12.529295 -60.692468 2
4.6698 12.223165 -64.215747 2
4.4165 11.937433 -67.524348 2
4.1793 11.674318 -70.591037 2
3.9571 11.433426 -73.402796 2
3.7490 11.214315 -75.946701 2
3.5537 11.016516 -78.209831 2
3.3705 10.839533 -80.179262 2
3.1982 10.682841 -81.842073 2
3.0361 10.545914 -83.185391 2
2.8856 10.437182 -84.217589 2
2.7541 10.388068 -85.001049 2
2.6484 10.433911 -85.606616 2
2.5740 10.610376 -86.105131 2
2.5349 10.953414 -86.567435 2
2.5334 11.499220 -87.064373 2
2.5704 12.284198 -87.666785 2
2.6448 13.342440 -88.442289 2
2.7452 14.660164 -89.396195 2
2.8529 16.179811 -90.477456 2
2.9517 17.841653 -91.632992 2
3.0277 19.585419 -92.809726 2
3.0697 21.350361 -93.954579 2
3.0690 23.075324 -95.014472 2
3.0194 24.698811 -95.936328 2
2.9188 26.171227 -96.683666 2
2.7732 27.504277 -97.303701 2
2.5900 28.729164 -97.869967 2
2.3752 29.877305 -98.456009 2
2.1334 30.980292 -99.135370 2
1.8679 32.069854 -99.981593 2
1.5805 33.177822 -101.068224 2
1.2718 34.335739 -102.468069 2
0.9403 35.549430 -104.200373 2
0.5837 36.781942 -106.195451 2
0.2009 37.992232 -108.375229 2
-0.2070 39.139244 -110.661639 2
-0.6376 40.181953 -112.976608 2
-1.0866 41.079409 -115.242066 2
-1.5479 41.790786 -117.379942 2
-2.0140 42.279617 -119.317663 2
-2.4785 42.554069 -121.040988 2
-2.9370 42.649177 -122.570807 2
-3.3867 42.600376 -123.928490 2
-3.8264 42.443091 -125.135411 2
-4.2562 42.212701 -126.212943 2
-4.6779 41.944496 -127.182456 2
-5.0945 41.673636 -128.065327 2
-5.5089 41.421187 -128.893892 2
-5.9185 41.163875 -129.735334 2
-6.3181 40.869799 -130.663749 2
-6.7015 40.507278 -131.753231 2
-7.0610 40.044882 -133.077875 2
-7.3875 39.451470 -134.711777 2
-7.6706 38.696227 -136.729032 2
-7.8989 37.750069 -139.200430 2
-8.0682 36.622399 -142.105055 2
-8.1843 35.364695 -145.320598 2
-8.2556 34.030225 -148.719502 2
-8.2930 32.671801 -152.174214 2
-8.3092 31.341716 -155.557176 2
-8.3195 30.091692 -158.740834 2
-8.3410 28.972816 -161.597632 2
-8.3904 28.025916 -164.022637 2
-8.4671 27.230265 -166.055383 2
-8.5618 26.541398 -167.792224 2
-8.6635 25.915292 -169.329649 2
-8.7593 25.308476 -170.764149 2
-8.8346 24.678075 -172.192213 2
-8.8726 23.981858 -173.710331 2
-8.8552 23.178443 -175.414681 2
-8.7711 22.249441 -177.355730 2
-8.6266 21.222263 -179.490319 2
-8.4316 20.129491 -181.763829 2
-8.1972 19.003222 -184.121640 2
-7.9358 17.875028 -186.509131 2
-7.6613 16.775923 -188.871681 2
-7.3887 15.736328 -191.154672 2
-7.1343 14.786039 -193.303482 2
-6.9159 13.954191 -195.263491 2
-6.7522 13.269226 -196.980080 2
-6.6633 12.758856 -198.398627 2
-6.6706 12.450039 -199.464513 2
-6.7965 12.368936 -200.123117 2
-7.0647 12.540889 -200.319820 2
-7.5000 12.990381 -200.000000 2

3.4004 16.656441 -22.000000 2
3.2456 16.802788 -22.288253 2
3.0719 16.859605 -23.196986 2
2.8837 16.834562 -24.666291 2
2.6848 16.735445 -26.636259 2
2.4788 16.570148 -29.046981 2
2.2689 16.346663 -31.838549 2
2.0579 16.073074 -34.951054 2
1.8483 15.757544 -38.324586 2
1.6423 15.408308 -41.899237 2
1.4417 15.033662 -45.615098 2
1.2480 14.641958 -49.412260 2
1.0623 14.241588 -53.230815 2
0.8853 13.840983 -57.010854 2
0.7174 13.448594 -60.692468 2
0.5588 13.072893 -64.215747 2
0.4090 12.721657 -67.524348 2
0.2673 12.396971 -70.591037 2
0.1329 12.098123 -73.402796 2
0.0048 11.824362 -75.946701 2
-0.1177 11.574921 -78.209831 2
-0.2355 11.349015 -80.179262 2
-0.3493 11.145842 -81.842073 2
-0.4597 10.964609 -83.185391 2
-0.5681 10.813816 -84.217589 2
-0.6772 10.725581 -85.001049 2
-0.7920 10.735611 -85.606616 2
-0.9184 10.879448 -86.105131 2
-1.0642 11.192433 -86.567435 2
-1.2384 11.709666 -87.064373 2
-1.4519 12.465964 -87.666785 2
-1.7164 13.493316 -88.442289 2
-2.0385 14.775011 -89.396195 2
-2.4175 16.250575 -90.477456 2
-2.8501 17.858176 -91.632992 2
-3.3302 19.536272 -92.809726 2
-3.8492 21.223677 -93.954579 2
-4.3962 22.859630 -95.014472 2
-4.9573 24.383861 -95.936328 2
-5.5190 25.748639 -96.683666 2
-6.0792 26.966996 -97.303701 2
-6.6409 28.070844 -97.869967 2
-7.2082 29.091876 -98.456009 2
-7.7868 30.061523 -99.135370 2
-8.3838 31.010916 -99.981593 2
-9.0072 31.970853 -101.068224 2
-9.6667 32.971426 -102.468069 2
-10.3655 34.017694 -104.200373 2
-11.0940 35.073837 -106.195451 2
-11.8403 36.100647 -108.375229 2
-12.5905 37.059448 -110.661639 2
-13.3291 37.912137 -112.976608 2
-14.0392 38.621233 -115.242066 2
-14.7020 39.149916 -117.379942 2
-15.2990 39.465980 -119.317663 2
-15.8265 39.579226 -121.040988 2
-16.2915 39.524248 -122.570807 2
-16.7026 39.335540 -123.928490 2
-17.0699 39.047116 -125.135411 2
-17.4046 38.692472 -126.212943 2
-17.7196 38.304550 -127.182456 2
-18.0290 37.915695 -128.065327 2
-18.3422 37.545004 -128.893892 2
-18.6492 37.171245 -129.735334 2
-18.9351 36.765745 -130.663749 2
-19.1840 36.300468 -131.753231 2
-19.3785 35.748039 -133.077875 2
-19.5003 35.081785 -134.711777 2
-19.5297 34.275758 -136.729032 2
-19.4466 33.305986 -139.200430 2
-19.2501 32.182739 -142.105055 2
-18.9620 30.953000 -145.320598 2
-18.6071 29.664611 -148.719502 2
-18.2123 28.364272 -152.174214 2
-17.8065 27.097497 -155.557176 2
-17.4204 25.908559 -158.740834 2
-17.0865 24.840445 -161.597632 2
-16.8335 23.926629 -164.022637 2
-16.6543 23.147650 -166.055383 2
-16.5260 22.464239 -167.792224 2
-16.4242 21.838141 -169.329649 2
-16.3229 21.232207 -170.764149 2
-16.1947 20.610432 -172.192213 2
-16.0103 19.937998 -173.710331 2
-15.7394 19.181439 -175.414681 2
-15.3654 18.326884 -177.355730 2
-14.9031 17.398315 -179.490319 2
-14.3721 16.423535 -181.763829 2
-13.7930 15.429461 -184.121640 2
-13.1879 14.442092 -186.509131 2
-12.5794 13.486483 -188.871681 2
-11.9916 12.586717 -191.154672 2
-11.4495 11.765877 -193.303482 2
-10.9788 11.046019 -195.263491 2
-10.6066 10.448148 -196.980080 2
-10.3607 9.992187 -198.398627 2
-10.2698 9.696961 -199.464513 2
-10.3635 9.580161 -200.123117 2
-10.6724 9.658332 -200.319820 2
-11.2277 9.946840 -200.000000 2

-2.0491 16.876051 -22.000000 2
-2.2424 16.965822 -22.288253 2
-2.4251 16.964727 -23.196986 2
-2.5957 16.881377 -24.666291 2
-2.7529 16.724384 -26.636259 2
-2.8960 16.502358 -29.046981 2
-3.0243 16.223893 -31.838549 2
-3.1379 15.897561 -34.951054 2
-3.2367 15.531899 -38.324586 2
-3.3215 15.135405 -41.899237 2
-3.3932 14.716521 -45.615098 2
-3.4529 14.283632 -49.412260 2
-3.5023 13.845051 -53.230815 2
-3.5433 13.409015 -57.010854 2
-3.5782 12.983669 -60.692468 2
-3.6097 12.577065 -64.215747 2
-3.6406 12.196477 -67.524348 2
-3.6721 11.843640 -70.591037 2
-3.7050 11.517595 -73.402796 2
-3.7398 11.217362 -75.946701 2
-3.7771 10.941953 -78.209831 2
-3.8173 10.690376 -80.179262 2
-3.8608 10.461634 -81.842073 2
-3.9082 10.254749 -83.185391 2
-3.9632 10.077415 -84.217589 2
-4.0388 9.959141 -85.001049 2
-4.1508 9.932325 -85.606616 2
-4.3163 10.028729 -86.105131 2
-4.5537 10.279448 -86.567435 2
-4.8828 10.714870 -87.064373 2
-5.3248 11.364644 -87.666785 2
-5.9010 12.255365 -88.442289 2
-6.6124 13.369108 -89.396195 2
-7.4391 14.648713 -90.477456 2
-8.3585 16.036608 -91.632992 2
-9.3453 17.476313 -92.809726 2
-10.3720 18.912501 -93.954579 2
-11.4089 20.291060 -95.014472 2
-12.4238 21.559151 -95.936328 2
-13.3888 22.675818 -96.683666 2
-14.3060 23.654079 -97.303701 2
-15.1882 24.523273 -97.869967 2
-16.0497 25.312105 -98.456009 2
-16.9056 26.048609 -99.135370 2
-17.7725 26.760113 -99.981593 2
-18.6678 27.473216 -101.068224 2
-19.6102 28.213460 -102.468069 2
-20.6043 28.984614 -104.200373 2
-21.6299 29.755683 -106.195451 2
-22.6629 30.493327 -108.375229 2
-23.6781 31.165229 -110.661639 2
-24.6487 31.740135 -112.976608 2
-25.5468 32.187886 -115.242066 2
-26.3429 32.479458 -117.379942 2
-27.0093 32.590223 -119.317663 2
-27.5454 32.530607 -121.040988 2
-27.9691 32.331201 -122.570807 2
-28.2993 32.022010 -123.928490 2
-28.5564 31.632134 -125.135411 2
-28.7616 31.189739 -126.212943 2
-28.9375 30.722027 -127.182456 2
-29.1079 30.255201 -128.065327 2
-29.2875 29.804422 -128.893892 2
-29.4604 29.352686 -129.735334 2
-29.6032 28.877500 -130.663749 2
-29.6919 28.357355 -131.753231 2
-29.7015 27.771754 -133.077875 2
-29.6060 27.101232 -134.711777 2
-29.3786 26.327385 -136.729032 2
-28.9928 25.433814 -139.200430 2
-28.4507 24.430602 -142.105055 2
-27.7879 23.355403 -145.320598 2
-27.0433 22.245704 -148.719502 2
-26.2571 21.137290 -152.174214 2
-25.4710 20.064210 -155.557176 2
-24.7283 19.058733 -158.740834 2
-24.0733 18.151318 -161.597632 2
-23.5440 17.364643 -164.022637 2
-23.1273 16.682514 -166.055383 2
-22.7892 16.074900 -167.792224 2
-22.4944 15.513253 -169.329649 2
-22.2065 14.970567 -170.764149 2
-21.8879 14.421416 -172.192213 2
-21.5001 13.841977 -173.710331 2
-21.0035 13.210145 -175.414681 2
-20.3782 12.517993 -177.355730 2
-19.6456 11.783608 -179.490319 2
-18.8332 11.027152 -181.763829 2
-17.9692 10.267590 -184.121640 2
-17.0825 9.522673 -186.509131 2
-16.2028 8.808919 -188.871681 2
-15.3603 8.141592 -191.154672 2
-14.5861 7.534687 -193.303482 2
-13.9117 7.000912 -195.263491 2
-13.3694 6.551672 -196.980080 2
-12.9917 6.197051 -198.398627 2
-12.8120 5.945802 -199.464513 2
-12.8639 5.805328 -200.123117 2
-13.1816 5.781671 -200.319820 2
-13.7997 5.879499 -200.000000 2

-7.2878 15.358657 -22.000000 2
-7.4995 15.382613 -22.288253 2
-7.6725 15.323719 -23.196986 2
-7.8079 15.190640 -24.666291 2
-7.9073 14.991930 -26.636259 2
-7.9727 14.736027 -29.046981 2
-8.0063 14.431244 -31.838549 2
-8.0106 14.085757 -34.951054 2
-7.9886 13.707601 -38.324586 2
-7.9435 13.304658 -41.899237 2
-7.8788 12.884650 -45.615098 2
-7.7983 12.455132 -49.412260 2
-7.7063 12.023483 -53.230815 2
-7.6071 11.596895 -57.010854 2
-7.5056 11.182372 -60.692468 2
-7.4067 10.786716 -64.215747 2
-7.3155 10.415950 -67.524348 2
-7.2337 10.071277 -70.591037 2
-7.1616 9.751594 -73.402796 2
-7.0995 9.455791 -75.946701 2
-7.0477 9.182761 -78.209831 2
-7.0061 8.931407 -80.179262 2
-6.9750 8.700640 -81.842073 2
-6.9544 8.489397 -83.185391 2
-6.9504 8.303774 -84.217589 2
-6.9847 8.167636 -85.001049 2
-7.0825 8.106734 -85.606616 2
-7.2699 8.145782 -86.105131 2
-7.5745 8.308428 -86.567435 2
-8.0246 8.617223 -87.064373 2
-8.6496 9.093594 -87.666785 2
-9.4782 9.756004 -88.442289 2
-10.5056 10.587162 -89.396195 2
-11.6951 11.539102 -90.477456 2
-13.0066 12.564439 -91.632992 2
-14.3985 13.617568 -92.809726 2
-15.8272 14.654716 -93.954579 2
-17.2472 15.633990 -95.014472 2
-18.6115 16.515420 -95.936328 2
-19.8805 17.269040 -96.683666 2
-21.0602 17.906516 -97.303701 2
-22.1723 18.451593 -97.869967 2
-23.2392 18.927032 -98.456009 2
-24.2844 19.354586 -99.135370 2
-25.3319 19.754969 -99.981593 2
-26.4070 20.147840 -101.068224 2
-27.5353 20.551563 -102.468069 2
-28.7225 20.968231 -104.200373 2
-29.9394 21.374863 -106.195451 2
-31.1528 21.747417 -108.375229 2
-32.3286 22.063263 -110.661639 2
-33.4313 22.301212 -112.976608 2
-34.4249 22.441532 -115.242066 2
-35.2724 22.465983 -117.379942 2
-35.9395 22.360049 -119.317663 2
-36.4293 22.133707 -121.040988 2
-36.7680 21.810398 -122.570807 2
-36.9833 21.412547 -123.928490 2
-37.1036 20.961348 -125.135411 2
-37.1582 20.476736 -126.212943 2
-37.1770 19.977374 -127.182456 2
-37.1907 19.480626 -128.065327 2
-37.2184 18.996156 -128.893892 2
-37.2393 18.512939 -129.735334 2
-37.2243 18.016976 -130.663749 2
-37.1437 17.495502 -131.753231 2
-36.9674 16.937002 -133.077875 2
-36.6645 16.331228 -134.711777 2
-36.2037 15.669209 -136.729032 2
-35.5548 14.943813 -139.200430 2
-34.7229 14.163893 -142.105055 2
-33.7538 13.353901 -145.320598 2
-32.6961 12.537110 -148.719502 2
-31.5993 11.734708 -152.174214 2
-30.5139 10.965771 -155.557176 2
-29.4910 10.247247 -158.740834 2
-28.5824 9.593929 -161.597632 2
-27.8312 9.015364 -164.022637 2
-27.2199 8.500295 -166.055383 2
-26.7068 8.031019 -167.792224 2
-26.2493 7.591630 -169.329649 2
-25.8043 7.168050 -170.764149 2
-25.3283 6.748046 -172.192213 2
-24.7769 6.321241 -173.710331 2
-24.1058 5.879169 -175.414681 2
-23.2935 5.420661 -177.355730 2
-22.3661 4.956049 -179.490319 2
-21.3559 4.495776 -181.763829 2
-20.2959 4.048906 -184.121640 2
-19.2189 3.623113 -186.509131 2
-18.1584 3.224678 -188.871681 2
-17.1480 2.858476 -191.154672 2
-16.2214 2.527974 -193.303482 2
-15.4127 2.235222 -195.263491 2
-14.7560 1.980852 -196.980080 2
-14.2855 1.764071 -198.398627 2
-14.0355 1.582660 -199.464513 2
-14.0403 1.432969 -200.123117 2
-14.3341 1.309919 -200.319820 2
-14.9514 1.206999 -200.000000 2

-11.7763 12.260442 -22.000000 2
-11.9847 12.216117 -22.288253 2
-12.1301 12.105485 -23.196986 2
-12.2164 11.936374 -24.666291 2
-12.2478 11.716400 -26.636259 2
-12.2288 11.452960 -29.046981 2
-12.1642 11.153229 -31.838549 2
-12.0589 10.824148 -34.951054 2
-11.9183 10.472419 -38.324586 2
-11.7479 10.104501 -41.899237 2
-11.5535 9.726600 -45.615098 2
-11.3412 9.344662 -49.412260 2
-11.1172 8.964372 -53.230815 2
-10.8880 8.591141 -57.010854 2
-10.6604 8.230106 -60.692468 2
-10.4414 7.886121 -64.215747 2
-10.2374 7.563338 -67.524348 2
-10.0506 7.262306 -70.591037 2
-9.8811 6.981890 -73.402796 2
-9.7285 6.720962 -75.946701 2
-9.5929 6.478413 -78.209831 2
-9.4738 6.253154 -80.179262 2
-9.3713 6.044114 -81.842073 2
-9.2849 5.850256 -83.185391 2
-9.2223 5.675450 -84.217589 2
-9.2117 5.535459 -85.001049 2
-9.2851 5.446739 -85.606616 2
-9.4753 5.424413 -86.105131 2
-9.8157 5.482246 -86.567435 2
-10.3404 5.632630 -87.064373 2
-11.0841 5.886567 -87.666785 2
-12.0798 6.252485 -88.442289 2
-13.3176 6.715509 -89.396195 2
-14.7473 7.241804 -90.477456 2
-16.3160 7.799047 -91.632992 2
-17.9698 8.357205 -92.809726 2
-19.6534 8.888564 -93.954579 2
-21.3104 9.367758 -95.014472 2
-22.8836 9.771804 -95.936328 2
-24.3259 10.084810 -96.683666 2
-25.6468 10.315887 -97.303701 2
-26.8743 10.480743 -97.869967 2
-28.0369 10.593854 -98.456009 2
-29.1636 10.668452 -99.135370 2
-30.2840 10.716503 -99.981593 2
-31.4282 10.748705 -101.068224 2
-32.6263 10.774354 -102.468069 2
-33.8843 10.793649 -104.200373 2
-35.1673 10.793989 -106.195451 2
-36.4363 10.763107 -108.375229 2
-37.6515 10.690390 -110.661639 2
-38.7729 10.566889 -112.976608 2
-39.7598 10.385336 -115.242066 2
-40.5715 10.140149 -117.379942 2
-41.1707 9.828419 -119.317663 2
-41.5635 9.458648 -121.040988 2
-41.7824 9.044713 -122.570807 2
-41.8607 8.599153 -123.928490 2
-41.8319 8.133070 -125.135411 2
-41.7302 7.656121 -126.212943 2
-41.5899 7.176507 -127.182456 2
-41.4457 6.700967 -128.065327 2
-41.3185 6.232671 -128.893892 2
-41.1853 5.767710 -129.735334 2
-41.0140 5.302017 -130.663749 2
-40.7725 4.832887 -131.753231 2
-40.4283 4.358974 -133.077875 2
-39.9492 3.880298 -134.711777 2
-39.3025 3.398248 -136.729032 2
-38.4572 2.915689 -139.200430 2
-37.4212 2.439336 -142.105055 2
-36.2454 1.977920 -145.320598 2
-34.9835 1.538108 -148.719502 2
-33.6891 1.124306 -152.174214 2
-32.4161 0.738658 -155.557176 2
-31.2182 0.381041 -158.740834 2
-30.1495 0.049064 -161.597632 2
-29.2538 -0.261840 -164.022637 2
-28.5108 -0.556835 -166.055383 2
-27.8755 -0.839472 -167.792224 2
-27.3024 -1.111377 -169.329649 2
-26.7463 -1.372253 -170.764149 2
-26.1617 -1.619881 -172.192213 2
-25.5035 -1.850122 -173.710331 2
-24.7270 -2.056933 -175.414681 2
-23.8113 -2.234603 -177.355730 2
-22.7844 -2.381622 -179.490319 2
-21.6806 -2.498337 -181.763829 2
-20.5335 -2.586521 -184.121640 2
-19.3772 -2.649364 -186.509131 2
-18.2451 -2.691470 -188.871681 2
-17.1707 -2.718854 -191.154672 2
-16.1872 -2.738937 -193.303482 2
-15.3274 -2.760534 -195.263491 2
-14.6239 -2.793852 -196.980080 2
-14.1090 -2.850480 -198.398627 2
-13.8144 -2.943382 -199.464513 2
-13.7715 -3.086881 -200.123117 2
-14.0113 -3.296659 -200.319820 2
-14.5641 -3.589735 -200.000000 2

-15.0528 7.900294 -22.000000 2
-15.2364 7.792250 -22.288253 2
-15.3393 7.641268 -23.196986 2
-15.3676 7.453532 -24.666291 2
-15.3277 7.234934 -26.636259 2
-15.2263 6.991073 -29.046981 2
-15.0700 6.727244 -31.838549 2
-14.8659 6.448439 -34.951054 2
-14.6212 6.159341 -38.324586 2
-14.3430 5.864318 -41.899237 2
-14.0390 5.567419 -45.615098 2
-13.7167 5.272373 -49.412260 2
-13.3838 4.982584 -53.230815 2
-13.0482 4.701125 -57.010854 2
-12.7180 4.430739 -60.692468 2
-12.4013 4.173831 -64.215747 2
-12.1056 3.932255 -67.524348 2
-11.8331 3.705848 -70.591037 2
-11.5835 3.493560 -73.402796 2
-11.3562 3.294365 -75.946701 2
-11.1507 3.107262 -78.209831 2
-10.9665 2.931282 -80.179262 2
-10.8030 2.765484 -81.842073 2
-10.6596 2.608965 -83.185391 2
-10.5449 2.462969 -84.217589 2
-10.4905 2.333533 -85.001049 2
-10.5321 2.226128 -85.606616 2
-10.7054 2.144725 -86.105131 2
-11.0466 2.091792 -86.567435 2
-11.5919 2.068287 -87.064373 2
-12.3777 2.073652 -87.666785 2
-13.4381 2.105417 -88.442289 2
-14.7588 2.152649 -89.396195 2
-16.2816 2.199128 -90.477456 2
-17.9460 2.230923 -91.632992 2
-19.6915 2.236660 -92.809726 2
-21.4567 2.207537 -93.954579 2
-23.1802 2.137330 -95.014472 2
-24.8004 2.022404 -95.936328 2
-26.2675 1.862580 -96.683666 2
-27.5936 1.663474 -97.303701 2
-28.8102 1.431141 -97.869967 2
-29.9487 1.170282 -98.456009 2
-31.0411 0.884244 -99.135370 2
-32.1191 0.575019 -99.981593 2
-33.2146 0.243237 -101.068224 2
-34.3591 -0.111829 -102.468069 2
-35.5585 -0.491892 -104.200373 2
-36.7756 -0.897878 -106.195451 2
-37.9695 -1.329018 -108.375229 2
-39.0992 -1.782815 -110.661639 2
-40.1237 -2.255053 -112.976608 2
-41.0023 -2.739793 -115.242066 2
-41.6946 -3.229381 -117.379942 2
-42.1642 -3.714822 -119.317663 2
-42.4198 -4.189962 -121.040988 2
-42.4963 -4.651918 -122.570807 2
-42.4295 -5.099327 -123.928490 2
-42.2546 -5.532321 -125.135411 2
-42.0071 -5.952516 -126.212943 2
-41.7221 -6.363016 -127.182456 2
-41.4347 -6.768404 -128.065327 2
-41.1658 -7.172325 -128.893892 2
-40.8922 -7.571174 -129.735334 2
-40.5822 -7.958663 -130.663749 2
-40.2046 -8.327163 -131.753231 2
-39.7281 -8.667711 -133.077875 2
-39.1220 -8.970021 -134.711777 2
-38.3560 -9.222486 -136.729032 2
-37.4014 -9.412539 -139.200430 2
-36.2678 -9.536294 -142.105055 2
-35.0065 -9.601642 -145.320598 2
-33.6702 -9.619207 -148.719502 2
-32.3114 -9.601817 -152.174214 2
-30.9817 -9.564483 -155.557176 2
-29.7323 -9.524385 -158.740834 2
-28.6135 -9.500851 -161.597632 2
-27.6653 -9.512094 -164.022637 2
-26.8672 -9.556652 -166.055383 2
-26.1751 -9.623559 -167.792224 2
-25.5454 -9.699993 -169.329649 2
-24.9352 -9.771315 -170.764149 2
-24.3023 -9.821079 -172.192213 2
-23.6051 -9.831057 -173.710331 2
-22.8031 -9.781321 -175.414681 2
-21.8782 -9.659867 -177.355730 2
-20.8577 -9.474159 -179.490319 2
-19.7737 -9.235304 -181.763829 2
-18.6577 -8.955725 -184.121640 2
-17.5410 -8.649149 -186.509131 2
-16.4538 -8.330592 -188.871681 2
-15.4261 -8.016341 -191.154672 2
-14.4868 -7.723937 -193.303482 2
-13.6644 -7.472155 -195.263491 2
-12.9866 -7.280992 -196.980080 2
-12.4802 -7.171640 -198.398627 2
-12.1713 -7.166469 -199.464513 2
-12.0852 -7.289008 -200.123117 2
-12.2463 -7.563921 -200.319820 2
-12.6779 -8.016987 -200.000000 2

-16.7799 2.726992 -22.000000 2
-16.9198 2.566350 -22.288253 2
-16.9696 2.390558 -23.196986 2
-16.9370 2.203519 -24.666291 2
-16.8300 2.008798 -26.636259 2
-16.6565 1.809614 -29.046981 2
-16.4248 1.608843 -31.838549 2
-16.1429 1.409012 -34.951054 2
-15.8192 1.212300 -38.324586 2
-15.4619 1.020537 -41.899237 2
-15.0795 0.835199 -45.615098 2
-14.6803 0.657414 -49.412260 2
-14.2728 0.487953 -53.230815 2
-13.8654 0.327236 -57.010854 2
-13.4666 0.175328 -60.692468 2
-13.0848 0.031940 -64.215747 2
-12.7278 -0.103565 -67.524348 2
-12.3977 -0.232043 -70.591037 2
-12.0937 -0.354352 -73.402796 2
-11.8150 -0.471312 -75.946701 2
-11.5608 -0.583711 -78.209831 2
-11.3303 -0.692299 -80.179262 2
-11.1227 -0.797788 -81.842073 2
-10.9372 -0.900859 -83.185391 2
-10.7822 -1.003019 -84.217589 2
-10.6896 -1.108576 -85.001049 2
-10.6950 -1.223612 -85.606616 2
-10.8336 -1.355713 -86.105131 2
-11.1405 -1.513964 -86.567435 2
-11.6503 -1.708939 -87.064373 2
-12.3974 -1.952698 -87.666785 2
-13.4133 -2.258356 -88.442289 2
-14.6809 -2.631778 -89.396195 2
-16.1401 -3.069897 -90.477456 2
-17.7289 -3.566824 -91.632992 2
-19.3863 -4.114099 -92.809726 2
-21.0515 -4.700706 -93.954579 2
-22.6641 -5.313087 -95.014472 2
-24.1645 -5.935156 -95.936328 2
-25.5055 -6.551361 -96.683666 2
-26.7003 -7.160156 -97.303701 2
-27.7807 -7.765765 -97.869967 2
-28.7780 -8.373745 -98.456009 2
-29.7236 -8.990976 -99.135370 2
-30.6482 -9.625651 -99.981593 2
-31.5822 -10.287267 -101.068224 2
-32.5554 -10.986501 -102.468069 2
-33.5727 -11.726804 -104.200373 2
-34.5987 -12.497330 -106.195451 2
-35.5946 -13.284351 -108.375229 2
-36.5224 -14.072520 -110.661639 2
-37.3447 -14.844888 -112.976608 2
-38.0246 -15.582922 -115.242066 2
-38.5262 -16.266521 -117.379942 2
-38.8179 -16.875706 -119.317663 2
-38.9099 -17.407311 -121.040988 2
-38.8362 -17.869740 -122.570807 2
-38.6311 -18.272949 -123.928490 2
-38.3281 -18.628286 -125.135411 2
-37.9603 -18.948478 -126.212943 2
-37.5600 -19.247613 -127.182456 2
-37.1590 -19.541122 -128.065327 2
-36.7760 -19.839094 -128.893892 2
-36.3902 -20.130778 -129.735334 2
-35.9735 -20.400181 -130.663749 2
-35.4986 -20.630122 -131.753231 2
-34.9388 -20.802254 -133.077875 2
-34.2681 -20.897080 -134.711777 2
-33.4616 -20.893976 -136.729032 2
-32.4959 -20.771962 -139.200430 2
-31.3815 -20.530382 -142.105055 2
-30.1644 -20.192934 -145.320598 2
-28.8913 -19.786445 -148.719502 2
-27.6079 -19.339653 -152.174214 2
-26.3585 -18.883180 -155.557176 2
-25.1861 -18.449493 -158.740834 2
-24.1323 -18.072871 -161.597632 2
-23.2294 -17.783295 -164.022637 2
-22.4583 -17.572829 -166.055383 2
-21.7806 -17.417120 -167.792224 2
-21.1591 -17.290217 -169.329649 2
-20.5577 -17.164643 -170.764149 2
-19.9416 -17.011421 -172.192213 2
-19.2772 -16.800110 -173.710331 2
-18.5321 -16.498946 -175.414681 2
-17.6933 -16.090868 -177.355730 2
-16.7841 -15.591549 -179.490319 2
-15.8315 -15.021707 -181.763829 2
-14.8616 -14.403141 -184.121640 2
-13.8994 -13.758702 -186.509131 2
-12.9690 -13.112271 -188.871681 2
-12.0937 -12.488729 -191.154672 2
-11.2953 -11.913934 -193.303482 2
-10.5950 -11.414690 -195.263491 2
-10.0126 -11.018721 -196.980080 2
-9.5669 -10.754643 -198.398627 2
-9.2756 -10.651932 -199.464513 2
-9.1551 -10.740898 -200.123117 2
-9.2208 -11.052651 -200.319820 2
-9.4867 -11.619074 -200.000000 2

