-16.7799 -2.726992 -22.000000 2
-16.8618 -2.923697 -22.288253 2
-16.8533 -3.106206 -23.196986 2
-16.7632 -3.273295 -24.666291 2
-16.6000 -3.424098 -26.636259 2
-16.3724 -3.558102 -29.046981 2
-16.0890 -3.675151 -31.838549 2
-15.7583 -3.775441 -34.951054 2
-15.3890 -3.859520 -38.324586 2
-14.9894 -3.928285 -41.899237 2
-14.5680 -3.982985 -45.615098 2
-14.1330 -4.025211 -49.412260 2
-13.6928 -4.056901 -53.230815 2
-13.2555 -4.080334 -57.010854 2
-12.8291 -4.098128 -60.692468 2
-12.4215 -4.113238 -64.215747 2
-12.0400 -4.128725 -67.524348 2
-11.6862 -4.146051 -70.591037 2
-11.3591 -4.165791 -73.402796 2
-11.0577 -4.188479 -75.946701 2
-10.7810 -4.214605 -78.209831 2
-10.5280 -4.244623 -80.179262 2
-10.2977 -4.278947 -81.842073 2
-10.0891 -4.317961 -83.185391 2
-9.9097 -4.365769 -84.217589 2
-9.7884 -4.436583 -85.001049 2
-9.7571 -4.547409 -85.606616 2
-9.8468 -4.716612 -86.105131 2
-10.0878 -4.963892 -86.567435 2
-10.5096 -5.310269 -87.064373 2
-11.1410 -5.778062 -87.666785 2
-12.0078 -6.389683 -88.442289 2
-13.0920 -7.145323 -89.396195 2
-14.3373 -8.022948 -90.477456 2
-15.6870 -8.997448 -91.632992 2
-17.0858 -10.041405 -92.809726 2
-18.4795 -11.125118 -93.954579 2
-19.8152 -12.216643 -95.014472 2
-21.0414 -13.281827 -95.936328 2
-22.1183 -14.290989 -96.683666 2
-23.0589 -15.246812 -97.303701 2
-23.8918 -16.163363 -97.869967 2
-24.6453 -17.055886 -98.456009 2
-25.3468 -17.940781 -99.135370 2
-26.0228 -18.835580 -99.981593 2
-26.6993 -19.758932 -101.068224 2
-27.4010 -20.730365 -102.468069 2
-28.1315 -21.754710 -104.200373 2
-28.8606 -22.810468 -106.195451 2
-29.5561 -23.872364 -108.375229 2
-30.1865 -24.913781 -110.661639 2
-30.7219 -25.906783 -112.976608 2
-31.1331 -26.822147 -115.242066 2
-31.3924 -27.629394 -117.379942 2
-31.4762 -28.299623 -119.317663 2
-31.3951 -28.832976 -121.040988 2
-31.1788 -29.248282 -122.570807 2
-30.8565 -29.565788 -123.928490 2
-30.4566 -29.806895 -125.135411 2
-30.0063 -29.994127 -126.212943 2
-29.5319 -30.151108 -127.182456 2
-29.0586 -30.302529 -128.065327 2
-28.6010 -30.463883 -128.893892 2
-28.1426 -30.618380 -129.735334 2
-27.6621 -30.741967 -130.663749 2
-27.1388 -30.809682 -131.753231 2
-26.5533 -30.795680 -133.077875 2
-25.8871 -30.673264 -134.711777 2
-25.1231 -30.414909 -136.729032 2
-24.2458 -29.993386 -139.200430 2
-23.2652 -29.411337 -142.105055 2
-22.2176 -28.705827 -145.320598 2
-21.1387 -27.917121 -148.719502 2
-20.0629 -27.086914 -152.174214 2
-19.0223 -26.258285 -155.557176 2
-18.0476 -25.475648 -158.740834 2
-17.1673 -24.784702 -161.597632 2
-16.4025 -24.224113 -164.022637 2
-15.7377 -23.780287 -166.055383 2
-15.1442 -23.417987 -167.792224 2
-14.5949 -23.100809 -169.329649 2
-14.0643 -22.791264 -170.764149 2
-13.5284 -22.450826 -172.192213 2
-12.9650 -22.039976 -173.710331 2
-12.3537 -21.518382 -175.414681 2
-11.6873 -20.865682 -177.355730 2
-10.9830 -20.104145 -179.490319 2
-10.2599 -19.261970 -181.763829 2
-9.5357 -18.368084 -184.121640 2
-8.8271 -17.452112 -186.509131 2
-8.1494 -16.544341 -188.871681 2
-7.5165 -15.675688 -191.154672 2
-6.9413 -14.877664 -193.303482 2
-6.4351 -14.182343 -195.263491 2
-6.0080 -13.622325 -196.980080 2
-5.6689 -13.230702 -198.398627 2
-5.4251 -13.041023 -199.464513 2
-5.2826 -13.087258 -200.123117 2
-5.2462 -13.403763 -200.319820 2
-5.3191 -14.025244 -200.000000 2

-15.0528 -7.900294 -22.000000 2
-15.0682 -8.112817 -22.288253 2
-15.0024 -8.283257 -23.196986 2
-14.8639 -8.413199 -24.666291 2
-14.6614 -8.504561 -26.636259 2
-14.4030 -8.559594 -29.046981 2
-14.0972 -8.580873 -31.838549 2
-13.7518 -8.571299 -34.951054 2
-13.3748 -8.534090 -38.324586 2
-12.9740 -8.472780 -41.899237 2
-12.5570 -8.391212 -45.615098 2
-12.1310 -8.293533 -49.412260 2
-11.7034 -8.184191 -53.230815 2
-11.2812 -8.067928 -57.010854 2
-10.8711 -7.949776 -60.692468 2
-10.4797 -7.835052 -64.215747 2
-10.1129 -7.728927 -67.524348 2
-9.7718 -7.633317 -70.591037 2
-9.4553 -7.548458 -73.402796 2
-9.1623 -7.474537 -75.946701 2
-8.8915 -7.411701 -78.209831 2
-8.6421 -7.360060 -80.179262 2
-8.4127 -7.319686 -81.842073 2
-8.2025 -7.290627 -83.185391 2
-8.0172 -7.279164 -84.217589 2
-7.8798 -7.307945 -85.001049 2
-7.8150 -7.403155 -85.606616 2
-7.8464 -7.592043 -86.105131 2
-7.9967 -7.902901 -86.567435 2
-8.2871 -8.365028 -87.064373 2
-8.7379 -9.008707 -87.666785 2
-9.3664 -9.863339 -88.442289 2
-10.1556 -10.923420 -89.396195 2
-11.0588 -12.150219 -90.477456 2
-12.0305 -13.501991 -91.632992 2
-13.0268 -14.935178 -92.809726 2
-14.0055 -16.404454 -93.954579 2
-14.9268 -17.862776 -95.014472 2
-15.7526 -19.261438 -95.936328 2
-16.4545 -20.559687 -96.683666 2
-17.0440 -21.764157 -97.303701 2
-17.5438 -22.897312 -97.869967 2
-17.9759 -23.982514 -98.456009 2
-18.3611 -25.043993 -99.135370 2
-18.7189 -26.106817 -99.981593 2
-19.0682 -27.196868 -101.068224 2
-19.4262 -28.340512 -102.468069 2
-19.7947 -29.543467 -104.200373 2
-20.1520 -30.775789 -106.195451 2
-20.4754 -32.003263 -108.375229 2
-20.7436 -33.190738 -110.661639 2
-20.9370 -34.302166 -112.976608 2
-21.0372 -35.300645 -115.242066 2
-21.0275 -36.148453 -117.379942 2
-20.8948 -36.810741 -119.317663 2
-20.6489 -37.290946 -121.040988 2
-20.3122 -37.616382 -122.570807 2
-19.9060 -37.815507 -123.928490 2
-19.4503 -37.917567 -125.135411 2
-18.9639 -37.952568 -126.212943 2
-18.4642 -37.951237 -127.182456 2
-17.9673 -37.944984 -128.065327 2
-17.4821 -37.953112 -128.893892 2
-16.9985 -37.954520 -129.735334 2
-16.5035 -37.919571 -130.663749 2
-15.9857 -37.818090 -131.753231 2
-15.4347 -37.619396 -133.077875 2
-14.8417 -37.292337 -134.711777 2
-14.1987 -36.805323 -136.729032 2
-13.5000 -36.127678 -139.200430 2
-12.7543 -35.265067 -142.105055 2
-11.9839 -34.264111 -145.320598 2
-11.2104 -33.174368 -148.719502 2
-10.4528 -32.046198 -152.174214 2
-9.7282 -30.930701 -155.557176 2
-9.0515 -29.879668 -158.740834 2
-8.4353 -28.945516 -161.597632 2
-7.8874 -28.171613 -164.022637 2
-7.3974 -27.540107 -166.055383 2
-6.9491 -27.008509 -167.792224 2
-6.5285 -26.533701 -169.329649 2
-6.1232 -26.072046 -170.764149 2
-5.7227 -25.579433 -172.192213 2
-5.3184 -25.011331 -173.710331 2
-4.9038 -24.322993 -175.414681 2
-4.4783 -23.492853 -177.355730 2
-4.0514 -22.547480 -179.490319 2
-3.6322 -21.519653 -181.763829 2
-3.2284 -20.442453 -184.121640 2
-2.8463 -19.349227 -186.509131 2
-2.4909 -18.273551 -188.871681 2
-2.1657 -17.249194 -191.154672 2
-1.8728 -16.310079 -193.303482 2
-1.6128 -15.490249 -195.263491 2
-1.3851 -14.823822 -196.980080 2
-1.1874 -14.344963 -198.398627 2
-1.0162 -14.087839 -199.464513 2
-0.8665 -14.086585 -200.123117 2
-0.7317 -14.375265 -200.319820 2
-0.6040 -14.987835 -200.000000 2

-11.7763 -12.260442 -22.000000 2
-11.7236 -12.466907 -22.288253 2
-11.6072 -12.607736 -23.196986 2
-11.4348 -12.687157 -24.666291 2
-11.2137 -12.709675 -26.636259 2
-10.9513 -12.680071 -29.046981 2
-10.6544 -12.603390 -31.838549 2
-10.3298 -12.484937 -34.951054 2
-9.9840 -12.330271 -38.324586 2
-9.6233 -12.145196 -41.899237 2
-9.2535 -11.935756 -45.615098 2
-8.8804 -11.708225 -49.412260 2
-8.5095 -11.469105 -53.230815 2
-8.1458 -11.225113 -57.010854 2
-7.7942 -10.983177 -60.692468 2
-7.4593 -10.750427 -64.215747 2
-7.1450 -10.533613 -67.524348 2
-6.8517 -10.334908 -70.591037 2
-6.5784 -10.154184 -73.402796 2
-6.3238 -9.991262 -75.946701 2
-6.0869 -9.845932 -78.209831 2
-5.8666 -9.717947 -80.179262 2
-5.6619 -9.607030 -81.842073 2
-5.4716 -9.512890 -83.185391 2
-5.2995 -9.443334 -84.217589 2
-5.1601 -9.427122 -85.001049 2
-5.0684 -9.496915 -85.606616 2
-5.0385 -9.686048 -86.105131 2
-5.0826 -10.028487 -86.567435 2
-5.2117 -10.558799 -87.064373 2
-5.4355 -11.312112 -87.666785 2
-5.7610 -12.321789 -88.442289 2
-6.1738 -13.577202 -89.396195 2
-6.6421 -15.026903 -90.477456 2
-7.1357 -16.616813 -91.632992 2
-7.6269 -18.291717 -92.809726 2
-8.0900 -19.995327 -93.954579 2
-8.5021 -21.670345 -95.014472 2
-8.8424 -23.258525 -95.936328 2
-9.0971 -24.712235 -96.683666 2
-9.2748 -26.041381 -97.303701 2
-9.3901 -27.274507 -97.869967 2
-9.4563 -28.440691 -98.456009 2
-9.4855 -29.569499 -99.135370 2
-9.4884 -30.690955 -99.981593 2
-9.4745 -31.835508 -101.068224 2
-9.4519 -33.033651 -102.468069 2
-9.4205 -34.291399 -104.200373 2
-9.3692 -35.573448 -106.195451 2
-9.2872 -36.840159 -108.375229 2
-9.1656 -38.051468 -110.661639 2
-8.9971 -39.166927 -112.976608 2
-8.7759 -40.145750 -115.242066 2
-8.4983 -40.946857 -117.379942 2
-8.1627 -41.533036 -119.317663 2
-7.7774 -41.910667 -121.040988 2
-7.3550 -42.112737 -122.570807 2
-6.9066 -42.172984 -123.928490 2
-6.4421 -42.125492 -125.135411 2
-5.9696 -42.004660 -126.212943 2
-5.4960 -41.845154 -127.182456 2
-5.0267 -41.681872 -128.065327 2
-4.5639 -41.535936 -128.893892 2
-4.1047 -41.384110 -129.735334 2
-3.6463 -41.194223 -130.663749 2
-3.1872 -40.933992 -131.753231 2
-2.7276 -40.571056 -133.077875 2
-2.2686 -40.073017 -134.711777 2
-1.8129 -39.407471 -136.729032 2
-1.3648 -38.543452 -139.200430 2
-0.9306 -37.489066 -142.105055 2
-0.5169 -36.295689 -145.320598 2
-0.1282 -35.017074 -148.719502 2
0.2331 -33.707058 -152.174214 2
0.5672 -32.419509 -155.557176 2
0.8763 -31.208260 -158.740834 2
1.1650 -30.127050 -161.597632 2
1.4396 -29.219490 -164.022637 2
1.7044 -28.465304 -166.055383 2
1.9612 -27.819123 -167.792224 2
2.2098 -27.235556 -169.329649 2
2.4481 -26.669307 -170.764149 2
2.6720 -26.075223 -172.192213 2
2.8755 -25.408341 -173.710331 2
3.0509 -24.624108 -175.414681 2
3.1916 -23.701971 -177.355730 2
3.2971 -22.670068 -179.490319 2
3.3693 -21.562381 -181.763829 2
3.4112 -20.412739 -184.121640 2
3.4275 -19.254781 -186.509131 2
3.4239 -18.121916 -188.871681 2
3.4080 -17.047290 -191.154672 2
3.3885 -16.063745 -193.303482 2
3.3755 -15.203788 -195.263491 2
3.3804 -14.499546 -196.980080 2
3.4163 -13.982738 -198.398627 2
3.4972 -13.684634 -199.464513 2
3.6389 -13.636020 -200.123117 2
3.8582 -13.867162 -200.319820 2
4.1733 -14.407772 -200.000000 2

-7.2878 -15.358657 -22.000000 2
-7.1724 -15.537815 -22.288253 2
-7.0174 -15.634538 -23.196986 2
-6.8287 -15.655262 -24.666291 2
-6.6119 -15.606618 -26.636259 2
-6.3723 -15.495425 -29.046981 2
-6.1150 -15.328676 -31.838549 2
-5.8446 -15.113537 -34.951054 2
-5.5656 -14.857333 -38.324586 2
-5.2820 -14.567542 -41.899237 2
-4.9976 -14.251787 -45.615098 2
-4.7158 -13.917824 -49.412260 2
-4.4396 -13.573537 -53.230815 2
-4.1719 -13.226929 -57.010854 2
-3.9150 -12.886110 -60.692468 2
-3.6711 -12.559292 -64.215747 2
-3.4416 -12.254105 -67.524348 2
-3.2264 -11.972757 -70.591037 2
-3.0243 -11.714768 -73.402796 2
-2.8344 -11.479616 -75.946701 2
-2.6557 -11.266750 -78.209831 2
-2.4873 -11.075595 -80.179262 2
-2.3283 -10.905551 -81.842073 2
-2.1776 -10.756019 -83.185391 2
-2.0364 -10.635530 -84.217589 2
-1.9092 -10.575992 -85.001049 2
-1.8002 -10.613185 -85.606616 2
-1.7119 -10.783095 -86.105131 2
-1.6453 -11.121870 -86.567435 2
-1.5999 -11.665783 -87.064373 2
-1.5736 -12.451194 -87.666785 2
-1.5626 -13.511993 -88.442289 2
-1.5566 -14.833521 -89.396195 2
-1.5418 -16.356911 -90.477456 2
-1.5065 -18.021314 -91.632992 2
-1.4420 -19.765542 -92.809726 2
-1.3418 -21.528138 -93.954579 2
-1.2022 -23.247447 -95.014472 2
-1.0222 -24.861679 -95.936328 2
-0.8034 -26.321224 -96.683666 2
-0.5510 -27.638240 -97.303701 2
-0.2699 -28.844416 -97.869967 2
0.0366 -29.971549 -98.456009 2
0.3664 -31.051502 -99.135370 2
0.7188 -32.116161 -99.981593 2
1.0944 -33.197411 -101.068224 2
1.4952 -34.326733 -102.468069 2
1.9233 -35.509817 -104.200373 2
2.3780 -36.709634 -106.195451 2
2.8568 -37.885204 -108.375229 2
3.3557 -38.995671 -110.661639 2
3.8688 -40.000349 -112.976608 2
4.3886 -40.858768 -115.242066 2
4.9056 -41.530718 -117.379942 2
5.4096 -41.980455 -119.317663 2
5.8946 -42.216643 -121.040988 2
6.3593 -42.274549 -122.570807 2
6.8037 -42.189717 -123.928490 2
7.2293 -41.997563 -125.135411 2
7.6391 -41.733334 -126.212943 2
8.0378 -41.432071 -127.182456 2
8.4313 -41.128564 -128.065327 2
8.8241 -40.843587 -128.893892 2
9.2116 -40.554154 -129.735334 2
9.5863 -40.228873 -130.663749 2
9.9393 -39.836676 -131.753231 2
10.2604 -39.346855 -133.077875 2
10.5380 -38.729098 -134.711777 2
10.7594 -37.953522 -136.729032 2
10.9109 -36.992059 -139.200430 2
10.9889 -35.854423 -142.105055 2
11.0034 -34.591457 -145.320598 2
10.9672 -33.255573 -148.719502 2
10.8951 -31.898549 -152.174214 2
10.8042 -30.571471 -155.557176 2
10.7139 -29.324675 -158.740834 2
10.6453 -28.207695 -161.597632 2
10.6184 -27.259889 -164.022637 2
10.6307 -26.460650 -166.055383 2
10.6697 -25.766394 -167.792224 2
10.7207 -25.134134 -169.329649 2
10.7674 -24.521574 -170.764149 2
10.7917 -23.887165 -172.192213 2
10.7736 -23.190145 -173.710331 2
10.6916 -22.390735 -175.414681 2
10.5330 -21.471514 -177.355730 2
10.3063 -20.459291 -179.490319 2
10.0240 -19.385755 -181.763829 2
9.6997 -18.282001 -184.121640 2
9.3484 -17.178496 -186.509131 2
8.9864 -16.105045 -188.871681 2
8.6310 -15.090757 -191.154672 2
8.3010 -14.164016 -193.303482 2
8.0163 -13.352445 -195.263491 2
7.7980 -12.682873 -196.980080 2
7.6684 -12.181311 -198.398627 2
7.6507 -11.872909 -199.464513 2
7.7697 -11.781939 -200.123117 2
8.0509 -11.931752 -200.319820 2
8.5210 -12.344758 -200.000000 2

-2.0491 -16.876051 -22.000000 2
-1.8830 -17.009461 -22.288253 2
-1.7053 -17.052121 -23.196986 2
-1.5197 -17.012016 -24.666291 2
-1.3295 -16.897217 -26.636259 2
-1.1375 -16.715879 -29.046981 2
-0.9462 -16.476226 -31.838549 2
-0.7579 -16.186545 -34.951054 2
-0.5743 -15.855173 -38.324586 2
-0.3971 -15.490493 -41.899237 2
-0.2273 -15.100922 -45.615098 2
-0.0658 -14.694900 -49.412260 2
0.0872 -14.280884 -53.230815 2
0.2313 -13.867336 -57.010854 2
0.3671 -13.462714 -60.692468 2
0.4950 -13.075465 -64.215747 2
0.6160 -12.713317 -67.524348 2
0.7311 -12.378284 -70.591037 2
0.8410 -12.069586 -73.402796 2
0.9467 -11.786406 -75.946701 2
1.0487 -11.527914 -78.209831 2
1.1480 -11.293263 -80.179262 2
1.2450 -11.081595 -81.842073 2
1.3405 -10.892061 -83.185391 2
1.4364 -10.733041 -84.217589 2
1.5381 -10.636306 -85.001049 2
1.6533 -10.637071 -85.606616 2
1.7908 -10.770269 -86.105131 2
1.9613 -11.070511 -86.567435 2
2.1767 -11.572042 -87.064373 2
2.4503 -12.308710 -87.666785 2
2.7966 -13.311447 -88.442289 2
3.2208 -14.563069 -89.396195 2
3.7173 -16.003350 -90.477456 2
4.2778 -17.570933 -91.632992 2
4.8914 -19.204956 -92.809726 2
5.5446 -20.845121 -93.954579 2
6.2214 -22.431757 -95.014472 2
6.9033 -23.905892 -95.936328 2
7.5731 -25.221046 -96.683666 2
8.2295 -26.390375 -97.303701 2
8.8781 -27.445452 -97.869967 2
9.5257 -28.417523 -98.456009 2
10.1805 -29.337463 -99.135370 2
10.8519 -30.235744 -99.981593 2
11.5506 -31.142400 -101.068224 2
12.2885 -32.086662 -102.468069 2
13.0691 -33.073312 -104.200373 2
13.8803 -34.067404 -106.195451 2
14.7068 -35.030834 -108.375229 2
15.5317 -35.926161 -110.661639 2
16.3366 -36.716650 -112.976608 2
17.1014 -37.366311 -115.242066 2
17.8046 -37.839942 -117.379942 2
18.4251 -38.106947 -119.317663 2
18.9599 -38.177382 -121.040988 2
19.4190 -38.085164 -122.570807 2
19.8136 -37.863985 -123.928490 2
20.1565 -37.546945 -125.135411 2
20.4616 -37.166516 -126.212943 2
20.7444 -36.754504 -127.182456 2
21.0215 -36.342012 -128.065327 2
21.3038 -35.947325 -128.893892 2
21.5797 -35.550075 -129.735334 2
21.8321 -35.122880 -130.663749 2
22.0428 -34.639085 -131.753231 2
22.1922 -34.072794 -133.077875 2
22.2600 -33.398903 -134.711777 2
22.2244 -32.593127 -136.729032 2
22.0636 -31.633181 -139.200430 2
21.7773 -30.529388 -142.105055 2
21.3912 -29.326825 -145.320598 2
20.9337 -28.071171 -148.719502 2
20.4356 -26.806813 -152.174214 2
19.9292 -25.576799 -155.557176 2
19.4487 -24.422787 -158.740834 2
19.0299 -23.385003 -161.597632 2
18.7042 -22.494507 -164.022637 2
18.4629 -21.732477 -166.055383 2
18.2800 -21.061605 -167.792224 2
18.1282 -20.445727 -169.329649 2
17.9785 -19.849906 -170.764149 2
17.8006 -19.240470 -172.192213 2
17.5627 -18.585053 -173.710331 2
17.2318 -17.852748 -175.414681 2
16.7903 -17.031056 -177.355730 2
16.2547 -16.142698 -179.490319 2
15.6470 -15.213809 -181.763829 2
14.9899 -14.269549 -184.121640 2
14.3072 -13.334078 -186.509131 2
13.6238 -12.430527 -188.871681 2
12.9656 -11.580977 -191.154672 2
12.3591 -10.806426 -193.303482 2
11.8320 -10.126773 -195.263491 2
11.4130 -9.560789 -196.980080 2
11.1311 -9.126096 -198.398627 2
11.0168 -8.839140 -199.464513 2
11.1008 -8.715177 -200.123117 2
11.4150 -8.768241 -200.319820 2
11.9916 -9.011134 -200.000000 2

3.4004 -16.656441 -22.000000 2
3.6003 -16.730371 -22.288253 2
3.7823 -16.714579 -23.196986 2
3.9456 -16.617772 -24.666291 2
4.0897 -16.448635 -26.636259 2
4.2145 -16.215817 -29.046981 2
4.3200 -15.927926 -31.838549 2
4.4069 -15.593518 -34.951054 2
4.4760 -15.221085 -38.324586 2
4.5287 -14.819052 -41.899237 2
4.5663 -14.395763 -45.615098 2
4.5910 -13.959474 -49.412260 2
4.6050 -13.518341 -53.230815 2
4.6108 -13.080418 -57.010854 2
4.6114 -12.653639 -60.692468 2
4.6101 -12.245818 -64.215747 2
4.6102 -11.863983 -67.524348 2
4.6132 -11.509750 -70.591037 2
4.6198 -11.182116 -73.402796 2
4.6303 -10.880056 -75.946701 2
4.6453 -10.602543 -78.209831 2
4.6651 -10.348548 -80.179262 2
4.6901 -10.117042 -81.842073 2
4.7207 -9.907016 -83.185391 2
4.7613 -9.725831 -84.217589 2
4.8271 -9.601855 -85.001049 2
4.9366 -9.566113 -85.606616 2
5.1093 -9.648891 -86.105131 2
5.3661 -9.879696 -86.567435 2
5.7291 -10.287224 -87.064373 2
6.2220 -10.899326 -87.666785 2
6.8680 -11.740792 -88.442289 2
7.6667 -12.793682 -89.396195 2
8.5937 -14.002610 -90.477456 2
9.6218 -15.312027 -91.632992 2
10.7212 -16.667660 -92.809726 2
11.8602 -18.016575 -93.954579 2
13.0046 -19.307231 -95.014472 2
14.1183 -20.489541 -95.936328 2
15.1700 -21.524938 -96.683666 2
16.1629 -22.426225 -97.303701 2
17.1123 -23.221607 -97.869967 2
18.0344 -23.938563 -98.456009 2
18.9468 -24.603804 -99.135370 2
19.8681 -25.243248 -99.981593 2
20.8180 -25.881992 -101.068224 2
21.8169 -26.544005 -102.468069 2
22.8698 -27.232666 -104.200373 2
23.9541 -27.918713 -106.195451 2
25.0431 -28.570841 -108.375229 2
26.1091 -29.158876 -110.661639 2
27.1228 -29.653813 -112.976608 2
28.0540 -30.027848 -115.242066 2
28.8710 -30.254411 -117.379942 2
29.5441 -30.311201 -119.317663 2
30.0737 -30.208633 -121.040988 2
30.4800 -29.975782 -122.570807 2
30.7843 -29.641022 -123.928490 2
31.0091 -29.231729 -125.135411 2
31.1780 -28.774256 -126.212943 2
31.3158 -28.293901 -127.182456 2
31.4480 -27.814881 -128.065327 2
31.5908 -27.351108 -128.893892 2
31.7267 -26.886930 -129.735334 2
31.8309 -26.401791 -130.663749 2
31.8775 -25.876193 -131.753231 2
31.8399 -25.291720 -133.077875 2
31.6908 -24.631057 -134.711777 2
31.4018 -23.878015 -136.729032 2
30.9453 -23.018391 -139.200430 2
30.3243 -22.062051 -142.105055 2
29.5772 -21.043669 -145.320598 2
28.7457 -19.997485 -148.719502 2
27.8728 -18.955930 -152.174214 2
27.0029 -17.949581 -155.557176 2
26.1817 -17.007131 -158.740834 2
25.4559 -16.155360 -161.597632 2
24.8649 -15.413830 -164.022637 2
24.3947 -14.767443 -166.055383 2
24.0088 -14.189006 -167.792224 2
23.6698 -13.652901 -169.329649 2
23.3391 -13.135144 -170.764149 2
22.9774 -12.613409 -172.192213 2
22.5442 -12.067056 -173.710331 2
21.9984 -11.477229 -175.414681 2
21.3194 -10.837640 -177.355730 2
20.5301 -10.164584 -179.490319 2
19.6595 -9.475950 -181.763829 2
18.7372 -8.788374 -184.121640 2
17.7934 -8.117222 -186.509131 2
16.8591 -7.476572 -188.871681 2
15.9656 -6.879199 -191.154672 2
15.1451 -6.336561 -193.303482 2
14.4300 -5.858782 -195.263491 2
13.8532 -5.454641 -196.980080 2
13.4482 -5.131558 -198.398627 2
13.2489 -4.895584 -199.464513 2
13.2894 -4.751386 -200.123117 2
13.6041 -4.702241 -200.319820 2
14.2280 -4.750020 -200.000000 2

8.5000 -14.722432 -22.000000 2
8.7130 -14.729273 -22.288253 2
8.8806 -14.656653 -23.196986 2
9.0049 -14.513109 -24.666291 2
9.0880 -14.307041 -26.636259 2
9.1326 -14.046707 -29.046981 2
9.1415 -13.740210 -31.838549 2
9.1181 -13.395495 -34.951054 2
9.0657 -13.020335 -38.324586 2
8.9883 -12.622329 -41.899237 2
8.8900 -12.208890 -45.615098 2
8.7753 -11.787239 -49.412260 2
8.6488 -11.364394 -53.230815 2
8.5156 -10.947170 -57.010854 2
8.3811 -10.542162 -60.692468 2
8.2507 -10.155744 -64.215747 2
8.1299 -9.793525 -67.524348 2
8.0206 -9.456551 -70.591037 2
7.9231 -9.143703 -73.402796 2
7.8374 -8.853852 -75.946701 2
7.7637 -8.585882 -78.209831 2
7.7021 -8.338687 -80.179262 2
7.6525 -8.111172 -81.842073 2
7.6150 -7.902269 -83.185391 2
7.5961 -7.717570 -84.217589 2
7.6193 -7.579113 -85.001049 2
7.7118 -7.510544 -85.606616 2
7.9018 -7.534380 -86.105131 2
8.2185 -7.671993 -86.567435 2
8.6919 -7.943572 -87.064373 2
9.3532 -8.368106 -87.666785 2
10.2325 -8.961691 -88.442289 2
11.3235 -9.707478 -89.396195 2
12.5857 -10.560622 -90.477456 2
13.9755 -11.477098 -91.632992 2
15.4476 -12.414810 -92.809726 2
16.9551 -13.333635 -93.954579 2
18.4493 -14.195467 -95.014472 2
19.8801 -14.964260 -95.936328 2
21.2056 -15.613330 -96.683666 2
22.4328 -16.153808 -97.303701 2
23.5852 -16.607629 -97.869967 2
24.6869 -16.995675 -98.456009 2
25.7630 -17.337746 -99.135370 2
26.8394 -17.652538 -99.981593 2
27.9426 -17.957625 -101.068224 2
29.0997 -18.269249 -102.468069 2
30.3166 -18.589040 -104.200373 2
31.5623 -18.896431 -106.195451 2
32.8018 -19.170134 -108.375229 2
33.9991 -19.390351 -110.661639 2
35.1174 -19.538794 -112.976608 2
36.1191 -19.598705 -115.242066 2
36.9658 -19.554880 -117.379942 2
37.6222 -19.395610 -119.317663 2
38.0922 -19.130597 -121.040988 2
38.4038 -18.781080 -122.570807 2
38.5864 -18.367194 -123.928490 2
38.6700 -17.907775 -125.135411 2
38.6854 -17.420344 -126.212943 2
38.6639 -16.921089 -127.182456 2
38.6377 -16.424845 -128.065327 2
38.6263 -15.939721 -128.893892 2
38.6082 -15.456391 -129.735334 2
38.5533 -14.963242 -130.663749 2
38.4311 -14.449940 -131.753231 2
38.2104 -13.907441 -133.077875 2
37.8597 -13.328006 -134.711777 2
37.3472 -12.705207 -136.729032 2
36.6420 -12.034384 -139.200430 2
35.7500 -11.323931 -142.105055 2
34.7189 -10.594548 -145.320598 2
33.5989 -9.865516 -148.719502 2
32.4411 -9.153967 -152.174214 2
31.2973 -8.474864 -155.557176 2
30.2199 -7.840981 -158.740834 2
29.2617 -7.262892 -161.597632 2
28.4664 -6.746651 -164.022637 2
27.8156 -6.282438 -166.055383 2
27.2664 -5.855973 -167.792224 2
26.7751 -5.454821 -169.329649 2
26.2975 -5.068420 -170.764149 2
25.7891 -4.688086 -172.192213 2
25.2052 -4.307032 -173.710331 2
24.5007 -3.920393 -175.414681 2
23.6541 -3.528738 -177.355730 2
22.6923 -3.140258 -179.490319 2
21.6485 -2.762758 -181.763829 2
20.5559 -2.402636 -184.121640 2
19.4481 -2.064884 -186.509131 2
18.3590 -1.753075 -188.871681 2
17.3224 -1.469366 -191.154672 2
16.3723 -1.214492 -193.303482 2
15.5426 -0.987763 -195.263491 2
14.8676 -0.787062 -196.980080 2
14.3811 -0.608844 -198.398627 2
14.1173 -0.448139 -199.464513 2
14.1100 -0.298550 -200.123117 2
14.3931 -0.152252 -200.319820 2
15.0000 -0.000000 -200.000000 2

12.7247 -11.273085 -22.000000 2
12.9289 -11.212133 -22.288253 2
13.0649 -11.090161 -23.196986 2
13.1373 -10.914654 -24.666291 2
13.1509 -10.692866 -26.636259 2
13.1108 -10.431810 -29.046981 2
13.0222 -10.138254 -31.838549 2
12.8908 -9.818712 -34.951054 2
12.7223 -9.479439 -38.324586 2
12.5228 -9.126426 -41.899237 2
12.2987 -8.765391 -45.615098 2
12.0563 -8.401777 -49.412260 2
11.8024 -8.040743 -53.230815 2
11.5440 -7.687161 -57.010854 2
11.2881 -7.345610 -60.692468 2
11.0421 -7.020369 -64.215747 2
10.8128 -6.715047 -67.524348 2
10.6024 -6.430017 -70.591037 2
10.4108 -6.164155 -73.402796 2
10.2378 -5.916347 -75.946701 2
10.0830 -5.685502 -78.209831 2
9.9463 -5.470549 -80.179262 2
9.8272 -5.270441 -81.842073 2
9.7255 -5.084165 -83.185391 2
9.6491 -4.914961 -84.217589 2
9.6273 -4.776275 -85.001049 2
9.6933 -4.681935 -85.606616 2
9.8811 -4.644377 -86.105131 2
10.2250 -4.674633 -86.567435 2
10.7601 -4.782310 -87.064373 2
11.5218 -4.975581 -87.666785 2
12.5438 -5.260189 -88.442289 2
13.8148 -5.622111 -89.396195 2
15.2822 -6.031659 -90.477456 2
16.8907 -6.460864 -91.632992 2
18.5840 -6.884139 -92.809726 2
20.3049 -7.278302 -93.954579 2
21.9951 -7.622605 -95.014472 2
23.5957 -7.898751 -95.936328 2
25.0585 -8.094687 -96.683666 2
26.3937 -8.218726 -97.303701 2
27.6305 -8.284276 -97.869967 2
28.7984 -8.303472 -98.456009 2
29.9275 -8.287164 -99.135370 2
31.0481 -8.244903 -99.981593 2
32.1912 -8.184931 -101.068224 2
33.3875 -8.114092 -102.468069 2
34.6429 -8.032098 -104.200373 2
35.9219 -7.929193 -106.195451 2
37.1842 -7.796300 -108.375229 2
38.3897 -7.626033 -110.661639 2
39.4974 -7.412703 -112.976608 2
40.4666 -7.152323 -115.242066 2
41.2558 -6.842621 -117.379942 2
41.8280 -6.483685 -119.317663 2
42.1898 -6.083504 -121.040988 2
42.3747 -5.653295 -122.570807 2
42.4169 -5.202883 -123.928490 2
42.3507 -4.740625 -125.135411 2
42.2110 -4.273407 -126.212943 2
42.0325 -3.806638 -127.182456 2
41.8505 -3.344247 -128.065327 2
41.6860 -2.887704 -128.893892 2
41.5158 -2.434969 -129.735334 2
41.3076 -1.984569 -130.663749 2
41.0291 -1.536396 -131.753231 2
40.6480 -1.091710 -133.077875 2
40.1319 -0.653142 -134.711777 2
39.4485 -0.224690 -136.729032 2
38.5671 0.188288 -139.200430 2
37.4961 0.579729 -142.105055 2
36.2871 0.945040 -145.320598 2
34.9938 1.281883 -148.719502 2
33.6703 1.590187 -152.174214 2
32.3704 1.872146 -155.557176 2
31.1477 2.132219 -158.740834 2
30.0557 2.377124 -161.597632 2
29.1378 2.614941 -164.022637 2
28.3736 2.849200 -166.055383 2
27.7176 3.079798 -167.792224 2
27.1245 3.304707 -169.329649 2
26.5491 3.519983 -170.764149 2
25.9465 3.719768 -172.192213 2
25.2719 3.896303 -173.710331 2
24.4813 4.039959 -175.414681 2
23.5542 4.143368 -177.355730 2
22.5189 4.207285 -179.490319 2
21.4092 4.234796 -181.763829 2
20.2588 4.230397 -184.121640 2
19.1012 4.199987 -186.509131 2
17.9694 4.150862 -188.871681 2
16.8962 4.091705 -191.154672 2
15.9143 4.032580 -193.303482 2
15.0555 3.984923 -195.263491 2
14.3517 3.961528 -196.980080 2
13.8338 3.976537 -198.398627 2
13.5327 4.045431 -199.464513 2
13.4784 4.185016 -200.123117 2
13.7006 4.413407 -200.319820 2
14.2280 4.750020 -200.000000 2

15.6397 -6.663432 -22.000000 2
15.8140 -6.540961 -22.288253 2
15.9044 -6.382190 -23.196986 2
15.9175 -6.192784 -24.666291 2
15.8602 -5.978104 -26.636259 2
15.7394 -5.743197 -29.046981 2
15.5625 -5.492797 -31.838549 2
15.3366 -5.231318 -34.951054 2
15.0694 -4.962852 -38.324586 2
14.7684 -4.691166 -41.899237 2
14.4415 -4.419696 -45.615098 2
14.0964 -4.151545 -49.412260 2
13.7413 -3.889481 -53.230815 2
13.3842 -3.635936 -57.010854 2
13.0333 -3.392996 -60.692468 2
12.6969 -3.162408 -64.215747 2
12.3827 -2.945408 -67.524348 2
12.0930 -2.741659 -70.591037 2
11.8270 -2.550148 -73.402796 2
11.5844 -2.369890 -75.946701 2
11.3645 -2.199929 -78.209831 2
11.1668 -2.039343 -80.179262 2
10.9905 -1.887240 -81.842073 2
10.8350 -1.742762 -83.185391 2
10.7089 -1.606469 -84.217589 2
10.6443 -1.481829 -85.001049 2
10.6771 -1.371428 -85.606616 2
10.8433 -1.276342 -86.105131 2
11.1791 -1.196127 -86.567435 2
11.7207 -1.128820 -87.064373 2
12.5045 -1.070934 -87.666785 2
13.5640 -1.017271 -88.442289 2
14.8842 -0.958077 -89.396195 2
16.4057 -0.881875 -90.477456 2
18.0674 -0.779633 -91.632992 2
19.8076 -0.644903 -92.809726 2
21.5647 -0.473835 -93.954579 2
23.2770 -0.265170 -95.014472 2
24.8827 -0.020246 -95.936328 2
26.3322 0.257118 -96.683666 2
27.6380 0.562285 -97.303701 2
28.8319 0.891754 -97.869967 2
29.9458 1.243384 -98.456009 2
31.0116 1.616392 -99.135370 2
32.0612 2.011356 -99.981593 2
33.1264 2.430213 -101.068224 2
34.2387 2.876225 -102.468069 2
35.4036 3.351564 -104.200373 2
36.5841 3.854174 -106.195451 2
37.7394 4.379985 -108.375229 2
38.8289 4.923210 -110.661639 2
39.8121 5.476356 -112.976608 2
40.6489 6.030226 -115.242066 2
41.2995 6.573928 -117.379942 2
41.7286 7.095587 -119.317663 2
41.9451 7.589747 -121.040988 2
41.9842 8.056367 -122.570807 2
41.8815 8.496945 -123.928490 2
41.6724 8.914463 -125.135411 2
41.3919 9.313380 -126.212943 2
41.0748 9.699619 -127.182456 2
40.7557 10.080565 -128.065327 2
40.4552 10.461536 -128.893892 2
40.1504 10.837076 -129.735334 2
39.8102 11.198370 -130.663749 2
39.4042 11.535285 -131.753231 2
38.9018 11.836388 -133.077875 2
38.2734 12.088948 -134.711777 2
37.4895 12.278954 -136.729032 2
36.5227 12.391579 -139.200430 2
35.3829 12.423719 -142.105055 2
34.1203 12.387357 -145.320598 2
32.7870 12.297341 -148.719502 2
31.4340 12.170667 -152.174214 2
30.1116 12.026461 -155.557176 2
28.8695 11.885956 -158.740834 2
27.7562 11.772470 -161.597632 2
26.8102 11.707384 -164.022637 2
26.0111 11.687577 -166.055383 2
25.3159 11.698575 -167.792224 2
24.6821 11.724092 -169.329649 2
24.0681 11.746083 -170.764149 2
23.4333 11.744757 -172.192213 2
22.7375 11.698603 -173.710331 2
21.9421 11.584489 -175.414681 2
21.0300 11.389008 -177.355730 2
20.0277 11.121784 -179.490319 2
18.9664 10.796475 -181.763829 2
17.8766 10.428009 -184.121640 2
16.7881 10.032566 -186.509131 2
15.7301 9.627562 -188.871681 2
14.7310 9.231628 -191.154672 2
13.8183 8.864591 -193.303482 2
13.0188 8.547453 -195.263491 2
12.3586 8.302368 -196.980080 2
11.8627 8.152624 -198.398627 2
11.5552 8.122617 -199.464513 2
11.4595 8.237830 -200.123117 2
11.5979 8.524808 -200.319820 2
11.9916 9.011134 -200.000000 2

16.9449 -1.367932 -22.000000 2
17.0715 -1.196546 -22.288253 2
17.1070 -1.017318 -23.196986 2
17.0594 -0.833510 -24.666291 2
16.9370 -0.648033 -26.636259 2
16.7481 -0.463453 -29.046981 2
16.5010 -0.281982 -31.838549 2
16.2039 -0.105479 -34.951054 2
15.8654 0.064547 -38.324586 2
15.4939 0.226942 -41.899237 2
15.0978 0.380907 -45.615098 2
14.6856 0.525994 -49.412260 2
14.2658 0.662113 -53.230815 2
13.8468 0.789527 -57.010854 2
13.4370 0.908849 -60.692468 2
13.0449 1.021051 -64.215747 2
12.6782 1.127392 -67.524348 2
12.3388 1.228890 -70.591037 2
12.0259 1.326338 -73.402796 2
11.7387 1.420494 -75.946701 2
11.4763 1.512076 -78.209831 2
11.2379 1.601766 -80.179262 2
11.0225 1.690210 -81.842073 2
10.8293 1.778018 -83.185391 2
10.6665 1.867371 -84.217589 2
10.5657 1.965138 -85.001049 2
10.5619 2.080235 -85.606616 2
10.6894 2.223063 -86.105131 2
10.9826 2.405493 -86.567435 2
11.4750 2.640857 -87.064373 2
12.2001 2.943941 -87.666785 2
13.1880 3.330352 -88.442289 2
14.4216 3.804569 -89.396195 2
15.8407 4.358677 -90.477456 2
17.3844 4.981844 -91.632992 2
18.9924 5.660710 -92.809726 2
20.6050 6.379402 -93.954579 2
22.1631 7.119558 -95.014472 2
23.6085 7.860342 -95.936328 2
24.8957 8.582459 -96.683666 2
26.0376 9.285422 -97.303701 2
27.0657 9.975999 -97.869967 2
28.0109 10.662261 -98.456009 2
28.9037 11.353577 -99.135370 2
29.7743 12.060592 -99.981593 2
30.6520 12.795223 -101.068224 2
31.5658 13.570500 -102.468069 2
32.5202 14.390260 -104.200373 2
33.4809 15.240842 -106.195451 2
34.4102 16.105450 -108.375229 2
35.2716 16.965721 -110.661639 2
36.0291 17.801749 -112.976608 2
36.6474 18.592102 -115.242066 2
37.0923 19.313842 -117.379942 2
37.3341 19.944530 -119.317663 2
37.3830 20.481808 -121.040988 2
37.2724 20.936810 -122.570807 2
37.0355 21.322207 -123.928490 2
36.7049 21.652012 -125.135411 2
36.3125 21.941567 -126.212943 2
35.8894 22.207522 -127.182456 2
35.4661 22.467813 -128.065327 2
35.0604 22.734000 -128.893892 2
34.6523 22.993693 -129.735334 2
34.2153 23.228692 -130.663749 2
33.7234 23.419673 -131.753231 2
33.1516 23.546200 -133.077875 2
32.4755 23.586757 -134.711777 2
31.6718 23.518761 -136.729032 2
30.7191 23.319441 -139.200430 2
29.6277 22.988971 -142.105055 2
28.4417 22.554679 -145.320598 2
27.2055 22.047069 -148.719502 2
25.9622 21.498456 -152.174214 2
24.7536 20.942928 -155.557176 2
23.6199 20.416306 -158.740834 2
22.5998 19.956109 -161.597632 2
21.7231 19.594820 -164.022637 2
20.9714 19.322987 -166.055383 2
20.3085 19.113251 -167.792224 2
19.6992 18.936750 -169.329649 2
19.1099 18.763193 -170.764149 2
18.5081 18.560892 -172.192213 2
17.8628 18.296799 -173.710331 2
17.1444 17.936661 -175.414681 2
16.3412 17.462411 -177.355730 2
15.4751 16.891551 -179.490319 2
14.5714 16.246904 -181.763829 2
13.6544 15.552295 -184.121640 2
12.7472 14.832521 -186.509131 2
11.8719 14.113325 -188.871681 2
11.0495 13.421367 -191.154672 2
10.3000 12.784196 -193.303482 2
9.6421 12.230218 -195.263491 2
9.0935 11.788670 -196.980080 2
8.6705 11.489585 -198.398627 2
8.3884 11.363765 -199.464513 2
8.2611 11.442748 -200.123117 2
8.3015 11.758774 -200.319820 2
8.5210 12.344758 -200.000000 2

16.5060 4.068366 -22.000000 2
16.5718 4.271025 -22.288253 2
16.5487 4.452263 -23.196986 2
16.4454 4.611556 -24.666291 2
16.2706 4.748737 -26.636259 2
16.0330 4.863992 -29.046981 2
15.7411 4.957857 -31.838549 2
15.4034 5.031216 -34.951054 2
15.0285 5.085302 -38.324586 2
14.6247 5.121692 -41.899237 2
14.2002 5.142303 -45.615098 2
13.7633 5.149394 -49.412260 2
13.3220 5.145559 -53.230815 2
12.8842 5.133725 -57.010854 2
12.4577 5.117150 -60.692468 2
12.0503 5.099417 -64.215747 2
11.6687 5.084154 -67.524348 2
11.3147 5.072952 -70.591037 2
10.9870 5.066308 -73.402796 2
10.6848 5.064670 -75.946701 2
10.4069 5.068447 -78.209831 2
10.1523 5.078011 -80.179262 2
9.9200 5.093691 -81.842073 2
9.7089 5.115792 -83.185391 2
9.5262 5.149009 -84.217589 2
9.3997 5.209838 -85.001049 2
9.3596 5.317786 -85.606616 2
9.4353 5.493655 -86.105131 2
9.6556 5.759522 -86.567435 2
10.0482 6.138718 -87.064373 2
10.6400 6.655805 -87.666785 2
11.4547 7.335191 -88.442289 2
12.4746 8.175622 -89.396195 2
13.6452 9.150604 -90.477456 2
14.9122 10.230555 -91.632992 2
16.2224 11.383683 -92.809726 2
17.5244 12.576027 -93.954579 2
18.7679 13.771491 -95.014472 2
19.9044 14.931888 -95.936328 2
20.8966 16.024433 -96.683666 2
21.7572 17.052838 -97.303701 2
22.5137 18.033442 -97.869967 2
23.1930 18.983703 -98.456009 2
23.8209 19.922171 -99.135370 2
24.4228 20.868466 -99.981593 2
25.0227 21.843258 -101.068224 2
25.6440 22.868003 -102.468069 2
26.2897 23.947808 -104.200373 2
26.9315 25.058814 -106.195451 2
27.5393 26.173227 -108.375229 2
28.0839 27.262000 -110.661639 2
28.5376 28.294860 -112.976608 2
28.8739 29.240346 -115.242066 2
29.0674 30.065838 -117.379942 2
29.0970 30.740641 -119.317663 2
28.9732 31.265734 -121.040988 2
28.7242 31.662288 -122.570807 2
28.3774 31.952836 -123.928490 2
27.9594 32.160981 -125.135411 2
27.4955 32.311372 -126.212943 2
27.0100 32.429669 -127.182456 2
26.5260 32.542514 -128.065327 2
26.0569 32.666519 -128.893892 2
25.5876 32.783635 -129.735334 2
25.0987 32.868153 -130.663749 2
24.5716 32.893541 -131.753231 2
23.9891 32.832470 -133.077875 2
23.3350 32.656849 -134.711777 2
22.5942 32.337850 -136.729032 2
21.7537 31.847100 -139.200430 2
20.8231 31.188035 -142.105055 2
19.8357 30.400513 -145.320598 2
18.8238 29.527556 -148.719502 2
17.8182 28.613471 -152.174214 2
16.8477 27.703799 -155.557176 2
15.9391 26.845264 -158.740834 2
15.1173 26.085724 -161.597632 2
14.4001 25.465418 -164.022637 2
13.7732 24.969536 -166.055383 2
13.2108 24.560655 -167.792224 2
12.6887 24.200303 -169.329649 2
12.1847 23.849062 -170.764149 2
11.6780 23.466608 -172.192213 2
11.1495 23.011759 -173.710331 2
10.5821 22.442665 -175.414681 2
9.9704 21.738458 -177.355730 2
9.3297 20.922718 -179.490319 2
8.6767 20.025086 -181.763829 2
8.0268 19.075828 -184.121640 2
7.3942 18.105807 -186.509131 2
6.7917 17.146444 -188.871681 2
6.2307 16.229683 -191.154672 2
5.7216 15.387959 -193.303482 2
5.2730 14.654162 -195.263491 2
4.8924 14.061598 -196.980080 2
4.5859 13.643956 -198.398627 2
4.3581 13.435274 -199.464513 2
4.2124 13.469896 -200.123117 2
4.1506 13.782444 -200.319820 2
4.1733 14.407772 -200.000000 2

14.3682 9.085919 -22.000000 2
14.3665 9.298993 -22.288253 2
14.2872 9.463585 -23.196986 2
14.1387 9.581967 -24.666291 2
13.9295 9.656734 -26.636259 2
13.6676 9.690801 -29.046981 2
13.3610 9.687398 -31.838549 2
13.0175 9.650063 -34.951054 2
12.6447 9.582642 -38.324586 2
12.2502 9.489280 -41.899237 2
11.8410 9.374417 -45.615098 2
11.4243 9.242781 -49.412260 2
11.0069 9.099387 -53.230815 2
10.5954 8.949524 -57.010854 2
10.1961 8.798756 -60.692468 2
9.8153 8.652913 -64.215747 2
9.4582 8.517618 -67.524348 2
9.1259 8.394871 -70.591037 2
8.8173 8.284818 -73.402796 2
8.5311 8.187554 -75.946701 2
8.2663 8.103138 -78.209831 2
8.0218 8.031590 -80.179262 2
7.7965 7.972893 -81.842073 2
7.5892 7.927012 -83.185391 2
7.4054 7.900674 -84.217589 2
7.2662 7.918306 -85.001049 2
7.1939 8.007993 -85.606616 2
7.2101 8.198801 -86.105131 2
7.3348 8.520741 -86.567435 2
7.5871 9.004739 -87.064373 2
7.9847 9.682606 -87.666785 2
8.5424 10.585040 -88.442289 2
9.2437 11.705182 -89.396195 2
10.0453 13.000685 -90.477456 2
10.9051 14.426263 -91.632992 2
11.7827 15.934966 -92.809726 2
12.6401 17.478237 -93.954579 2
13.4411 19.005964 -95.014472 2
14.1516 20.466538 -95.936328 2
14.7468 21.817057 -96.683666 2
15.2374 23.065054 -97.303701 2
15.6445 24.234756 -97.869967 2
15.9879 25.351208 -98.456009 2
16.2863 26.440234 -99.135370 2
16.5575 27.528409 -99.981593 2
16.8179 28.643029 -101.068224 2
17.0827 29.811769 -102.468069 2
17.3532 31.040477 -104.200373 2
17.6102 32.297555 -106.195451 2
17.8338 33.547070 -108.375229 2
18.0056 34.752279 -110.661639 2
18.1089 35.875662 -112.976608 2
18.1284 36.878966 -115.242066 2
18.0506 37.723244 -117.379942 2
17.8650 38.372706 -119.317663 2
17.5813 38.831569 -121.040988 2
17.2195 39.128858 -122.570807 2
16.7986 39.294651 -123.928490 2
16.3362 39.359713 -125.135411 2
15.8485 39.355461 -126.212943 2
15.3505 39.313924 -127.182456 2
14.8557 39.267708 -128.065327 2
14.3715 39.236767 -128.893892 2
13.8893 39.199252 -129.735334 2
13.3987 39.124589 -130.663749 2
12.8908 38.981771 -131.753231 2
12.3576 38.739389 -133.077875 2
11.7927 38.365666 -134.711777 2
11.1911 37.828497 -136.729032 2
10.5492 37.096829 -139.200430 2
9.8752 36.177005 -142.105055 2
9.1880 35.117310 -145.320598 2
8.5046 33.968857 -148.719502 2
7.8403 32.783384 -152.174214 2
7.2078 31.613198 -155.557176 2
6.6178 30.511117 -158.740834 2
6.0788 29.530410 -161.597632 2
5.5950 28.714934 -164.022637 2
5.1573 28.046044 -166.055383 2
4.7533 27.480102 -167.792224 2
4.3723 26.972988 -169.329649 2
4.0054 26.480215 -170.764149 2
3.6459 25.956974 -172.192213 2
3.2886 25.358184 -173.710331 2
2.9307 24.638709 -175.414681 2
2.5734 23.777028 -177.355730 2
2.2240 22.800371 -179.490319 2
1.8888 21.742143 -181.763829 2
1.5730 20.635942 -184.121640 2
1.2801 19.515516 -186.509131 2
1.0124 18.414729 -188.871681 2
0.7707 17.367524 -191.154672 2
0.5543 16.407885 -193.303482 2
0.3611 15.569795 -195.263491 2
0.1878 14.887206 -196.980080 2
0.0293 14.393994 -198.398627 2
-0.1207 14.123929 -199.464513 2
-0.2698 14.110628 -200.123117 2
-0.4274 14.387526 -200.319820 2
-0.6040 14.987835 -200.000000 2

10.7516 13.168284 -22.000000 2
10.6824 13.369841 -22.288253 2
10.5551 13.500848 -23.196986 2
10.3768 13.566134 -24.666291 2
10.1547 13.570791 -26.636259 2
9.8954 13.520164 -29.046981 2
9.6057 13.419842 -31.838549 2
9.2917 13.275657 -34.951054 2
8.9595 13.093668 -38.324586 2
8.6148 12.880165 -41.899237 2
8.2631 12.641649 -45.615098 2
7.9095 12.384836 -49.412260 2
7.5590 12.116641 -53.230815 2
7.2161 11.844174 -57.010854 2
6.8851 11.574732 -60.692468 2
6.5701 11.315791 -64.215747 2
6.2742 11.074388 -67.524348 2
5.9979 10.852729 -70.591037 2
5.7400 10.650595 -73.402796 2
5.4993 10.467717 -75.946701 2
5.2749 10.303796 -78.209831 2
5.0656 10.158501 -80.179262 2
4.8705 10.031469 -81.842073 2
4.6884 9.922327 -83.185391 2
4.5224 9.839145 -84.217589 2
4.3848 9.811764 -85.001049 2
4.2878 9.873960 -85.606616 2
4.2427 10.060068 -86.105131 2
4.2591 10.404944 -86.567435 2
4.3452 10.943928 -87.064373 2
4.5076 11.712805 -87.666785 2
4.7508 12.745402 -88.442289 2
5.0613 14.029961 -89.396195 2
5.4114 15.512644 -90.477456 2
5.7755 17.137118 -91.632992 2
6.1303 18.846109 -92.809726 2
6.4548 20.581462 -93.954579 2
6.7308 22.284207 -95.014472 2
6.9422 23.894626 -95.936328 2
7.0791 25.364115 -96.683666 2
7.1493 26.703250 -97.303701 2
7.1650 27.941656 -97.869967 2
7.1371 29.109385 -98.456009 2
7.0754 30.236880 -99.135370 2
6.9880 31.354933 -99.981593 2
6.8821 32.494655 -101.068224 2
6.7631 33.687095 -102.468069 2
6.6307 34.938239 -104.200373 2
6.4763 36.212001 -106.195451 2
6.2927 37.468010 -108.375229 2
6.0741 38.665607 -110.661639 2
5.8163 39.763886 -112.976608 2
5.5171 40.721740 -115.242066 2
5.1759 41.497906 -117.379942 2
4.7942 42.055180 -119.317663 2
4.3798 42.400583 -121.040988 2
3.9425 42.568008 -122.570807 2
3.4907 42.591982 -123.928490 2
3.0315 42.507264 -125.135411 2
2.5703 42.348806 -126.212943 2
2.1111 42.151710 -127.182456 2
1.6564 41.951190 -128.065327 2
1.2068 41.768488 -128.893892 2
0.7613 41.580203 -129.735334 2
0.3197 41.354044 -130.663749 2
-0.1169 41.057721 -131.753231 2
-0.5459 40.658974 -133.077875 2
-0.9633 40.125616 -134.711777 2
-1.3639 39.425566 -136.729032 2
-1.7411 38.528288 -139.200430 2
-2.0891 37.442379 -142.105055 2
-2.4054 36.219583 -145.320598 2
-2.6899 34.913841 -148.719502 2
-2.9447 33.578998 -152.174214 2
-3.1741 32.268742 -155.557176 2
-3.3847 31.036548 -158.740834 2
-3.5854 29.935616 -161.597632 2
-3.7861 29.008904 -164.022637 2
-3.9894 28.235853 -166.055383 2
-4.1934 27.571101 -167.792224 2
-4.3942 26.969422 -169.329649 2
-4.5862 26.385837 -170.764149 2
-4.7615 25.775663 -172.192213 2
-4.9107 25.094565 -173.710331 2
-5.0224 24.298763 -175.414681 2
-5.0884 23.368298 -177.355730 2
-5.1106 22.331247 -179.490319 2
-5.0934 21.221345 -181.763829 2
-5.0427 20.072057 -184.121640 2
-4.9657 18.916548 -186.509131 2
-4.8710 17.787639 -188.871681 2
-4.7687 16.717777 -191.154672 2
-4.6701 15.738994 -193.303482 2
-4.5879 14.882874 -195.263491 2
-4.5362 14.180517 -196.980080 2
-4.5303 13.662500 -198.398627 2
-4.5871 13.358848 -199.464513 2
-4.7243 13.298993 -200.123117 2
-4.9615 13.511742 -200.319820 2
-5.3191 14.025244 -200.000000 2

6.0283 15.895276 -22.000000 2
5.8989 16.064571 -22.288253 2
5.7366 16.148507 -23.196986 2
5.5468 16.153978 -24.666291 2
5.3346 16.088046 -26.636259 2
5.1048 15.957935 -29.046981 2
4.8617 15.771022 -31.838549 2
4.6095 15.534825 -34.951054 2
4.3520 15.257001 -38.324586 2
4.0927 14.945331 -41.899237 2
3.8346 14.607713 -45.615098 2
3.5806 14.252155 -49.412260 2
3.3330 13.886764 -53.230815 2
3.0941 13.519738 -57.010854 2
2.8654 13.159355 -60.692468 2
2.6486 12.813967 -64.215747 2
2.4444 12.491304 -67.524348 2
2.2525 12.193548 -70.591037 2
2.0719 11.920137 -73.402796 2
1.9015 11.670468 -75.946701 2
1.7405 11.443914 -78.209831 2
1.5880 11.239827 -80.179262 2
1.4432 11.057534 -81.842073 2
1.3051 10.896367 -83.185391 2
1.1740 10.764902 -84.217589 2
1.0520 10.695326 -85.001049 2
0.9404 10.723629 -85.606616 2
0.8387 10.885881 -86.105131 2
0.7450 11.218196 -86.567435 2
0.6560 11.756689 -87.064373 2
0.5666 12.537438 -87.666785 2
0.4703 13.593916 -88.442289 2
0.3580 14.910677 -89.396195 2
0.2206 16.427930 -90.477456 2
0.0515 18.084099 -91.632992 2
-0.1532 19.817477 -92.809726 2
-0.3949 21.566297 -93.954579 2
-0.6723 23.268802 -95.014472 2
-0.9817 24.863310 -95.936328 2
-1.3172 26.300518 -96.683666 2
-1.6747 27.592958 -97.303701 2
-2.0520 28.772601 -97.869967 2
-2.4482 29.871417 -98.456009 2
-2.8638 30.921331 -99.135370 2
-3.3007 31.954183 -99.981593 2
-3.7621 33.001701 -101.068224 2
-4.2525 34.095105 -102.468069 2
-4.7744 35.239909 -104.200373 2
-5.3241 36.399250 -106.195451 2
-5.8960 37.532476 -108.375229 2
-6.4827 38.599195 -110.661639 2
-7.0750 39.559328 -112.976608 2
-7.6621 40.373143 -115.242066 2
-8.2316 41.001307 -117.379942 2
-8.7701 41.409034 -119.317663 2
-9.2725 41.605427 -121.040988 2
-9.7404 41.625755 -122.570807 2
-10.1765 41.505442 -123.928490 2
-10.5852 41.279664 -125.135411 2
-10.9725 40.983310 -126.212943 2
-11.3457 40.650942 -127.182456 2
-11.7135 40.316757 -128.065327 2
-12.0820 40.001099 -128.893892 2
-12.4450 39.681424 -129.735334 2
-12.7923 39.327047 -130.663749 2
-13.1126 38.907717 -131.753231 2
-13.3932 38.393648 -133.077875 2
-13.6203 37.755552 -134.711777 2
-13.7785 36.964675 -136.729032 2
-13.8522 35.994142 -139.200430 2
-13.8384 34.853918 -142.105055 2
-13.7512 33.593880 -145.320598 2
-13.6076 32.265245 -148.719502 2
-13.4265 30.918422 -152.174214 2
-13.2292 29.602957 -155.557176 2
-13.0388 28.367477 -158.740834 2
-12.8806 27.259636 -161.597632 2
-12.7774 26.317072 -164.022637 2
-12.7255 25.519427 -166.055383 2
-12.7085 24.824286 -167.792224 2
-12.7084 24.189970 -169.329649 2
-12.7057 23.575640 -170.764149 2
-12.6788 22.941337 -172.192213 2
-12.6047 22.248034 -173.710331 2
-12.4586 21.457814 -175.414681 2
-12.2266 20.554336 -177.355730 2
-11.9192 19.563633 -179.490319 2
-11.5514 18.516294 -181.763829 2
-11.1394 17.442214 -184.121640 2
-10.7004 16.370555 -186.509131 2
-10.2531 15.329719 -188.871681 2
-9.8173 14.347317 -191.154672 2
-9.4138 13.450134 -193.303482 2
-9.0647 12.664102 -195.263491 2
-8.7933 12.014268 -196.980080 2
-8.6237 11.524764 -198.398627 2
-8.5813 11.218780 -199.464513 2
-8.6926 11.118531 -200.123117 2
-8.9849 11.245233 -200.319820 2
-9.4867 11.619074 -200.000000 2

0.6845 16.986213 -22.000000 2
0.5082 17.105821 -22.288253 2
0.3277 17.134048 -23.196986 2
0.1459 17.079140 -24.666291 2
-0.0345 16.949405 -26.636259 2
-0.2113 16.753202 -29.046981 2
-0.3827 16.498935 -31.838549 2
-0.5471 16.195039 -34.951054 2
-0.7033 15.849975 -38.324586 2
-0.8506 15.472217 -41.899237 2
-0.9885 15.070247 -45.615098 2
-1.1169 14.652541 -49.412260 2
-1.2360 14.227563 -53.230815 2
-1.3464 13.803754 -57.010854 2
-1.4492 13.389522 -60.692468 2
-1.5455 12.993238 -64.215747 2
-1.6370 12.622526 -67.524348 2
-1.7247 12.279319 -70.591037 2
-1.8095 11.962773 -73.402796 2
-1.8920 11.672011 -75.946701 2
-1.9730 11.406143 -78.209831 2
-2.0530 11.164270 -80.179262 2
-2.1327 10.945479 -81.842073 2
-2.2126 10.748874 -83.185391 2
-2.2954 10.582658 -84.217589 2
-2.3890 10.478049 -85.001049 2
-2.5038 10.469546 -85.606616 2
-2.6517 10.591242 -86.105131 2
-2.8458 10.876792 -86.567435 2
-3.1008 11.359369 -87.064373 2
-3.4328 12.071629 -87.666785 2
-3.8587 13.043247 -88.442289 2
-4.3822 14.256680 -89.396195 2
-4.9930 15.652338 -90.477456 2
-5.6778 17.169736 -91.632992 2
-6.4209 18.749089 -92.809726 2
-7.2039 20.331375 -93.954579 2
-8.0062 21.858406 -95.014472 2
-8.8046 23.272884 -95.936328 2
-9.5779 24.529884 -96.683666 2
-10.3263 25.642602 -97.303701 2
-11.0577 26.642066 -97.869967 2
-11.7815 27.558871 -98.456009 2
-12.5082 28.423138 -99.135370 2
-13.2497 29.264482 -99.981593 2
-14.0191 30.111976 -101.068224 2
-14.8305 30.993805 -102.468069 2
-15.6880 31.914437 -104.200373 2
-16.5766 32.840030 -106.195451 2
-17.4779 33.733832 -108.375229 2
-18.3722 34.559880 -110.661639 2
-19.2381 35.283042 -112.976608 2
-20.0527 35.869055 -115.242066 2
-20.7917 36.284562 -117.379942 2
-21.4316 36.500777 -119.317663 2
-21.9705 36.527944 -121.040988 2
-22.4206 36.399083 -122.570807 2
-22.7962 36.146867 -123.928490 2
-23.1124 35.803268 -125.135411 2
-23.3859 35.399520 -126.212943 2
-23.6346 34.966090 -127.182456 2
-23.8777 34.532637 -128.065327 2
-24.1273 34.116513 -128.893892 2
-24.3704 33.698350 -129.735334 2
-24.5876 33.252230 -130.663749 2
-24.7586 32.753055 -131.753231 2
-24.8620 32.176575 -133.077875 2
-24.8753 31.499418 -134.711777 2
-24.7750 30.699117 -136.729032 2
-24.5375 29.755223 -139.200430 2
-24.1633 28.678043 -142.105055 2
-23.6816 27.510455 -145.320598 2
-23.1246 26.295679 -148.719502 2
-22.5264 25.075502 -152.174214 2
-21.9227 23.890225 -155.557176 2
-21.3508 22.778623 -158.740834 2
-20.8499 21.777900 -161.597632 2
-20.4536 20.916499 -164.022637 2
-20.1517 20.176360 -166.055383 2
-19.9155 19.522379 -167.792224 2
-19.7146 18.920715 -169.329649 2
-19.5175 18.338870 -170.764149 2
-19.2911 17.745726 -172.192213 2
-19.0012 17.111578 -173.710331 2
-18.6125 16.408275 -175.414681 2
-18.1062 15.624775 -177.355730 2
-17.5010 14.782390 -179.490319 2
-16.8205 13.905415 -181.763829 2
-16.0895 13.017094 -184.121640 2
-15.3338 12.139587 -186.509131 2
-14.5799 11.293955 -188.871681 2
-13.8554 10.500129 -191.154672 2
-13.1886 9.776890 -193.303482 2
-12.6085 9.141851 -195.263491 2
-12.1453 8.611426 -196.980080 2
-11.8294 8.200818 -198.398627 2
-11.6923 7.923995 -199.464513 2
-11.7661 7.793671 -200.123117 2
-12.0835 7.821285 -200.319820 2
-12.6779 8.016987 -200.000000 2

-4.7297 16.328808 -22.000000 2
-4.9348 16.386418 -22.288253 2
-5.1150 16.356030 -23.196986 2
-5.2700 16.246395 -24.666291 2
-5.4000 16.066210 -26.636259 2
-5.5056 15.824110 -29.046981 2
-5.5877 15.528661 -31.838549 2
-5.6474 15.188344 -34.951054 2
-5.6863 14.811556 -38.324586 2
-5.7064 14.406593 -41.899237 2
-5.7099 13.981644 -45.615098 2
-5.6994 13.544783 -49.412260 2
-5.6778 13.103960 -53.230815 2
-5.6484 12.666989 -57.010854 2
-5.6146 12.241545 -60.692468 2
-5.5805 11.835152 -64.215747 2
-5.5499 11.454547 -67.524348 2
-5.5244 11.101216 -70.591037 2
-5.5046 10.774116 -73.402796 2
-5.4908 10.472188 -75.946701 2
-5.4834 10.194371 -78.209831 2
-5.4827 9.939606 -80.179262 2
-5.4890 9.706838 -81.842073 2
-5.5026 9.495031 -83.185391 2
-5.5284 9.311172 -84.217589 2
-5.5841 9.182297 -85.001049 2
-5.6903 9.137862 -85.606616 2
-5.8691 9.206477 -86.105131 2
-6.1436 9.415871 -86.567435 2
-6.5383 9.792862 -87.064373 2
-7.0788 10.363322 -87.666785 2
-7.7905 11.150075 -88.442289 2
-8.6713 12.135284 -89.396195 2
-9.6926 13.265695 -90.477456 2
-10.8227 14.488141 -91.632992 2
-12.0277 15.750911 -92.809726 2
-13.2715 17.003804 -93.954579 2
-14.5160 18.198187 -95.014472 2
-15.7212 19.287048 -95.936328 2
-16.8529 20.234460 -96.683666 2
-17.9151 21.052928 -97.303701 2
-18.9254 21.769340 -97.869967 2
-19.9022 22.409770 -98.456009 2
-20.8652 22.999434 -99.135370 2
-21.8349 23.562671 -99.981593 2
-22.8331 24.122913 -101.068224 2
-23.8820 24.702401 -102.468069 2
-24.9870 25.304104 -104.200373 2
-26.1229 25.900680 -106.195451 2
-27.2609 26.463062 -108.375229 2
-28.3707 26.963415 -110.661639 2
-29.4210 27.375174 -112.976608 2
-30.3793 27.673068 -115.242066 2
-31.2119 27.833152 -117.379942 2
-31.8873 27.835600 -119.317663 2
-32.4070 27.690745 -121.040988 2
-32.7932 27.425959 -122.570807 2
-33.0696 27.067800 -123.928490 2
-33.2607 26.641744 -125.135411 2
-33.3923 26.172160 -126.212943 2
-33.4910 25.682279 -127.182456 2
-33.5842 25.194171 -128.065327 2
-33.6892 24.720412 -128.893892 2
-33.7874 24.246802 -129.735334 2
-33.8521 23.754857 -130.663749 2
-33.8563 23.227215 -131.753231 2
-33.7718 22.647659 -133.077875 2
-33.5700 22.001139 -134.711777 2
-33.2214 21.273787 -136.729032 2
-32.6972 20.453684 -139.200430 2
-32.0012 19.550420 -142.105055 2
-31.1746 18.595458 -145.320598 2
-30.2616 17.619576 -148.719502 2
-29.3077 16.651633 -152.174214 2
-28.3597 15.718542 -155.557176 2
-27.4653 14.845232 -158.740834 2
-26.6733 14.054627 -161.597632 2
-26.0246 13.363052 -164.022637 2
-25.5039 12.756599 -166.055383 2
-25.0727 12.211090 -167.792224 2
-24.6916 11.704005 -169.329649 2
-24.3203 11.214534 -170.764149 2
-23.9178 10.723599 -172.192213 2
-23.4420 10.213876 -173.710331 2
-22.8506 9.669879 -175.414681 2
-22.1223 9.087002 -177.355730 2
-21.2814 8.479638 -179.490319 2
-20.3582 7.863292 -181.763829 2
-19.3836 7.252161 -184.121640 2
-18.3889 6.659127 -186.509131 2
-17.4060 6.095737 -188.871681 2
-16.4674 5.572193 -191.154672 2
-15.6059 5.097340 -193.303482 2
-14.8546 4.678655 -195.263491 2
-14.2472 4.322234 -196.980080 2
-13.8175 4.032785 -198.398627 2
-13.5999 3.813616 -199.464513 2
-13.6286 3.666630 -200.123117 2
-13.9384 3.592315 -200.319820 2
-14.5641 3.589735 -200.000000 2

-9.6571 13.990726 -22.000000 2
-9.8699 13.980408 -22.288253 2
-10.0312 13.894533 -23.196986 2
-10.1435 13.741455 -24.666291 2
-10.2098 13.529366 -26.636259 2
-10.2333 13.266289 -29.046981 2
-10.2175 12.960066 -31.838549 2
-10.1664 12.618357 -34.951054 2
-10.0840 12.248627 -38.324586 2
-9.9748 11.858140 -41.899237 2
-9.8436 11.453951 -45.615098 2
-9.6953 11.042900 -49.412260 2
-9.5352 10.631604 -53.230815 2
-9.3689 10.226448 -57.010854 2
-9.2022 9.833581 -60.692468 2
-9.0411 9.458909 -64.215747 2
-8.8916 9.107585 -67.524348 2
-8.7555 8.780497 -70.591037 2
-8.6331 8.476511 -73.402796 2
-8.5244 8.194493 -75.946701 2
-8.4294 7.933321 -78.209831 2
-8.3481 7.691888 -80.179262 2
-8.2804 7.469099 -81.842073 2
-8.2262 7.263892 -83.185391 2
-8.1925 7.081314 -84.217589 2
-8.2045 6.941437 -85.001049 2
-8.2912 6.865645 -85.606616 2
-8.4825 6.874115 -86.105131 2
-8.8092 6.985801 -86.567435 2
-9.3029 7.218403 -87.064373 2
-9.9963 7.588348 -87.666785 2
-10.9204 8.109257 -88.442289 2
-12.0679 8.764838 -89.396195 2
-13.3946 9.513652 -90.477456 2
-14.8537 10.315324 -91.632992 2
-16.3965 11.131537 -92.809726 2
-17.9730 11.926080 -93.954579 2
-19.5318 12.664881 -95.014472 2
-21.0198 13.316051 -95.936328 2
-22.3932 13.856362 -96.683666 2
-23.6599 14.296336 -97.303701 2
-24.8450 14.655959 -97.869967 2
-25.9744 14.954095 -98.456009 2
-27.0746 15.208464 -99.135370 2
-28.1728 15.435623 -99.981593 2
-29.2970 15.650948 -101.068224 2
-30.4754 15.868451 -102.468069 2
-31.7140 16.089292 -104.200373 2
-32.9805 16.295448 -106.195451 2
-34.2380 16.468525 -108.375229 2
-35.4491 16.591684 -110.661639 2
-36.5757 16.649659 -112.976608 2
-37.5790 16.628772 -115.242066 2
-38.4195 16.516956 -117.379942 2
-39.0609 16.305384 -119.317663 2
-39.5080 16.003418 -121.040988 2
-39.7905 15.629960 -122.570807 2
-39.9392 15.202721 -123.928490 2
-39.9856 14.738063 -125.135411 2
-39.9617 14.250975 -126.212943 2
-39.9001 13.755065 -127.182456 2
-39.8340 13.262543 -128.065327 2
-39.7836 12.779910 -128.893892 2
-39.7267 12.299601 -129.735334 2
-39.6324 11.812465 -130.663749 2
-39.4692 11.310665 -131.753231 2
-39.2056 10.787686 -133.077875 2
-38.8094 10.238347 -134.711777 2
-38.2484 9.658807 -136.729032 2
-37.4915 9.046906 -139.200430 2
-36.5453 8.410529 -142.105055 2
-35.4588 7.766485 -145.320598 2
-34.2838 7.129940 -148.719502 2
-33.0725 6.513860 -152.174214 2
-31.8778 5.928994 -155.557176 2
-30.7528 5.383863 -158.740834 2
-29.7512 4.884753 -161.597632 2
-28.9169 4.434184 -164.022637 2
-28.2310 4.023837 -166.055383 2
-27.6492 3.642949 -167.792224 2
-27.1272 3.282636 -169.329649 2
-26.6200 2.935918 -170.764149 2
-26.0827 2.597722 -172.192213 2
-25.4700 2.264889 -173.710331 2
-24.7367 1.936191 -175.414681 2
-23.8614 1.613929 -177.355730 2
-22.8714 1.304102 -179.490319 2
-21.8006 1.011822 -181.763829 2
-20.6825 0.740785 -184.121640 2
-19.5512 0.493262 -186.509131 2
-18.4406 0.270102 -188.871681 2
-17.3845 0.070727 -191.154672 2
-16.4169 -0.106865 -193.303482 2
-15.5717 -0.266102 -195.263491 2
-14.8827 -0.411833 -196.980080 2
-14.3835 -0.550331 -198.398627 2
-14.1076 -0.689287 -199.464513 2
-14.0883 -0.837806 -200.123117 2
-14.3586 -1.006403 -200.319820 2
-14.9514 -1.206999 -200.000000 2

-13.5905 10.212618 -22.000000 2
-13.7891 10.135435 -22.288253 2
-13.9149 10.002912 -23.196986 2
-13.9730 9.822147 -24.666291 2
-13.9687 9.599984 -26.636259 2
-13.9076 9.343006 -29.046981 2
-13.7957 9.057529 -31.838549 2
-13.6390 8.749599 -34.951054 2
-13.4438 8.424982 -38.324586 2
-13.2166 8.089162 -41.899237 2
-12.9641 7.747335 -45.615098 2
-12.6933 7.404403 -49.412260 2
-12.4112 7.064967 -53.230815 2
-12.1251 6.733328 -57.010854 2
-11.8426 6.413475 -60.692468 2
-11.5712 6.109087 -64.215747 2
-11.3180 5.823205 -67.524348 2
-11.0854 5.556026 -70.591037 2
-10.8731 5.306442 -73.402796 2
-10.6807 5.073362 -75.946701 2
-10.5078 4.855718 -78.209831 2
-10.3542 4.652466 -80.179262 2
-10.2194 4.462588 -81.842073 2
-10.1031 4.285101 -83.185391 2
-10.0133 4.122596 -84.217589 2
-9.9804 3.986115 -85.001049 2
-10.0386 3.886766 -85.606616 2
-10.2227 3.834221 -86.105131 2
-10.5680 3.836703 -86.567435 2
-11.1100 3.900975 -87.064373 2
-11.8848 4.032327 -87.666785 2
-12.9264 4.233777 -88.442289 2
-14.2224 4.492252 -89.396195 2
-15.7180 4.782397 -90.477456 2
-17.3558 5.080780 -91.632992 2
-19.0777 5.366426 -92.809726 2
-20.8247 5.620838 -93.954579 2
-22.5372 5.828016 -95.014472 2
-24.1548 5.974472 -95.936328 2
-25.6286 6.052068 -96.683666 2
-26.9695 6.068263 -97.303701 2
-28.2075 6.034082 -97.869967 2
-29.3732 5.959239 -98.456009 2
-30.4973 5.852131 -99.135370 2
-31.6109 5.719831 -99.981593 2
-32.7454 5.568076 -101.068224 2
-33.9321 5.401207 -102.468069 2
-35.1769 5.218456 -104.200373 2
-36.4434 5.012972 -106.195451 2
-37.6910 4.778931 -108.375229 2
-38.8788 4.512219 -110.661639 2
-39.9658 4.210442 -112.976608 2
-40.9109 3.872925 -115.242066 2
-41.6727 3.500717 -117.379942 2
-42.2141 3.096903 -119.317663 2
-42.5426 2.668905 -121.040988 2
-42.6922 2.225214 -122.570807 2
-42.6980 1.772871 -123.928490 2
-42.5949 1.317435 -125.135411 2
-42.4180 0.862978 -126.212943 2
-42.2025 0.412082 -127.182456 2
-41.9839 -0.034161 -128.065327 2
-41.7832 -0.475991 -128.893892 2
-41.5771 -0.913563 -129.735334 2
-41.3334 -1.345750 -130.663749 2
-41.0197 -1.770060 -131.753231 2
-40.6040 -2.182633 -133.077875 2
-40.0543 -2.578249 -134.711777 2
-39.3387 -2.950325 -136.729032 2
-38.4269 -3.291043 -139.200430 2
-37.3279 -3.595034 -142.105055 2
-36.0934 -3.861871 -145.320598 2
-34.7772 -4.093560 -148.719502 2
-33.4332 -4.294366 -152.174214 2
-32.1148 -4.470808 -155.557176 2
-30.8751 -4.631651 -158.740834 2
-29.7670 -4.787896 -161.597632 2
-28.8329 -4.951082 -164.022637 2
-28.0523 -5.123086 -166.055383 2
-27.3799 -5.300151 -167.792224 2
-26.7706 -5.476606 -169.329649 2
-26.1798 -5.644884 -170.764149 2
-25.5630 -5.795530 -172.192213 2
-24.8765 -5.917216 -173.710331 2
-24.0768 -5.996784 -175.414681 2
-23.1445 -6.025260 -177.355730 2
-22.1074 -6.005662 -179.490319 2
-20.9990 -5.943791 -181.763829 2
-19.8527 -5.846838 -184.121640 2
-18.7013 -5.723372 -186.509131 2
-17.5771 -5.583334 -188.871681 2
-16.5122 -5.438019 -191.154672 2
-15.5382 -5.300071 -193.303482 2
-14.6861 -5.183469 -195.263491 2
-13.9864 -5.103511 -196.980080 2
-13.4690 -5.076803 -198.398627 2
-13.1633 -5.121244 -199.464513 2
-13.0980 -5.256009 -200.123117 2
-13.3010 -5.501533 -200.319820 2
-13.7997 -5.879499 -200.000000 2

-16.1251 5.383356 -22.000000 2
-16.2891 5.247251 -22.288253 2
-16.3664 5.081720 -23.196986 2
-16.3642 4.891874 -24.666291 2
-16.2898 4.682503 -26.636259 2
-16.1505 4.458074 -29.046981 2
-15.9540 4.222727 -31.838549 2
-15.7078 3.980269 -34.951054 2
-15.4199 3.734177 -38.324586 2
-15.0980 3.487590 -41.899237 2
-14.7503 3.243309 -45.615098 2
-14.3848 3.003792 -49.412260 2
-14.0097 2.771154 -53.230815 2
-13.6334 2.547166 -57.010854 2
-13.2641 2.333248 -60.692468 2
-12.9102 2.130475 -64.215747 2
-12.5796 1.939460 -67.524348 2
-12.2744 1.759690 -70.591037 2
-11.9939 1.590197 -73.402796 2
-11.7376 1.430045 -75.946701 2
-11.5047 1.278329 -78.209831 2
-11.2947 1.134179 -80.179262 2
-11.1067 0.996756 -81.842073 2
-10.9401 0.865258 -83.185391 2
-10.8034 0.739552 -84.217589 2
-10.7290 0.620514 -85.001049 2
-10.7528 0.507834 -85.606616 2
-10.9108 0.399682 -86.105131 2
-11.2391 0.292705 -86.567435 2
-11.7736 0.182031 -87.064373 2
-12.5501 0.061270 -87.666785 2
-13.6018 -0.077473 -88.442289 2
-14.9130 -0.242708 -89.396195 2
-16.4235 -0.441097 -90.477456 2
-18.0715 -0.676714 -91.632992 2
-19.7952 -0.951035 -92.809726 2
-21.5329 -1.262939 -93.954579 2
-23.2229 -1.608711 -95.014472 2
-24.8036 -1.982043 -95.936328 2
-26.2261 -2.375148 -96.683666 2
-27.5031 -2.784398 -97.303701 2
-28.6666 -3.208866 -97.869967 2
-29.7486 -3.648985 -98.456009 2
-30.7809 -4.106544 -99.135370 2
-31.7954 -4.584687 -99.981593 2
-32.8235 -5.087902 -101.068224 2
-33.8962 -5.621968 -102.468069 2
-35.0191 -6.189500 -104.200373 2
-36.1553 -6.785474 -106.195451 2
-37.2646 -7.402545 -108.375229 2
-38.3069 -8.031676 -110.661639 2
-39.2424 -8.662143 -112.976608 2
-40.0319 -9.281551 -115.242066 2
-40.6366 -9.875841 -117.379942 2
-41.0223 -10.430334 -119.317663 2
-41.1983 -10.940311 -121.040988 2
-41.1998 -11.408567 -122.570807 2
-41.0620 -11.839456 -123.928490 2
-40.8200 -12.238792 -125.135411 2
-40.5083 -12.613843 -126.212943 2
-40.1611 -12.973316 -127.182456 2
-39.8124 -13.327349 -128.065327 2
-39.4822 -13.682900 -128.893892 2
-39.1481 -14.032696 -129.735334 2
-38.7801 -14.365451 -130.663749 2
-38.3482 -14.668597 -131.753231 2
-37.8232 -14.928300 -133.077875 2
-37.1765 -15.129473 -134.711777 2
-36.3799 -15.255789 -136.729032 2
-35.4072 -15.290255 -139.200430 2
-34.2684 -15.230570 -142.105055 2
-33.0129 -15.092735 -145.320598 2
-31.6912 -14.895722 -148.719502 2
-30.3527 -14.660586 -152.174214 2
-29.0463 -14.410443 -155.557176 2
-27.8195 -14.170442 -158.740834 2
-26.7189 -13.967740 -161.597632 2
-25.7812 -13.826747 -164.022637 2
-24.9863 -13.742705 -166.055383 2
-24.2924 -13.697721 -167.792224 2
-23.6586 -13.672156 -169.329649 2
-23.0449 -13.644674 -170.764149 2
-22.4122 -13.592266 -172.192213 2
-21.7225 -13.490279 -173.710331 2
-20.9388 -13.312527 -175.414681 2
-20.0454 -13.044287 -177.355730 2
-19.0678 -12.697281 -179.490319 2
-18.0361 -12.287627 -181.763829 2
-16.9795 -11.832663 -184.121640 2
-15.9264 -11.350917 -186.509131 2
-14.9044 -10.862093 -188.871681 2
-13.9404 -10.387045 -191.154672 2
-13.0602 -9.947756 -193.303482 2
-12.2888 -9.567317 -195.263491 2
-11.6505 -9.269900 -196.980080 2
-11.1682 -9.080735 -198.398627 2
-10.8641 -9.026086 -199.464513 2
-10.7595 -9.133226 -200.123117 2
-10.8743 -9.430407 -200.319820 2
-11.2277 -9.946840 -200.000000 2

-17.0000 0.000000 -22.000000 2
-17.1124 -0.181018 -22.288253 2
-17.1333 -0.362519 -23.196986 2
-17.0712 -0.541906 -24.666291 2
-16.9343 -0.716934 -26.636259 2
-16.7311 -0.885714 -29.046981 2
-16.4701 -1.046709 -31.838549 2
-16.1599 -1.198738 -34.951054 2
-15.8088 -1.340975 -38.324586 2
-15.4254 -1.472949 -41.899237 2
-15.0182 -1.594542 -45.615098 2
-14.5957 -1.705991 -49.412260 2
-14.1663 -1.807886 -53.230815 2
-13.7383 -1.901169 -57.010854 2
-13.3203 -1.987133 -60.692468 2
-12.9205 -2.067421 -64.215747 2
-12.5464 -2.143908 -67.524348 2
-12.1999 -2.217766 -70.591037 2
-11.8802 -2.289723 -73.402796 2
-11.5864 -2.360463 -75.946701 2
-11.3175 -2.430634 -78.209831 2
-11.0726 -2.500846 -80.179262 2
-10.8507 -2.571670 -81.842073 2
-10.6511 -2.643645 -83.185391 2
-10.4817 -2.719613 -84.217589 2
-10.3734 -2.808955 -85.001049 2
-10.3602 -2.923368 -85.606616 2
-10.4759 -3.075996 -86.105131 2
-10.7534 -3.281421 -86.567435 2
-11.2253 -3.555649 -87.064373 2
-11.9236 -3.916092 -87.666785 2
-12.8773 -4.380749 -88.442289 2
-14.0687 -4.952686 -89.396195 2
-15.4386 -5.619190 -90.477456 2
-16.9272 -6.364556 -91.632992 2
-18.4753 -7.170609 -92.809726 2
-20.0248 -8.016726 -93.954579 2
-21.5183 -8.879857 -95.014472 2
-22.8995 -9.734551 -95.936328 2
-24.1243 -10.557897 -96.683666 2
-25.2060 -11.350469 -97.303701 2
-26.1752 -12.121534 -97.869967 2
-27.0621 -12.881629 -98.456009 2
-27.8964 -13.642546 -99.135370 2
-28.7072 -14.417316 -99.981593 2
-29.5231 -15.220197 -101.068224 2
-30.3715 -16.066490 -102.468069 2
-31.2569 -16.960390 -104.200373 2
-32.1459 -17.885511 -106.195451 2
-33.0027 -18.822099 -108.375229 2
-33.7921 -19.748893 -110.661639 2
-34.4798 -20.643159 -112.976608 2
-35.0325 -21.480704 -115.242066 2
-35.4179 -22.235906 -117.379942 2
-35.6082 -22.884007 -119.317663 2
-35.6137 -23.423472 -121.040988 2
-35.4668 -23.868097 -122.570807 2
-35.1996 -24.233182 -123.928490 2
-34.8436 -24.535316 -125.135411 2
-34.4292 -24.792357 -126.212943 2
-33.9861 -25.023407 -127.182456 2
-33.5432 -25.248791 -128.065327 2
-33.1173 -25.481467 -128.893892 2
-32.6897 -25.707484 -129.735334 2
-32.2352 -25.906557 -130.663749 2
-31.7296 -26.057338 -131.753231 2
-31.1494 -26.137440 -133.077875 2
-30.4722 -26.123464 -134.711777 2
-29.6766 -25.991019 -136.729032 2
-28.7431 -25.715685 -139.200430 2
-27.6818 -25.298468 -142.105055 2
-26.5346 -24.770148 -145.320598 2
-25.3432 -24.164710 -148.719502 2
-24.1481 -23.517834 -152.174214 2
-22.9881 -22.866852 -155.557176 2
-21.9004 -22.250711 -158.740834 2
-20.9207 -21.709924 -161.597632 2
-20.0760 -21.279265 -164.022637 2
-19.3486 -20.947827 -166.055383 2
-18.7046 -20.685425 -167.792224 2
-18.1115 -20.460471 -169.329649 2
-17.5381 -20.240057 -170.764149 2
-16.9546 -19.989989 -172.192213 2
-16.3326 -19.674827 -173.710331 2
-15.6455 -19.258051 -175.414681 2
-14.8830 -18.720703 -177.355730 2
-14.0657 -18.082004 -179.490319 2
-13.2168 -17.366733 -181.763829 2
-12.3587 -16.600586 -184.121640 2
-11.5123 -15.810145 -186.509131 2
-10.6977 -15.022848 -188.871681 2
-9.9337 -14.266962 -191.154672 2
-9.2379 -13.571547 -193.303482 2
-8.6267 -12.966428 -195.263491 2
-8.1154 -12.482164 -196.980080 2
-7.7178 -12.150012 -198.398627 2
-7.4468 -12.001899 -199.464513 2
-7.3136 -12.070386 -200.123117 2
-7.3284 -12.388637 -200.319820 2
-7.5000 -12.990381 -200.000000 2

